/*--------------------------------*- C++ -*----------------------------------*\
  =========                 |
  \\      /  F ield         | OpenFOAM: The Open Source CFD Toolbox
   \\    /   O peration     | Website:  https://openfoam.org
    \\  /    A nd           | Version:  6
     \\/     M anipulation  |
\*---------------------------------------------------------------------------*/
FoamFile
{
    version     2.0;
    format      ascii;
    class       pointVectorField;
    location    "0.299855";
    object      u;
}
// * * * * * * * * * * * * * * * * * * * * * * * * * * * * * * * * * * * * * //

dimensions      [0 1 0 0 0 0 0];

internalField   nonuniform List<vector> 
625
(
(0 0 0)
(0 0 0)
(0.76508353 0.043693083 0.003455096)
(0.74730037 -0.14371854 0.0033661245)
(0 0 0)
(0 0 0)
(0.74727059 -0.14510368 0.00277511)
(0.76497447 0.042021972 0.0032426486)
(0 0 0)
(0 0 0)
(0 0 0)
(0.76027937 -0.0039540061 0.0025403252)
(0.75545119 -0.049783842 0.00337551)
(0.75136232 -0.095794061 0.0031673527)
(0.0018356335 0.007054447 0.0063475409)
(0.0064997464 0.014468059 0.0068931189)
(0.015982665 0.022064097 0.0067986727)
(0.029323969 0.029272415 0.0063701149)
(0.046306972 0.035830685 0.0058274502)
(0.06691696 0.041932838 0.0052887724)
(0.090555358 0.047110712 0.0046317175)
(0.11710114 0.051713657 0.0041933353)
(0.14629452 0.055353371 0.0037266132)
(0.1777843 0.058288418 0.0033185421)
(0.21122212 0.06052403 0.0030557061)
(0.24655397 0.061963475 0.0027507866)
(0.28338568 0.062932699 0.0026959979)
(0.32167595 0.06327033 0.0026190482)
(0.36124458 0.063200449 0.0026712412)
(0.40203472 0.062645985 0.0027699482)
(0.44403407 0.061861103 0.0028164015)
(0.48695704 0.060577738 0.0031324762)
(0.53121222 0.058929378 0.0031776618)
(0.57622303 0.056969993 0.0034064986)
(0.62232097 0.054506717 0.0035794607)
(0.66911032 0.051831997 0.0036791598)
(0.71630615 0.048172118 0.0039929074)
(-0.00061617897 -0.0060589332 -0.0077752528)
(0.0051937375 -0.012615189 -0.0073757814)
(0.014017647 -0.020186394 -0.0080209361)
(0.026762957 -0.027157133 -0.0077584808)
(0.0428134 -0.034092535 -0.0076319681)
(0.062661925 -0.040936912 -0.007340614)
(0.08508368 -0.04746808 -0.0070392815)
(0.11076036 -0.053803741 -0.0065214661)
(0.1388563 -0.060044319 -0.0060705327)
(0.16931102 -0.065925277 -0.0054704271)
(0.20180634 -0.071734104 -0.0049114356)
(0.23620492 -0.077384713 -0.0042073576)
(0.27215882 -0.082961631 -0.0036568555)
(0.30957673 -0.088429421 -0.0030606711)
(0.34837775 -0.093948135 -0.0025069015)
(0.3883537 -0.099422317 -0.0019879646)
(0.42963245 -0.10503777 -0.001436625)
(0.47183295 -0.11066701 -0.0010336646)
(0.51540744 -0.11633948 -0.00040986276)
(0.55974737 -0.12206843 0.00010622848)
(0.60536072 -0.12783525 0.00079662148)
(0.65174725 -0.13335663 0.0014492505)
(0.69894118 -0.13869277 0.0021694672)
(0 0 0)
(0 0 0)
(0 0 0)
(0.0012942762 -0.0034831079 0.0054002794)
(0.0062853857 -0.014592044 0.0063734262)
(0.015150739 -0.019075924 0.0050829013)
(0.028162031 -0.026952455 0.0043738301)
(0.044679978 -0.034381754 0.0041173756)
(0.063955559 -0.040461359 0.0030407423)
(0.086816901 -0.047813291 0.0027937993)
(0.11220973 -0.054186628 0.0022630349)
(0.14015636 -0.060513358 0.0018850648)
(0.17049282 -0.066662568 0.001605296)
(0.20282657 -0.072647986 0.0014147683)
(0.23695969 -0.078382149 0.0014216439)
(0.27276526 -0.084131073 0.0014331978)
(0.31002659 -0.089669357 0.0015524398)
(0.34862481 -0.095231719 0.0017399694)
(0.38850209 -0.10083679 0.0019996227)
(0.42957358 -0.1064119 0.0022415118)
(0.47181488 -0.11209716 0.0025085029)
(0.51515222 -0.11783163 0.0027885349)
(0.55962268 -0.12355522 0.0029682762)
(0.60506092 -0.12933756 0.0031594442)
(0.65159191 -0.13477798 0.0031944392)
(0.69871137 -0.14037347 0.0032226666)
(0.75153265 -0.097280371 0.0028661878)
(0.75525009 -0.051500158 0.0032333523)
(0.76008986 -0.0059882182 0.0038292833)
(0.71640395 0.046637275 0.0018995686)
(0.66874432 0.050033323 0.0012104461)
(0.62215075 0.052753623 0.00064906906)
(0.57594082 0.055439548 -7.9049557e-05)
(0.53091406 0.057400697 -0.00057602495)
(0.48686124 0.059084141 -0.0011227836)
(0.44391703 0.060365084 -0.0015302624)
(0.40207548 0.061308696 -0.002007412)
(0.3614146 0.061861971 -0.0024093645)
(0.3219578 0.062048782 -0.0028528152)
(0.28385098 0.061727758 -0.0033102161)
(0.24705632 0.061022799 -0.0038613584)
(0.21197893 0.059585651 -0.0041814932)
(0.17859261 0.057575648 -0.00471333)
(0.14723917 0.054841991 -0.0051539579)
(0.11815434 0.051356961 -0.005582796)
(0.091680127 0.047104954 -0.0059442021)
(0.067864478 0.041994319 -0.0061425962)
(0.047784991 0.036016469 -0.0064640383)
(0.030399167 0.029424774 -0.0064610184)
(0.017033604 0.022462531 -0.0069459019)
(0.0074299493 0.014522695 -0.0064990114)
(0.0042172939 0.007064298 -0.004845052)
(0 0 0)
(0 0 0)
(0 0 0)
(0 0 0)
(0 0 0)
(0 0 0)
(0.74725057 -0.14433413 0.0029087667)
(0.74741247 -0.14482339 0.0032297273)
(0.74724423 -0.14530648 0.002958815)
(0.76549806 0.04375973 0.0034017766)
(0.76536982 0.04313523 0.0033062718)
(0.76543959 0.042997991 0.0031747208)
(-0.0012400558 0.0040003863 0.0043906877)
(0.0037525351 0.0077729023 0.0035672539)
(0.012891508 0.011647211 0.0034751867)
(0.026150162 0.015172207 0.0030871391)
(0.043057796 0.018405061 0.0026855227)
(0.06348396 0.021233527 0.0022911191)
(0.087107423 0.023471091 0.0019517973)
(0.11358162 0.025267648 0.0016657931)
(0.14267781 0.026469062 0.0013733533)
(0.1740192 0.027211773 0.0012293006)
(0.20737547 0.02745457 0.0010988008)
(0.24265288 0.027168251 0.0011243258)
(0.27937856 0.02651937 0.0011519207)
(0.31757547 0.025435017 0.0012449948)
(0.35702226 0.024016853 0.0014395789)
(0.39771321 0.022283063 0.0015807148)
(0.43950084 0.020201953 0.0018686502)
(0.48240961 0.017907355 0.0020885273)
(0.5265679 0.015189836 0.0022780787)
(0.57147449 0.012152386 0.0026165248)
(0.61759133 0.0088153369 0.0027202518)
(0.66433981 0.005191242 0.0028685487)
(0.71196495 0.00052165738 0.0031012065)
(-0.0026727019 0.00069817872 8.7155229e-05)
(0.0026985704 0.00065865399 -0.00054369795)
(0.011963575 0.0012279876 -0.00050157627)
(0.024907512 0.0012823282 -0.00078967824)
(0.041818327 0.0010629884 -0.00091859044)
(0.062059278 0.00075685458 -0.001046666)
(0.085374423 6.3869849e-05 -0.0011707442)
(0.11166426 -0.00081300687 -0.0012191648)
(0.14048863 -0.0020529464 -0.0012296978)
(0.17169539 -0.003591294 -0.0010464241)
(0.20480737 -0.0053398184 -0.0010280825)
(0.23984877 -0.0074931891 -0.00074046471)
(0.27636084 -0.0098123806 -0.00055305863)
(0.31437265 -0.012365301 -0.00026652706)
(0.35364235 -0.015215603 4.8411145e-05)
(0.39414222 -0.018171164 0.0002876103)
(0.43581679 -0.021507484 0.0007356974)
(0.47855309 -0.024830936 0.00092841167)
(0.52234911 -0.028587759 0.001396995)
(0.56713888 -0.032463272 0.0017921257)
(0.61314413 -0.036545941 0.0020643583)
(0.65993383 -0.040946811 0.0026271887)
(0.70778819 -0.045305662 0.0028954182)
(-0.0029296817 -0.0029592367 -0.0031408623)
(0.0026873225 -0.005646486 -0.0034719879)
(0.011610958 -0.0088302409 -0.0038204044)
(0.024646649 -0.012191781 -0.0038731272)
(0.041288478 -0.015743986 -0.0039797452)
(0.061183506 -0.019136586 -0.0039298984)
(0.084392339 -0.02274983 -0.0038861151)
(0.11034837 -0.026320168 -0.0036860769)
(0.13897121 -0.030055212 -0.0034341397)
(0.16980689 -0.033851117 -0.0031434684)
(0.20277463 -0.037664737 -0.0028259893)
(0.23753671 -0.041646258 -0.0023989808)
(0.27382145 -0.045637525 -0.0020310905)
(0.31160923 -0.049775871 -0.0015838247)
(0.35061436 -0.053979668 -0.001186053)
(0.39094463 -0.058311148 -0.00075343865)
(0.43231269 -0.062758245 -0.000331232)
(0.4749106 -0.067247191 6.535746e-05)
(0.51858127 -0.071954438 0.0005438916)
(0.56340493 -0.076605608 0.00091110793)
(0.60922576 -0.081553254 0.0014226597)
(0.65590405 -0.086263507 0.0019011383)
(0.70343478 -0.091129017 0.0025172543)
(0 0 0)
(0 0 0)
(0 0 0)
(0 0 0)
(0 0 0)
(0 0 0)
(0 0 0)
(0 0 0)
(0 0 0)
(0.0024066991 -0.0023552001 -0.0031491371)
(0.0031366755 -0.0031741385 -0.00090413602)
(0.0028680725 -0.0025855647 0.0018241612)
(0.0086923222 -0.013534784 -0.004218628)
(0.0091820871 -0.013792399 -0.0010237087)
(0.0092169643 -0.013447313 0.0028314598)
(0.017079081 -0.019959544 -0.0043824948)
(0.018007508 -0.019631639 -0.0012779345)
(0.0179167 -0.019848993 0.0023161489)
(0.029670939 -0.027394261 -0.0044378036)
(0.030798731 -0.027472934 -0.0014958178)
(0.0301938 -0.027002178 0.0016569268)
(0.045998001 -0.03459104 -0.0045418289)
(0.046694181 -0.034473828 -0.0019283971)
(0.046699836 -0.034564648 0.0013678121)
(0.065142913 -0.041364226 -0.0045503616)
(0.066162245 -0.041134889 -0.0017870833)
(0.066012045 -0.0412123 0.00079113821)
(0.087710294 -0.047944453 -0.0043363317)
(0.088596214 -0.048220419 -0.0022414839)
(0.088298079 -0.047692183 0.00062251613)
(0.11303091 -0.054530426 -0.004223725)
(0.11375071 -0.054237041 -0.0020780814)
(0.11376138 -0.054553077 0.00030062947)
(0.14089715 -0.060572565 -0.0038769588)
(0.1416445 -0.060734563 -0.0020956891)
(0.14156097 -0.06074468 0.0001291635)
(0.17111217 -0.066608316 -0.0035661311)
(0.17176439 -0.066688444 -0.0019332736)
(0.17170531 -0.06678484 4.9731743e-05)
(0.20339064 -0.072428532 -0.0032151508)
(0.20403431 -0.072559442 -0.0016851144)
(0.20395513 -0.072725646 1.828907e-05)
(0.23761977 -0.078182794 -0.0026776891)
(0.2380357 -0.078203147 -0.001566255)
(0.23800382 -0.078323972 0.00019649801)
(0.2733759 -0.083567359 -0.0022990369)
(0.27382052 -0.08376324 -0.0011030463)
(0.27372701 -0.084088647 0.00031104399)
(0.31072949 -0.089144292 -0.0017769313)
(0.31102583 -0.089355594 -0.00080109632)
(0.31096859 -0.089582812 0.00053168566)
(0.34934439 -0.094576379 -0.0013523016)
(0.34963423 -0.094811435 -0.00044049945)
(0.34952425 -0.095061836 0.0008107356)
(0.38930362 -0.10009659 -0.00089981926)
(0.38949061 -0.10034893 -3.8048843e-05)
(0.38939074 -0.10063934 0.0011164775)
(0.43037341 -0.1056306 -0.0004330873)
(0.43056194 -0.10592065 0.00032757174)
(0.43042599 -0.10622769 0.0014287302)
(0.47262516 -0.11117082 -5.4869697e-05)
(0.47278308 -0.11160369 0.00071677414)
(0.4726381 -0.11187566 0.0017389031)
(0.51596765 -0.11699057 0.00047411668)
(0.51610175 -0.1172804 0.0011424258)
(0.51593319 -0.11760273 0.0020786079)
(0.56036763 -0.1225865 0.00086990781)
(0.56048867 -0.12302633 0.0015174859)
(0.56031206 -0.12335149 0.0023388959)
(0.60577373 -0.12837117 0.0013812032)
(0.60584367 -0.12876994 0.0019893124)
(0.60565014 -0.1290597 0.002614713)
(0.65205218 -0.13387206 0.0018838123)
(0.65218182 -0.13430242 0.0023291371)
(0.65207305 -0.13474836 0.0027627369)
(0.69913956 -0.13939271 0.002440088)
(0.69911111 -0.13976171 0.0026410992)
(0.69905555 -0.14008562 0.0029348403)
(0.76076222 -0.004045811 0.0032310315)
(0.76061672 -0.0044378143 0.0032843394)
(0.76064077 -0.0048660884 0.0034315325)
(0.755318 -0.050262254 0.0033978297)
(0.7556386 -0.050655994 0.0032273696)
(0.75528662 -0.051152255 0.0031840966)
(0.75158212 -0.096478874 0.0030535794)
(0.75176509 -0.096872255 0.0030676308)
(0.75149286 -0.097151616 0.0030733441)
(0.0047503588 0.0059246348 0.0031921062)
(0.0053214267 0.0062849967 0.00072076036)
(0.0056129707 0.0064548757 -0.0015933353)
(0.0098605135 0.013871301 0.0033693756)
(0.010077813 0.014282233 0.00044352951)
(0.010325978 0.01401788 -0.0035401282)
(0.019160704 0.021918436 0.0035389742)
(0.019697068 0.022124793 0.00011835359)
(0.019828366 0.022350485 -0.0035439775)
(0.03219589 0.029122458 0.0030658808)
(0.033043287 0.029225444 -8.8319133e-05)
(0.032929566 0.029289237 -0.0036353857)
(0.04926749 0.035858492 0.0026921716)
(0.049906726 0.036020131 -0.00023942802)
(0.049692849 0.036242437 -0.0035285676)
(0.069390604 0.042021251 0.0023659292)
(0.070190724 0.041797835 -0.000403135)
(0.070253131 0.041898872 -0.0036195259)
(0.093092483 0.047104541 0.0019003362)
(0.09364173 0.047106324 -0.00049405815)
(0.093630658 0.04700142 -0.0035376592)
(0.11943332 0.051568932 0.0016397424)
(0.11992067 0.05149183 -0.00065427458)
(0.119941 0.051450933 -0.003424182)
(0.14840342 0.055223234 0.0013770321)
(0.14885388 0.055081951 -0.00073440486)
(0.14887471 0.054971452 -0.0031713835)
(0.17962685 0.058124456 0.0012083561)
(0.18007524 0.057938194 -0.00068438205)
(0.18001689 0.057774312 -0.0029539672)
(0.21285558 0.060362037 0.0012141098)
(0.21333232 0.060006862 -0.00076328168)
(0.21330954 0.059738281 -0.002545327)
(0.2480884 0.061762245 0.0010129476)
(0.2483361 0.061370831 -0.00029473615)
(0.24823658 0.061183896 -0.0024485406)
(0.28473154 0.062620972 0.0011139383)
(0.28498011 0.062238084 -0.00037084345)
(0.28490373 0.062106726 -0.0019986671)
(0.32289152 0.06296943 0.0011542557)
(0.32308106 0.062570552 -8.8170606e-05)
(0.32302078 0.062294841 -0.0016370485)
(0.36233443 0.06284832 0.00134413)
(0.36250627 0.062446532 0.00014406483)
(0.36238547 0.062138414 -0.0012872152)
(0.40304434 0.062343484 0.0014836997)
(0.40315716 0.061841614 0.00039932305)
(0.40302742 0.061599528 -0.0009521517)
(0.44490923 0.061355358 0.0017359656)
(0.44493556 0.061052491 0.00071405593)
(0.44484475 0.06066243 -0.00053630925)
(0.48775754 0.060170972 0.0019731144)
(0.48795562 0.05971076 0.00099382835)
(0.4877611 0.059379354 -0.00020140537)
(0.53192112 0.058567764 0.0021914729)
(0.53193443 0.058104475 0.0013591466)
(0.53174464 0.057782729 0.00027443956)
(0.57683707 0.056563732 0.0025044417)
(0.57690183 0.056255631 0.0016768961)
(0.57674522 0.055798837 0.0006711185)
(0.62290162 0.054307018 0.0027200562)
(0.62298164 0.05369073 0.0019924382)
(0.62271451 0.053387101 0.0012927243)
(0.66954052 0.051181943 0.0029273894)
(0.66961524 0.050860858 0.0024686344)
(0.66941913 0.050506874 0.0018328863)
(0.71715102 0.048279657 0.0034413526)
(0.71695428 0.047628642 0.0028977554)
(0.71704574 0.047262096 0.0026331129)
(-3.4459175e-06 0.0024002721 -0.0034146554)
(0.0048605017 0.0094213412 -0.0039399936)
(0.013819322 0.011878387 -0.0034935692)
(0.027378711 0.015767112 -0.0037872149)
(0.04442235 0.018894214 -0.00391171)
(0.06475489 0.021453861 -0.0035958703)
(0.088313417 0.023552486 -0.0036897242)
(0.11467798 0.02510349 -0.0035089291)
(0.14369116 0.026047187 -0.0032911997)
(0.17489687 0.026567255 -0.0030291923)
(0.20822307 0.026617147 -0.0027793997)
(0.24321446 0.026264854 -0.0023925282)
(0.27983502 0.02536434 -0.0021391317)
(0.31786854 0.024193208 -0.0016815571)
(0.35721654 0.022750105 -0.0013701111)
(0.39773999 0.020920923 -0.00096660252)
(0.43946396 0.018804061 -0.00056407685)
(0.48229546 0.016391963 -0.00015940736)
(0.52620571 0.01367341 0.00030165863)
(0.57119753 0.010541122 0.00075399768)
(0.61720259 0.0070665125 0.0013108326)
(0.66395872 0.0032840688 0.0019352015)
(0.71170956 -0.0012260604 0.0026992056)
(-0.0025093983 0.0014989324 -0.00017267905)
(0.0035300811 0.0022431103 -0.00051935628)
(0.012845839 0.0014738291 -0.00063021858)
(0.026546376 0.0019026446 -0.0011425946)
(0.043124392 0.0015332311 -0.0012737694)
(0.063523884 0.00094631134 -0.0014982231)
(0.086793193 0.00010868246 -0.0016002541)
(0.11300895 -0.0010214544 -0.0016464279)
(0.14173071 -0.002507681 -0.001668877)
(0.17275365 -0.0041769011 -0.00155351)
(0.20578208 -0.006247583 -0.001428479)
(0.24056289 -0.0084058953 -0.0012172158)
(0.27695167 -0.010950154 -0.00096013628)
(0.31478657 -0.013582572 -0.0006388761)
(0.35390782 -0.016442468 -0.00037290755)
(0.39428167 -0.019575672 -3.9664239e-06)
(0.43580501 -0.022822149 0.00035189827)
(0.47848895 -0.026322099 0.0006878862)
(0.52229668 -0.030044603 0.0011013873)
(0.56714486 -0.034007022 0.0014256507)
(0.61313871 -0.03801596 0.0019332024)
(0.65982751 -0.042468658 0.0022255444)
(0.70808458 -0.047026448 0.0026561986)
(-0.0026343742 -0.0023023898 0.002399584)
(0.0042414976 -0.0041935749 0.0018998741)
(0.013242874 -0.0090387234 0.0027460656)
(0.026149289 -0.011112177 0.001598108)
(0.042874621 -0.015201727 0.0016879191)
(0.062953847 -0.018843477 0.0011262808)
(0.085916107 -0.022543251 0.00091646712)
(0.11183067 -0.02634764 0.00057142989)
(0.14031907 -0.03037061 0.00044192407)
(0.17101327 -0.034343232 0.00032592171)
(0.20378332 -0.038412313 0.00026584906)
(0.23828037 -0.042588263 0.00035915139)
(0.2744295 -0.046652557 0.00043403867)
(0.31203493 -0.050971861 0.00062058605)
(0.35088744 -0.055224369 0.00083754005)
(0.39104667 -0.059613959 0.0011069667)
(0.43237774 -0.064087195 0.0013994489)
(0.47485692 -0.06865551 0.0016763791)
(0.51846439 -0.073366149 0.0019998674)
(0.56319802 -0.078105019 0.0023045143)
(0.60889202 -0.082920299 0.0025844837)
(0.65576658 -0.087824132 0.0027170644)
(0.70318849 -0.092453635 0.0030867383)
(0.00086331204 0.0019992721 0.0018939208)
(0.0010183279 0.0023025967 0.00052781993)
(0.0014645335 0.0022790164 -0.0010184881)
(0.0065791138 0.0078853715 0.0017237411)
(0.0074190956 0.0079997025 -0.00019737842)
(0.0072283589 0.007939679 -0.0024731064)
(0.015853441 0.011632443 0.0014389811)
(0.016533169 0.011394966 -0.00041610194)
(0.016497777 0.011812113 -0.002199585)
(0.029014647 0.015227036 0.0010721104)
(0.029942217 0.015572877 -0.00065220613)
(0.029671642 0.015398323 -0.0023476461)
(0.045906628 0.018621299 0.00078150245)
(0.046689399 0.018551905 -0.00079670156)
(0.046624297 0.018571774 -0.0023622078)
(0.066180625 0.021189451 0.00045374944)
(0.06690285 0.0213232 -0.00098131724)
(0.066872093 0.021291468 -0.0025726658)
(0.089558448 0.023502669 0.00032996977)
(0.090340875 0.023510618 -0.0011905233)
(0.090227396 0.023390938 -0.0024869369)
(0.11585805 0.025224053 7.2905337e-05)
(0.11648898 0.025163624 -0.001159434)
(0.11642719 0.025039032 -0.0024847016)
(0.14477268 0.026373801 -1.9097402e-05)
(0.14529222 0.026286935 -0.0012134833)
(0.14529424 0.026128174 -0.0023429462)
(0.17588761 0.027121154 -8.1798079e-05)
(0.17641257 0.026896891 -0.001128573)
(0.17635855 0.026601662 -0.0021518064)
(0.20915937 0.0271975 -0.00012079863)
(0.20955037 0.026886239 -0.00097624841)
(0.20952212 0.026788394 -0.0018829283)
(0.24414388 0.026881162 6.3332601e-05)
(0.24454096 0.026662228 -0.00083339315)
(0.24440568 0.026314812 -0.0017089483)
(0.28075841 0.026177578 0.00017837731)
(0.28099595 0.025874835 -0.00065487384)
(0.280978 0.025652843 -0.0014015561)
(0.31878116 0.025053836 0.00036936273)
(0.31901774 0.024808614 -0.00036074991)
(0.31894724 0.024400369 -0.001075577)
(0.35812192 0.023644881 0.00059435062)
(0.35830407 0.023256145 -9.0343871e-05)
(0.35819213 0.022968952 -0.00074749717)
(0.39869947 0.02183169 0.00087195758)
(0.39883103 0.021544269 0.0001831814)
(0.39872611 0.021167822 -0.00039973193)
(0.44045084 0.019816752 0.0010729163)
(0.44048794 0.019444198 0.00054093345)
(0.44038591 0.019057093 -5.673561e-05)
(0.48315616 0.017444868 0.0014643307)
(0.48336419 0.016997952 0.00083298147)
(0.48317887 0.016652322 0.00033044543)
(0.52718772 0.014743897 0.0016969413)
(0.52724388 0.014428875 0.0012151083)
(0.52703763 0.014016544 0.00071895129)
(0.57198967 0.01180636 0.0020300246)
(0.57208442 0.011347692 0.0015847879)
(0.57193283 0.010919601 0.0011074442)
(0.61797993 0.0084814107 0.0022535924)
(0.61810382 0.0079429008 0.0019554789)
(0.61788816 0.0075756722 0.001628746)
(0.66472407 0.0046760698 0.0025486537)
(0.66472226 0.0043678538 0.0025399144)
(0.66451119 0.0039214166 0.0021029969)
(0.71219309 0.00039175855 0.0029672067)
(0.71215052 -6.4945445e-05 0.0028960071)
(0.71213767 -0.00052177193 0.0028839646)
(-0.00084605659 0.00033312161 -0.00020362914)
(-0.00050108887 0.00089522771 -0.00030085245)
(-0.00020949021 0.0007229842 2.8823531e-05)
(0.0052902065 0.0010661103 -0.00076176617)
(0.0060928877 0.0012641571 -0.00068072338)
(0.0058788497 0.001320728 -0.00079536691)
(0.014723629 0.0011578657 -0.0010009661)
(0.015607103 0.0012029398 -0.00062244859)
(0.015242284 0.0014956934 -0.00082298374)
(0.027778882 0.0012465682 -0.0011426283)
(0.028901352 0.0013713853 -0.00094851984)
(0.028461081 0.001332179 -0.0011304032)
(0.044499853 0.0010882017 -0.001358981)
(0.045543861 0.00099191411 -0.0010210853)
(0.045141359 0.0012473511 -0.0014695796)
(0.064524396 0.00067513061 -0.0014912736)
(0.065579694 0.0006164658 -0.0012739833)
(0.065188315 0.00066519984 -0.0015634255)
(0.08773553 1.7786596e-05 -0.0016375069)
(0.088720684 -0.00025719536 -0.0013568111)
(0.088378664 -9.8467875e-05 -0.0016506259)
(0.11381954 -0.0010058299 -0.0016665123)
(0.11471984 -0.0011954734 -0.0013767684)
(0.1143456 -0.0011763519 -0.0017504035)
(0.1424506 -0.0022457471 -0.0016167616)
(0.14323355 -0.0025908578 -0.0013926264)
(0.14300953 -0.0026327734 -0.0017180404)
(0.17335045 -0.0038353554 -0.0015182224)
(0.17418104 -0.0042444454 -0.0012371691)
(0.17381183 -0.0041862375 -0.0016188482)
(0.20646256 -0.0057238952 -0.0013209637)
(0.20697919 -0.0060454661 -0.0011381583)
(0.20680392 -0.0061988728 -0.0015124517)
(0.24120063 -0.0078129526 -0.0010787484)
(0.24175658 -0.0082862118 -0.00095654109)
(0.24148414 -0.0083176985 -0.0012326362)
(0.27762589 -0.010163086 -0.00089320964)
(0.27806351 -0.010574936 -0.00066972718)
(0.27781453 -0.010770041 -0.0010142855)
(0.31545399 -0.012764287 -0.00056136758)
(0.31585992 -0.013281139 -0.00040915004)
(0.31558405 -0.013424622 -0.00066703595)
(0.35463243 -0.015582774 -0.00024733461)
(0.35491967 -0.016059797 -6.1827893e-05)
(0.35470771 -0.016247027 -0.00039179889)
(0.39500748 -0.018633074 6.1937012e-05)
(0.39532003 -0.019108785 0.0001871257)
(0.39501168 -0.019322037 -3.8243997e-05)
(0.43657167 -0.021888836 0.0004539177)
(0.43676913 -0.022380774 0.00061600036)
(0.43654508 -0.022628975 0.00034741434)
(0.47925132 -0.025385744 0.00078891104)
(0.47946684 -0.025813141 0.00089797769)
(0.4791902 -0.026072824 0.00066987286)
(0.52306503 -0.029119578 0.0012451876)
(0.52322076 -0.029505963 0.0012559816)
(0.52290729 -0.029790132 0.0011104552)
(0.56788373 -0.032964584 0.0016936936)
(0.5678885 -0.033353743 0.001629557)
(0.56778899 -0.033759151 0.001464656)
(0.61373793 -0.037070605 0.0020023975)
(0.61394107 -0.037394312 0.0019955741)
(0.61358123 -0.037782319 0.0019670319)
(0.66032291 -0.04139297 0.0025144381)
(0.66030376 -0.041737072 0.0024624431)
(0.66012769 -0.042261095 0.0022432725)
(0.70801935 -0.045739036 0.0028190539)
(0.7082204 -0.046140935 0.002824993)
(0.7080211 -0.046481953 0.0027005227)
(-0.00080163532 -0.0016326144 -0.0015083293)
(-0.00075336422 -0.0017090305 0.00030991158)
(-0.00045563001 -0.0016610375 0.0011641539)
(0.0060744943 -0.0052552745 -0.0019689)
(0.0068193822 -0.0044728946 -0.00037063068)
(0.006339648 -0.0046576358 0.0010714782)
(0.014780252 -0.008742397 -0.0023193756)
(0.015640648 -0.0090373665 -0.00067099352)
(0.01541094 -0.0089925323 0.00084128079)
(0.027916397 -0.012373702 -0.002437753)
(0.028604956 -0.012001273 -0.00094566945)
(0.02850354 -0.011970546 0.00053485112)
(0.04429402 -0.015773175 -0.0026098571)
(0.045128958 -0.015854124 -0.001191792)
(0.044948725 -0.0157652 2.4006903e-05)
(0.064130662 -0.019444775 -0.0027174165)
(0.064800715 -0.019422397 -0.0014692877)
(0.064836582 -0.019306081 -0.00017025848)
(0.087046223 -0.023099034 -0.002766086)
(0.087755046 -0.023041266 -0.0014680894)
(0.087717328 -0.023070664 -0.00048000271)
(0.1128229 -0.02676026 -0.0026739549)
(0.11336693 -0.026836138 -0.0016098455)
(0.11347397 -0.026893157 -0.0005954288)
(0.14117589 -0.030579553 -0.0025442121)
(0.14172519 -0.030668049 -0.0015590744)
(0.14178033 -0.030661111 -0.00070710659)
(0.17185168 -0.034387811 -0.0023449541)
(0.17226317 -0.034454699 -0.0014877602)
(0.17237194 -0.034669978 -0.00066580006)
(0.20452105 -0.038241677 -0.0021177863)
(0.20493781 -0.038490342 -0.0012894355)
(0.20504526 -0.038591944 -0.00063872127)
(0.23908074 -0.042242286 -0.0017620047)
(0.23940872 -0.042400186 -0.0010787383)
(0.23945229 -0.042662866 -0.00045753672)
(0.27520172 -0.046245917 -0.0014631904)
(0.27544148 -0.046509098 -0.00082802986)
(0.27552599 -0.046752317 -0.00025681919)
(0.3128092 -0.050387689 -0.0010647254)
(0.31301204 -0.050612069 -0.00048071507)
(0.31304307 -0.050891805 -1.1169799e-05)
(0.35173713 -0.054587078 -0.00070859202)
(0.35185811 -0.054827497 -0.00018809702)
(0.35191877 -0.055176146 0.0002652135)
(0.39190266 -0.058883573 -0.00030336902)
(0.39203563 -0.059200175 0.0001759152)
(0.39199562 -0.05948364 0.00059140964)
(0.4332675 -0.063350831 8.1534702e-05)
(0.43328691 -0.063571879 0.00053658664)
(0.43330438 -0.063957609 0.00091888607)
(0.47570234 -0.067815436 0.00043008276)
(0.4758332 -0.068204809 0.00087610199)
(0.47575732 -0.068506511 0.001229634)
(0.51934626 -0.072558319 0.00087342129)
(0.51931562 -0.072814666 0.001270282)
(0.51926153 -0.073196604 0.0015824482)
(0.56388873 -0.077267981 0.0012444021)
(0.56405712 -0.077577529 0.0015689925)
(0.56394557 -0.077976243 0.001925015)
(0.60949603 -0.082027337 0.0016092135)
(0.60964047 -0.08247057 0.0019953819)
(0.6094128 -0.082847292 0.002239824)
(0.65617559 -0.086954874 0.0021607634)
(0.65627215 -0.087365628 0.0023524295)
(0.6561858 -0.08761761 0.0025665549)
(0.70348687 -0.091715386 0.0026135825)
(0.70352309 -0.091964713 0.0027286771)
(0.70345699 -0.092514101 0.002712076)
)
;

boundaryField
{
    free
    {
        type            calculated;
    }
    bottom
    {
        type            calculated;
    }
    traction
    {
        type            calculated;
    }
}


// ************************************************************************* //
