/*--------------------------------*- C++ -*----------------------------------*\
  =========                 |
  \\      /  F ield         | OpenFOAM: The Open Source CFD Toolbox
   \\    /   O peration     | Website:  https://openfoam.org
    \\  /    A nd           | Version:  6
     \\/     M anipulation  |
\*---------------------------------------------------------------------------*/
FoamFile
{
    version     2.0;
    format      ascii;
    class       pointScalarField;
    location    "0.899978";
    object      p;
}
// * * * * * * * * * * * * * * * * * * * * * * * * * * * * * * * * * * * * * //

dimensions      [1 -1 -2 0 0 0 0];

internalField   nonuniform List<scalar> 
625
(
1145823.7
-1763329.6
11432.059
17462.428
2154984.4
-3613683.7
12854.483
829.79508
902952.29
-147475.08
-130444.16
-10777.877
5163.5458
9804.4901
508605.13
536275.52
560766.39
540291.09
495219.87
491933.69
445441.94
419699.03
401894.46
367250.53
340729.84
302910.51
277630.22
246570.3
217209.95
189439.41
163539.46
131654.66
108957.54
84803.154
60706.775
39040.361
26551.466
-608858.71
-485882.97
-555113.27
-460969.52
-436467.11
-435433.43
-369871.99
-362851.08
-333982.26
-300737.64
-281938.42
-245735.71
-226692.35
-195191.36
-173335.84
-146939.86
-121407.18
-101817.07
-77112.229
-62267.77
-43256.596
-20765.954
-6716.8537
1189183.9
-271871.77
-371692.35
-661684.19
-795688.82
-593298.96
-552150.54
-647438.65
-479533.53
-548591.47
-486220.5
-435323.12
-408540.36
-372218.46
-336877.54
-305147.86
-266713.39
-233153.07
-201495.44
-165662.66
-136381.07
-106336.84
-75821.43
-47717.232
-30090.742
-2801.3009
16237.632
-308.14596
-1808.3407
24598.159
31574.836
54497.412
73396.258
101086.77
127599.79
155923.73
186914.03
213055.11
249081.83
283994.67
322954.27
338900.06
379891.67
405790.99
444835.2
475684.26
484426.9
585097.72
512799.23
660076.22
569946.76
608343.92
1233212
1238441
1150066
-1577416.2
-2170711.2
-2247829.9
22070.525
21416.666
23405.043
-2054.0617
4809.7674
-738.8861
291385.76
354538.61
342263.01
315681.03
301871.88
289051.22
267510.61
254843.87
235723.05
212413.58
192961.08
181735.71
163756.61
144176.01
129528.28
108809.3
94219.798
78099.331
57472.531
43674.799
29399.729
18750.928
16365.649
-105272.45
-78155.628
-87794.702
-38532.028
-60405.032
-33590.8
-40457.948
-32980.849
-25772.421
-21953.767
-19233.472
-13375.299
-13389.011
-8572.9505
-4818.71
-4246.0344
5118.2599
1445.6046
7148.6501
10627.279
9688.8814
9728.8433
8050.5606
-440105.86
-289797.5
-344004.56
-267527.22
-313933.06
-254112.1
-262374.46
-227927.66
-205745.47
-193168.47
-172314.12
-156400.75
-138307.16
-119661.36
-102838.63
-85029.081
-68625.346
-57684.923
-38048.328
-31544.942
-18654.456
-11496.472
1777.025
712880.05
747486.69
865525.91
-55719.97
-87779.548
-204693.88
-365802.53
-166642.81
-113119.9
-1003767.5
-1011957.3
-997687.97
-726880.82
-742760.78
-805173.1
-620119.07
-611579.33
-665366.34
-526434.45
-519338.74
-551456.26
-506494.03
-509933.12
-546473.72
-460628.88
-452683.84
-471491.12
-440564.61
-439159.82
-435768.6
-406471.54
-393682.92
-420182.07
-373657.16
-370716.57
-388258.9
-341159.87
-336502.01
-355927.06
-306907.16
-307910.62
-327390.85
-286042.73
-275875.85
-290112.07
-248691.53
-249662.41
-263804.72
-224756.17
-217258.33
-234080.08
-191987.97
-188853.15
-202342.94
-164116.15
-160734.15
-172389.71
-136224.35
-133008.82
-141921.43
-104731.73
-106704.18
-112739.89
-82527.798
-82058.8
-86951.255
-58015.6
-59056.523
-61359.81
-34099.201
-35165.63
-35639.983
-17688.526
-18763.774
-20637.694
-5148.3598
-2067.1538
-3324.0787
-10984.211
-14168.457
-12462.614
9087.717
4260.5909
5519.9635
14923.15
16977.212
16787.054
641080.8
610005.33
671542.55
668328.35
542529.2
623391.78
637478.16
575092.59
622678.69
582901.67
514253.09
565172.63
563322.96
512887.95
534009.64
521248.71
466180.49
495202.9
496213.27
444688.51
464413.59
460669.38
407615.47
434505.91
430765.21
381850.37
400686.59
386643.58
353332.19
370165.6
355348.26
327763.54
339143.01
332425.49
295645.36
291034.67
293620.64
264122.13
270665.07
265013.07
236244.64
244746.52
231311.68
208001.66
212418.98
200388.19
178775.91
182339.59
163290.68
151059.56
154766.95
136806.44
126692.07
125906.03
106681.35
99997.415
98772.287
79626.311
74719.538
74718.898
53809.541
53277.839
51662.622
35805.09
35851.374
33250.195
24763.064
28652.293
26130.475
274110.04
380475.61
296109.79
338265.78
306859.27
292739.09
285928.45
255039.46
240029.8
214701.41
195543.41
179802.12
168260.57
140684.89
127636.03
109175.07
91108.714
76670.748
61075.161
49847.728
33845.814
26723.128
16639.055
-95486.043
9013.3181
-5685.0842
15226.087
35123.011
26668.754
21331.964
28808.936
22736.267
22897.627
22603.133
25490.273
16328.581
18788.781
20839.155
16582.372
17032.234
17324.836
14642.354
12783.75
12271.126
10721.036
11991.855
-296934.77
-197553.14
-365831.92
-288832.26
-302249.78
-317903.16
-275159.7
-264287.18
-248836.7
-228247.43
-208454.05
-196304.2
-174488.33
-156099.22
-136817.85
-119364.39
-101187.57
-82276.317
-65334.445
-51384.692
-33512.092
-15191.158
-10905.292
423051.61
476966.53
417281.12
337682.96
445878.59
379093.26
285963.51
312185.68
329919.89
266401.86
331319.01
286500.76
273815.6
272544.55
277356.87
254419.5
272880.58
267953.5
224728.46
247674.72
243594.84
228017.48
237701.89
228870.15
194759.46
219668.21
209284.33
192544.64
200261.41
200066.54
178844.59
194372.02
171291.67
157623.76
156495.43
166012.6
142700.42
151099.33
148867.02
128275.81
135069.12
129155.61
112415.87
115461.96
110865.79
97468.264
99267.708
99971.345
82433.5
85755.519
81933.64
73067.759
67331.615
68026.471
53831.92
53308.494
53512.989
44019.448
43037.922
40517.171
29199.169
29229.516
29836.646
22019.692
21534.084
17956.638
1248.5409
7173.8025
7678.5558
-118670.87
-154754.63
-96497.918
-23943.349
-27796.635
-53431.351
-21531.109
-44429.768
-46076.985
-29958.023
-17448.65
-59689.706
4429.4021
-12832.164
-23896.255
-21752.374
-4071.9948
-33171.591
8381.6545
3261.0117
-24017.577
-3590.658
5338.9529
-24552.71
7298.6001
4566.0397
-16679.446
7000.5877
17440.764
-16609.157
15675.755
5170.918
-16388.787
12227.165
10337.708
-6672.7896
12560.66
18422.149
-5138.241
16282.256
15319.547
-4736.8527
13076.561
18489.59
-2079.0394
17204.27
18157.996
2455.0904
12519.169
19848.952
1789.3918
14383.265
17397.955
3015.7314
12703.937
14939.022
8701.8844
11460.766
16343.413
8831.026
11959.282
12853.647
9979.5956
12272.092
13176.556
7453.9683
12891.611
11969.462
10244.188
-369120.89
-465817.93
-386955.01
-326718.37
-263263.96
-325062.88
-285426.79
-406224.8
-352190.65
-360136.39
-301036.23
-375693.59
-285704.7
-337364.04
-324806.88
-273214.74
-298197.08
-325182.22
-259485.61
-284324.75
-308824.69
-230636.93
-274933.2
-281855.67
-221196.37
-241840.34
-263308.51
-202335.48
-231191.43
-245893.68
-180094.97
-208419.45
-221151.76
-163802.2
-187654.84
-199930.33
-140711.46
-173761.36
-179455.3
-127016.84
-150889.77
-159823.21
-107904.4
-132731.43
-140357.01
-93814.437
-113258.37
-120313.88
-76826.506
-94811.099
-101794.38
-60398.932
-77255.665
-82509.082
-47391.983
-59020.966
-62250.577
-34417.833
-43193.969
-46124.375
-25914.097
-29662.127
-34191.242
-6784.0606
-13001.969
-13181.16
-3621.5822
-7822.6731
-5522.1477
)
;

boundaryField
{
    free
    {
        type            calculated;
    }
    bottom
    {
        type            calculated;
    }
    traction
    {
        type            calculated;
    }
}


// ************************************************************************* //
