/*--------------------------------*- C++ -*----------------------------------*\
  =========                 |
  \\      /  F ield         | OpenFOAM: The Open Source CFD Toolbox
   \\    /   O peration     | Website:  https://openfoam.org
    \\  /    A nd           | Version:  6
     \\/     M anipulation  |
\*---------------------------------------------------------------------------*/
FoamFile
{
    version     2.0;
    format      ascii;
    class       pointScalarField;
    location    "3.5999109662199653";
    object      p;
}
// * * * * * * * * * * * * * * * * * * * * * * * * * * * * * * * * * * * * * //

dimensions      [1 -1 -2 0 0 0 0];

internalField   nonuniform List<scalar> 
625
(
-110018.73
133626.31
6042.8711
8489.9766
-135647.75
255876.28
6316.284
-3785.7201
-57975.381
-3335.693
-836.67976
-18204.682
-161.831
2439.0649
-28327.088
-29817.991
-18749.128
-10147.663
-1004.2255
8531.0693
17216.495
26034.627
34498.794
41352.961
47190.619
50695.152
55194.29
57348.408
58102.182
57968.776
55295.332
54037.531
48882.715
44693.586
36780.428
29573.876
21314.854
36540.744
23610.239
19961.67
8882.6293
2668.0648
-3611.4121
-12333.144
-17082.744
-24753.396
-29649.673
-34894.286
-38382.887
-43361.033
-45292.968
-47369.997
-48113.668
-47004.902
-47664.723
-43686.236
-41459.313
-38354.942
-25908.268
-15253.48
-60396.761
11677.682
28240.025
39982.327
39504.184
11744.46
7656.9059
-3191.4005
-13352.607
-24688.563
-34407.767
-42005.922
-49384.535
-56404.519
-61657.263
-66202.172
-67597.637
-68958.62
-68132.805
-65708.809
-61645.883
-56190.822
-48263.377
-38640.337
-27559.713
-13919.417
7265.584
-2632.0317
-6951.8439
22735.196
24630.903
37216.254
40543.212
47827.38
51737.208
53546.464
55282.343
53146.378
52703.227
49675.422
47357.88
39011.743
34859.742
27225.662
20644.721
12956.135
4764.3891
-3732.0004
-10752.244
-18979.519
-26973.702
-32669.202
-98239.816
-104389.08
-94153.697
129848.06
170311.82
167766.33
13456.854
13254.022
14029.04
-7856.0415
-166.73228
-6409.8893
-16875.552
-15730.653
-10290.538
-3968.1945
2104.6451
7621.3669
14262.771
19214.151
23659.292
27157.416
30563.281
35020.898
36631.062
37709.444
38456.182
36756.325
36278.675
33515.071
28359.967
23236.137
17215.031
9376.0084
10642.352
2075.1557
581.76263
859.61775
1048.1996
1437.0922
478.50418
1113.9601
149.15359
778.47593
479.72763
289.6692
-370.36958
-1418.1439
-1869.5403
-2044.1394
-3522.8109
-1266.055
-3756.8498
-870.96492
1578.7406
1539.3754
2790.3995
837.16607
17064.456
6162.2279
6739.5844
3043.3931
-506.45662
-5136.4573
-8637.0945
-12256.934
-14598.185
-18265.802
-21849.993
-24299.607
-25797.517
-27242.355
-27818.033
-28134.755
-26868.442
-26617.494
-21810.054
-21356.094
-15794.138
-14827.721
-3905.2381
-46660.481
-45336.517
-47510.517
-4925.2981
-2479.2682
7767.2983
23688.735
12097.825
16686.185
55966.192
57347.921
52266.515
34658.285
37142.087
38743.147
14817.932
15983.251
16592.579
6574.5523
7061.3968
3983.0273
-631.09615
-2093.5784
-1941.1262
-9373.7061
-10660.359
-13845.192
-16584.697
-19036.189
-21278.498
-24285.292
-26592.969
-29918.807
-30983.874
-33679.715
-37875.23
-36346.076
-39956.031
-44669.52
-41383.753
-45759.528
-50311.569
-48177.218
-50394.419
-54868.88
-50869.755
-53641.647
-58598.993
-53803.878
-55674.618
-61224.729
-54928.865
-56820.351
-62102.869
-55324.975
-56613.775
-61773.92
-53797.087
-55024.036
-59422.048
-50195.789
-51926.919
-55797.148
-46429.864
-47784.039
-51017.232
-41250.198
-41921.438
-43894.023
-32860.519
-33814.963
-34381.63
-24421.569
-25331.371
-27856.79
-17047.98
-14353.313
-14520.264
-18620.114
-21188.541
-23567.175
4062.012
-1389.4353
-1281.0919
7365.1734
8457.0901
7845.1184
-37694.564
-36480.799
-35845.277
-34134.955
-27572.526
-32911.817
-20076.183
-19229.956
-21193.769
-10080.245
-10347.558
-11618.317
413.38415
-2637.0749
-3013.3077
9939.9387
6448.6933
6335.0209
20227.226
13351.768
13885.646
28543.695
20806.879
22266.493
37325.228
28615.472
29557.956
42436.768
33971.41
35609.427
48568.516
41380.111
43026.762
56604.13
44998.041
44972.69
59579.937
48027.478
50369.88
62959.888
51056.958
54311.393
64154.999
52133.011
55845.065
63772.02
53152.707
55707.213
61986.244
50710.512
55271.024
55624.004
50913.611
52180.458
52369.084
46465.44
47688.18
44830.049
40648.442
41577.6
35944.315
35317.586
34725.129
27754.238
29233.84
24876.854
25161.858
26949.534
26700.97
-12913.279
-11670.611
-7708.2237
-6648.6949
-2076.3952
1007.6987
4658.8039
8008.8282
12138.938
14973.008
18383.633
21008.235
24640.392
24647.787
26396.24
26930.414
26218.119
25390.002
23835.563
22309.157
16015.284
14421.322
6898.7043
4091.103
-3863.1909
-2941.866
-5951.4368
-5907.8896
-6191.3537
-6110.5458
-5701.5348
-5302.7491
-4447.9027
-4524.3343
-3361.6728
-2751.3573
-2312.1453
-197.31233
-11.427698
1145.6689
2665.902
3293.4392
3738.2167
4184.7249
4099.9335
5641.4792
17688.875
9011.4788
15679.069
1636.5027
-415.34887
-7673.6108
-13639.109
-18364.483
-23253.28
-27782.388
-31084.864
-34796.947
-36917.409
-38036.409
-38339.568
-38401.93
-37166.569
-34587.927
-31616.843
-28656.083
-22391.024
-14281.758
-13524.143
-30687.587
-28993.184
-25576.726
-12478.959
-19534.196
-16253.529
-7912.2885
-10117.423
-10647.402
-2654.8632
-6125.2858
-6257.7936
1540.8128
1746.4542
-1304.469
8041.6901
5325.6744
2336.6745
10243.945
9729.259
8155.768
15197.908
15880.765
11569.512
18392.906
18708.633
14775.854
22255.393
22662.497
19494.295
27061.907
28234.279
20620.479
26636.553
26731.795
24556.618
28415.561
31434.825
26802.512
29682.968
32428.161
28190.953
29462.531
33587.545
28364.439
30257.189
32334.671
29523.408
27667.914
32728.014
28870.446
29803.612
29654.144
27831.721
24558.438
26882.509
24161.684
23006.09
23587.058
22134.408
17566.72
18349.969
17760.927
14203.935
11811.541
11092.709
-4721.4396
2498.8369
2956.8002
2326.1849
4936.278
4068.6157
-2726.9886
-6281.3776
-2169.4324
-2700.2057
-3373.3254
-2763.1799
-1352.2834
-4772.4078
-513.8528
-1245.4062
-3607.4258
-4574.3728
-495.85215
-4869.1892
-3159.681
273.24414
-2388.9355
-4484.8536
1167.8417
-2850.988
-5676.7703
1288.1767
-2089.6681
-5495.7004
2423.7776
-693.44126
-6256.9318
2171.1992
-2512.7431
-6594.8337
2339.576
-922.42991
-5442.1435
2657.6664
761.48967
-5991.8269
3294.6074
421.45684
-6251.5765
2496.1175
1433.5668
-6318.7542
3712.0157
1478.0387
-4936.5009
1536.3592
2944.4695
-5174.2807
2547.3307
2825.0979
-5443.2611
949.0925
1761.245
-3180.7438
-82.784257
3209.4668
-1446.8892
773.56415
2110.5284
-1396.806
1815.4402
4300.4583
-191.06532
5217.228
5767.6775
4443.5297
13079.551
23668.222
16225.534
14052.128
10542.758
13718.377
6897.022
15411.77
11529.625
6445.6891
3244.5352
3954.9359
-2185.314
1424.8745
-1865.4008
-3608.4907
-4421.89
-6776.3752
-7930.2532
-9318.3151
-12638.947
-12480.494
-14937.243
-17402.642
-15433.01
-18091.529
-22354.53
-20690.836
-23879.904
-26545.225
-22432.781
-25481.156
-30570.489
-24371.266
-28942.26
-33072.117
-26184.505
-32555.786
-35782.877
-28216.318
-34078.695
-37331.517
-28668.638
-35168.204
-37901.608
-29275.097
-35597.921
-37643.653
-28382.662
-35122.08
-36675.318
-25926.485
-33880.765
-34524.418
-25066.929
-31288.87
-30228.786
-21309.955
-26328.426
-27062.596
-19671.539
-22671.281
-23047.643
-9652.3294
-15609.075
-13996.873
-6863.2778
-11156.931
-8753.6609
)
;

boundaryField
{
    free
    {
        type            calculated;
    }
    bottom
    {
        type            calculated;
    }
    traction
    {
        type            calculated;
    }
}


// ************************************************************************* //
