/*--------------------------------*- C++ -*----------------------------------*\
  =========                 |
  \\      /  F ield         | OpenFOAM: The Open Source CFD Toolbox
   \\    /   O peration     | Website:  https://openfoam.org
    \\  /    A nd           | Version:  6
     \\/     M anipulation  |
\*---------------------------------------------------------------------------*/
FoamFile
{
    version     2.0;
    format      ascii;
    class       pointVectorField;
    location    "3.5999109662199653";
    object      u;
}
// * * * * * * * * * * * * * * * * * * * * * * * * * * * * * * * * * * * * * //

dimensions      [0 1 0 0 0 0 0];

internalField   nonuniform List<vector> 
625
(
(0 0 0)
(0 0 0)
(0.10744791 0.031580483 0.022738801)
(0.10545983 -0.03220616 0.021722813)
(0 0 0)
(0 0 0)
(0.10613889 -0.040297095 0.021094854)
(0.10807282 0.023097245 0.022599169)
(0 0 0)
(0 0 0)
(0 0 0)
(0.1066756 0.014745445 0.021537484)
(0.10563991 -0.0001934796 0.022185424)
(0.10540733 -0.015175324 0.021742933)
(-0.0010876482 -0.002170328 -0.0015696745)
(-0.0030172057 -0.0036443345 -0.0017076417)
(-0.005631318 -0.0049476589 -0.0014369211)
(-0.008821704 -0.0055285027 -0.0012956267)
(-0.012135257 -0.0058132731 -0.0010381938)
(-0.01554395 -0.005388418 -0.00072033919)
(-0.018577063 -0.0046658372 -0.00036202367)
(-0.021226144 -0.0032888321 0.00012987459)
(-0.023124016 -0.0016298176 0.00077331702)
(-0.024126776 0.00052190983 0.0014789586)
(-0.024082545 0.0029806908 0.0024115466)
(-0.022751285 0.0057266403 0.0033981704)
(-0.020056199 0.0087170629 0.004627708)
(-0.015847962 0.011808881 0.0059321591)
(-0.010077894 0.015003737 0.0074217396)
(-0.0026853162 0.018087494 0.0089945291)
(0.0063659495 0.021263064 0.010600073)
(0.016930298 0.023987835 0.012467114)
(0.029192885 0.026504561 0.014148303)
(0.042648764 0.02866291 0.016020756)
(0.057483613 0.030314545 0.017842663)
(0.073185823 0.03168248 0.019614485)
(0.089503476 0.031956372 0.021627916)
(-0.00043443135 0.0014903257 0.0017388551)
(-0.0027612186 0.0028010758 0.0010647935)
(-0.0056621054 0.0038692444 0.00047560715)
(-0.0087725574 0.0044591106 -8.144312e-05)
(-0.012374854 0.0047314076 -0.00076753761)
(-0.015762783 0.0044924603 -0.0012080198)
(-0.018939372 0.0040318456 -0.0016633055)
(-0.021610978 0.0030388627 -0.0018857449)
(-0.02357969 0.0018132007 -0.0020378025)
(-0.024649804 0.00025694441 -0.0019373823)
(-0.024630917 -0.0016574438 -0.0016701797)
(-0.023384311 -0.0037398089 -0.0011037706)
(-0.020715516 -0.0061326748 -0.00036875751)
(-0.016631877 -0.0086685186 0.00062907912)
(-0.010948945 -0.011369177 0.0018586369)
(-0.0036971934 -0.014133987 0.0033241488)
(0.0052203979 -0.017018547 0.0050289096)
(0.015658691 -0.019944062 0.0068651326)
(0.027719871 -0.022608765 0.0090415655)
(0.040998894 -0.02528295 0.011240532)
(0.055737761 -0.027680225 0.013728587)
(0.071400067 -0.029646491 0.016181937)
(0.087887896 -0.031190527 0.018698656)
(0 0 0)
(0 0 0)
(0 0 0)
(-0.0010110945 0.0011288659 -0.0014968505)
(-0.0030908248 0.0037005839 -0.0014567675)
(-0.0056826264 0.004110212 -0.0010756393)
(-0.009074912 0.0048758343 -0.00079923286)
(-0.012338402 0.0048489096 -0.00065246596)
(-0.015769948 0.0044249634 -0.00032717979)
(-0.018780743 0.0034461659 6.9821056e-05)
(-0.02133568 0.0020956733 0.0004407157)
(-0.023227002 0.00019573261 0.0010638349)
(-0.024223314 -0.0019393875 0.0017213464)
(-0.024095326 -0.0045732774 0.002529036)
(-0.02282603 -0.0073270691 0.0035490211)
(-0.02011605 -0.010458962 0.0045981563)
(-0.015986577 -0.013682467 0.0058405267)
(-0.010312613 -0.017057505 0.0071989126)
(-0.0030524116 -0.0204781 0.0086571087)
(0.0058197535 -0.023886917 0.010199851)
(0.016255525 -0.027182112 0.011806995)
(0.028188588 -0.03035067 0.013480775)
(0.041589683 -0.033228675 0.015119495)
(0.056178943 -0.035848318 0.01680441)
(0.071992355 -0.037803313 0.018377747)
(0.088407655 -0.039653263 0.019977215)
(0.10626891 -0.023379201 0.021451492)
(0.10616156 -0.0087375435 0.022129186)
(0.10726281 0.0058330179 0.022980772)
(0.090310941 0.023658063 0.019513287)
(0.073478186 0.023084149 0.017032432)
(0.057839325 0.021919861 0.014588551)
(0.042684927 0.020663499 0.012027198)
(0.029052636 0.018782954 0.0097447026)
(0.016759612 0.016694883 0.0075093633)
(0.0060237864 0.014365439 0.0055720601)
(-0.0031137319 0.011899861 0.0037480033)
(-0.01060794 0.0093742212 0.002216447)
(-0.016466706 0.0068903967 0.00088308633)
(-0.020708192 0.0044225709 -0.00018140079)
(-0.023510869 0.0022419244 -0.0011049533)
(-0.02481402 0.00014402341 -0.0015804877)
(-0.024891701 -0.0016390325 -0.0019717428)
(-0.023876063 -0.0031192475 -0.0021213457)
(-0.021931119 -0.0042651166 -0.0020473859)
(-0.019269909 -0.0050654092 -0.0018366885)
(-0.016080342 -0.005431699 -0.0014200963)
(-0.012671865 -0.0055089336 -0.00091359669)
(-0.0091564221 -0.0050587089 -0.00034459842)
(-0.0058089662 -0.0043496701 0.00033020447)
(-0.00306176 -0.0031332226 0.00088524368)
(-0.0013999718 -0.0019050311 0.0010778843)
(0 0 0)
(0 0 0)
(0 0 0)
(0 0 0)
(0 0 0)
(0 0 0)
(0.10562853 -0.034587847 0.021219593)
(0.10598007 -0.036747174 0.021563279)
(0.10598737 -0.038917184 0.021284392)
(0.10800217 0.030010508 0.022715968)
(0.10811295 0.027690238 0.022602344)
(0.10832148 0.025872642 0.022507826)
(-0.00039893888 -0.00096601933 -0.0011674496)
(-0.0025940672 -0.001599195 -0.00091078668)
(-0.0053080322 -0.002274555 -0.00089892735)
(-0.0086985523 -0.0025593566 -0.00094588672)
(-0.01219731 -0.0026521108 -0.00081385964)
(-0.015793604 -0.0024495427 -0.00072598901)
(-0.019009995 -0.0019828465 -0.00049232363)
(-0.021808367 -0.0012388224 -0.00017571151)
(-0.02386605 -0.00031058631 0.00026582162)
(-0.025018047 0.00089838353 0.00084498534)
(-0.025112733 0.0022542121 0.0016170494)
(-0.023838364 0.0037510278 0.0025234794)
(-0.021239562 0.0053536356 0.0036150824)
(-0.01708779 0.0070032953 0.004825348)
(-0.011382252 0.0086307657 0.0062618527)
(-0.003989593 0.010256919 0.007697431)
(0.0049786514 0.011692091 0.0094660104)
(0.015644416 0.013103478 0.011117481)
(0.027946528 0.014183376 0.012930405)
(0.041465911 0.014986055 0.014870836)
(0.05645187 0.015565375 0.016659277)
(0.072290828 0.015880795 0.018503647)
(0.089203831 0.015165829 0.020437777)
(-0.00020479729 -0.00022270169 -0.00020215137)
(-0.0022769087 -0.00030049124 -0.00032515032)
(-0.0052472359 -0.00048155229 -0.00052361893)
(-0.0085873126 -0.00046952126 -0.00072805472)
(-0.012199823 -0.00054279218 -0.00082648547)
(-0.0158209 -0.00039555435 -0.00096257187)
(-0.019091254 -0.0003105822 -0.00093621012)
(-0.021951824 -0.00010117741 -0.0008160758)
(-0.024043433 0.0001292281 -0.00057021926)
(-0.025203554 0.00038372107 -7.7311523e-05)
(-0.02532608 0.00069789815 0.000443098)
(-0.024108193 0.00097884173 0.0012737975)
(-0.02154531 0.0013002022 0.0022144407)
(-0.017441871 0.001591188 0.0033827961)
(-0.011744028 0.0018024839 0.0047396598)
(-0.0044077022 0.0020126146 0.0061881481)
(0.0046164283 0.0020358281 0.007982364)
(0.015180776 0.0021324851 0.0096159715)
(0.027275083 0.0019302884 0.011689888)
(0.040751206 0.0016829068 0.013707835)
(0.055745098 0.0013481842 0.015697365)
(0.07173151 0.00075950547 0.017966904)
(0.088838602 0.00033947798 0.019976411)
(-1.2755474e-05 0.00036687692 0.000452414)
(-0.0022961125 0.00057019254 0.00034314245)
(-0.0052229097 0.0010632085 -4.9022537e-05)
(-0.0086224171 0.0012842938 -0.00037660529)
(-0.012265915 0.0014514873 -0.00072037794)
(-0.015890879 0.0014743174 -0.0010434197)
(-0.019139821 0.0012386554 -0.0011516975)
(-0.022038097 0.0010034501 -0.001281651)
(-0.024083315 0.00048519776 -0.0011038989)
(-0.025328439 -8.7514608e-05 -0.00089278202)
(-0.025402894 -0.00075510812 -0.0004355708)
(-0.024195531 -0.0016253854 0.0002490297)
(-0.021652291 -0.0025241161 0.0010991624)
(-0.017527638 -0.0035718628 0.0021903875)
(-0.01189702 -0.004698569 0.0034705458)
(-0.0045374771 -0.0058908852 0.0049498316)
(0.0043190185 -0.0071754419 0.0066360179)
(0.014953262 -0.0084342532 0.0084259489)
(0.02703623 -0.009801888 0.010462514)
(0.040714548 -0.011043814 0.012464332)
(0.055638044 -0.012429671 0.014691459)
(0.071519343 -0.013444177 0.016935087)
(0.088341867 -0.014475275 0.01932825)
(0 0 0)
(0 0 0)
(0 0 0)
(0 0 0)
(0 0 0)
(0 0 0)
(0 0 0)
(0 0 0)
(0 0 0)
(-0.0011265819 0.00070284393 0.00061266145)
(-0.0013685664 0.00094008274 9.9104211e-05)
(-0.0013503755 0.00081451431 -0.00054535378)
(-0.0034546752 0.0032677939 0.00052111138)
(-0.0035856775 0.003371843 -0.0001223007)
(-0.0035808563 0.0033822024 -0.00079217595)
(-0.0059113172 0.0041094333 -5.9230355e-05)
(-0.006056011 0.0040723769 -0.00042283828)
(-0.0060480827 0.0042075298 -0.00081124637)
(-0.0090436313 0.004776696 -0.00034250475)
(-0.0092157537 0.0048757046 -0.00053821895)
(-0.0090942613 0.0049133942 -0.00069525689)
(-0.012356988 0.0049547892 -0.00077313964)
(-0.012322969 0.0049428024 -0.00080157348)
(-0.012373906 0.0048741441 -0.00072109028)
(-0.015597644 0.0047526811 -0.0010919769)
(-0.015619709 0.0046455795 -0.00090686407)
(-0.015546905 0.0046289371 -0.0006138501)
(-0.018550065 0.0039946448 -0.0012894708)
(-0.018420722 0.0037728654 -0.00090781345)
(-0.018544001 0.0037218093 -0.00040889433)
(-0.021108508 0.0030274283 -0.0013887447)
(-0.020988821 0.0028292526 -0.00090506026)
(-0.020944778 0.0024557965 -0.00022500757)
(-0.022866116 0.0015662102 -0.0013248451)
(-0.02262529 0.0010293492 -0.00064012358)
(-0.02269146 0.00072163486 0.00023203786)
(-0.023815444 -0.00016210258 -0.0010888451)
(-0.023577215 -0.0006834075 -0.00029569842)
(-0.02359255 -0.0012649811 0.0007584178)
(-0.023705882 -0.0022516773 -0.00068549801)
(-0.02330852 -0.0030543778 0.00033875308)
(-0.023388077 -0.003735341 0.0014326963)
(-0.022239804 -0.0046656109 -7.821991e-06)
(-0.021965908 -0.0054842339 0.0010095221)
(-0.022030263 -0.0063176209 0.0023775991)
(-0.019595426 -0.0071381858 0.00082041164)
(-0.019204947 -0.008221158 0.001978407)
(-0.019278445 -0.0093029259 0.0033308337)
(-0.015382777 -0.0099678528 0.0019126653)
(-0.015008092 -0.011192386 0.0030785676)
(-0.01507651 -0.012384457 0.004529725)
(-0.0097046433 -0.012842843 0.0031737668)
(-0.0092995398 -0.014231365 0.0043807947)
(-0.0093853581 -0.015591166 0.0058822928)
(-0.0024032762 -0.015872247 0.0046519493)
(-0.002038463 -0.017380461 0.0058862773)
(-0.0021136767 -0.018895496 0.0073500629)
(0.0064099244 -0.018900074 0.0063501614)
(0.006799806 -0.020536067 0.0074911653)
(0.0067245727 -0.02220462 0.0089470192)
(0.016780605 -0.021797937 0.0081556339)
(0.017199459 -0.02367064 0.0092672221)
(0.017117562 -0.025417151 0.01064029)
(0.028675498 -0.024788789 0.01019)
(0.029047735 -0.026625359 0.011184)
(0.028966708 -0.028503203 0.012428648)
(0.041933979 -0.027389655 0.012256578)
(0.042297503 -0.029429365 0.01314808)
(0.042236086 -0.031379185 0.014215176)
(0.056452408 -0.0298997 0.014459738)
(0.056751274 -0.031950831 0.015260034)
(0.056689908 -0.033886115 0.016073193)
(0.071960503 -0.031868356 0.016715336)
(0.072293635 -0.033967282 0.01728359)
(0.072353137 -0.036110364 0.0178282)
(0.088328098 -0.033667516 0.019019685)
(0.088498833 -0.035705011 0.019282474)
(0.088611352 -0.03769337 0.019634793)
(0.10732695 0.013004679 0.022280531)
(0.10738894 0.010900095 0.022349824)
(0.1075748 0.0087737514 0.022540093)
(0.10568542 -0.0024174347 0.02222917)
(0.10622959 -0.0044834965 0.022053806)
(0.10602251 -0.0067074611 0.022021641)
(0.10585879 -0.017595687 0.021633368)
(0.10622872 -0.01965084 0.021630049)
(0.10609997 -0.021624743 0.021665611)
(-0.0018244955 -0.001844822 -0.00077852433)
(-0.0018695749 -0.001923782 -0.00024695152)
(-0.0018370099 -0.0019734548 0.00036292589)
(-0.0036271722 -0.0035631936 -0.00095859612)
(-0.0036167134 -0.0034846726 -0.00032620234)
(-0.0036535392 -0.003425153 0.00037319149)
(-0.0060812675 -0.0047637867 -0.00099861134)
(-0.0062172283 -0.0047526958 -0.00052385598)
(-0.0061796858 -0.0047427062 -9.0962228e-05)
(-0.0090886398 -0.0055356468 -0.0010379875)
(-0.0092052764 -0.0055245796 -0.00078762936)
(-0.0091940892 -0.0054596564 -0.00056271896)
(-0.012267321 -0.0058222085 -0.0010370639)
(-0.012415595 -0.005815522 -0.00095669657)
(-0.012511155 -0.0057567855 -0.00096539212)
(-0.015505491 -0.0055484959 -0.00092695973)
(-0.015654545 -0.005597095 -0.0010947433)
(-0.01573976 -0.0056889679 -0.0013219289)
(-0.018391681 -0.0048747222 -0.00080336999)
(-0.018534132 -0.0050464104 -0.0011098048)
(-0.018703705 -0.0051210881 -0.0015559199)
(-0.02090868 -0.0036891457 -0.00049216593)
(-0.021058 -0.0039232725 -0.00097932446)
(-0.021224495 -0.0041661645 -0.0016269166)
(-0.022672616 -0.0021237321 -4.8839779e-05)
(-0.022766335 -0.0025048772 -0.00073943021)
(-0.022986279 -0.0028665997 -0.001551276)
(-0.023574139 -0.00016650924 0.00051024965)
(-0.023663298 -0.00063519135 -0.00028735768)
(-0.023928618 -0.001149632 -0.001284342)
(-0.023461788 0.0021797055 0.0013459194)
(-0.023424457 0.0014475832 0.00020710684)
(-0.023672975 0.00073157966 -0.00076049269)
(-0.0219152 0.0047377644 0.0021467457)
(-0.02201688 0.0038545212 0.001198127)
(-0.02231451 0.0030731291 -0.00021477725)
(-0.019173097 0.0075214227 0.003298817)
(-0.019186261 0.0064889825 0.0021164071)
(-0.019472754 0.0055690216 0.0007957825)
(-0.014882608 0.010473862 0.0045384651)
(-0.014897086 0.0093036388 0.0033525791)
(-0.015147496 0.0081509091 0.0019358366)
(-0.0090750306 0.013502977 0.005988849)
(-0.0090425068 0.012165364 0.0047451591)
(-0.0092830936 0.010834439 0.0032948455)
(-0.0016244653 0.016529616 0.0075354567)
(-0.0015484932 0.014947384 0.0063093958)
(-0.0018274418 0.013564728 0.0048392154)
(0.0074534626 0.019344522 0.0092685531)
(0.0074035755 0.017849711 0.0080560843)
(0.0072777142 0.016175902 0.0066477303)
(0.017897143 0.02215761 0.011054296)
(0.018160659 0.02033693 0.0099134119)
(0.017928484 0.018640629 0.0085340263)
(0.030131141 0.024612317 0.012927466)
(0.030229577 0.022713125 0.011931218)
(0.030053274 0.02090537 0.010684486)
(0.043491873 0.02668368 0.01493491)
(0.043682812 0.024819008 0.013978923)
(0.043579745 0.02282406 0.012845566)
(0.058263362 0.028489734 0.016869099)
(0.058527968 0.026293725 0.016044959)
(0.058322676 0.024370394 0.015280184)
(0.073872029 0.029386058 0.018817653)
(0.07410735 0.027411124 0.018307538)
(0.07406074 0.025403913 0.017651072)
(0.090494058 0.030482443 0.021067228)
(0.090521314 0.028124808 0.020516435)
(0.090754884 0.02609182 0.020244156)
(-0.00040766904 -0.00028567042 0.00065560803)
(-0.0027293179 -0.0012350433 0.0001953077)
(-0.0053995086 -0.0015428379 -0.00015403494)
(-0.0089660268 -0.0019661419 -0.0005017279)
(-0.012552113 -0.0022160663 -0.00086287977)
(-0.016117292 -0.0022996235 -0.0011469956)
(-0.019470053 -0.0022344736 -0.0013086242)
(-0.022266152 -0.0019914624 -0.0013571422)
(-0.024309943 -0.0016236576 -0.0012259604)
(-0.025479414 -0.0010775591 -0.00094104641)
(-0.02546209 -0.00039729806 -0.00046646296)
(-0.024279479 0.0003835131 0.00027370852)
(-0.021587555 0.0012073678 0.001129598)
(-0.017415627 0.002148736 0.0023085728)
(-0.011614526 0.0031199916 0.0036103776)
(-0.0042006812 0.0040460594 0.0051593382)
(0.0048989723 0.0049320296 0.0068840149)
(0.015619009 0.0057254511 0.0087712014)
(0.027861962 0.0064094451 0.010822159)
(0.041606084 0.0068345962 0.012942)
(0.056619986 0.0070598272 0.015231517)
(0.072603013 0.0070869559 0.017605832)
(0.089685597 0.006547902 0.020100122)
(-0.00019899598 -0.00019720097 -0.00018327989)
(-0.0026326366 -0.00020072031 -0.00015039862)
(-0.0054261118 -0.00012703964 -0.00036214003)
(-0.0090006897 -0.00020336872 -0.00054595081)
(-0.012501338 -0.00037618381 -0.00070046129)
(-0.016141947 -0.00060631691 -0.00074129972)
(-0.019439421 -0.00085712854 -0.00078556737)
(-0.022216789 -0.0011597032 -0.00062367413)
(-0.024272389 -0.0015252176 -0.00039189577)
(-0.025432115 -0.0018044876 3.4994356e-05)
(-0.025445159 -0.0022926187 0.00065282743)
(-0.024234758 -0.002563998 0.0013947451)
(-0.021592496 -0.0030516435 0.0023698361)
(-0.01742467 -0.0034019041 0.003530763)
(-0.011672088 -0.0038350256 0.0048275937)
(-0.0042701505 -0.0042924864 0.0063354029)
(0.004766193 -0.0047300102 0.0079895398)
(0.015442799 -0.005224941 0.0097434119)
(0.027669368 -0.0057463141 0.011665979)
(0.041350212 -0.0063535906 0.013595479)
(0.056384014 -0.0067818782 0.015758544)
(0.072331975 -0.007545167 0.017744839)
(0.089894009 -0.0081426724 0.019843999)
(-0.00014781626 0.0004363204 -0.00069151951)
(-0.0027173471 0.00080389587 -0.00069015073)
(-0.0055065886 0.0015783415 -0.00099235583)
(-0.0089386321 0.0016660127 -0.0007215846)
(-0.012443633 0.001670383 -0.00072588323)
(-0.015992934 0.0013624305 -0.00061615232)
(-0.019284721 0.00087365691 -0.00036092217)
(-0.022002425 4.6524009e-05 -8.1063569e-05)
(-0.024039254 -0.00091928832 0.0003533354)
(-0.025172929 -0.0021611388 0.00096273681)
(-0.025166826 -0.0034800513 0.0016457183)
(-0.023965833 -0.0050472416 0.0025644398)
(-0.021335097 -0.0066261252 0.0036171852)
(-0.017183212 -0.0083837152 0.0047970022)
(-0.011501608 -0.010166347 0.0061631594)
(-0.004164945 -0.011977649 0.0076466279)
(0.0048192092 -0.01380721 0.0092549049)
(0.015396119 -0.015603046 0.010939764)
(0.027529945 -0.01733807 0.012724797)
(0.041141521 -0.018940025 0.014555427)
(0.055952152 -0.020408782 0.016398387)
(0.072110137 -0.021711037 0.018119002)
(0.088799234 -0.022570549 0.020100768)
(-0.00071121538 -0.00035063595 -0.0004829122)
(-0.00077072506 -0.00043546511 -0.00025748915)
(-0.00081332391 -0.00036009877 0.00013605165)
(-0.0030630453 -0.0015415606 -0.00059459011)
(-0.0031943983 -0.0014718665 -0.00027817344)
(-0.0031097268 -0.0014569133 0.00013488095)
(-0.0056696156 -0.002134763 -0.0006277035)
(-0.0057985668 -0.0020623604 -0.0004729395)
(-0.0057425925 -0.0019643398 -0.00032521551)
(-0.0088989574 -0.002527278 -0.00081028447)
(-0.0090112425 -0.0025065793 -0.000754477)
(-0.0089770432 -0.0023980481 -0.00059698953)
(-0.012292387 -0.0026491239 -0.00081852417)
(-0.012387278 -0.0026501342 -0.00087448678)
(-0.012488181 -0.0025795412 -0.00088448992)
(-0.015668841 -0.002543811 -0.00088203538)
(-0.015792834 -0.0025680467 -0.0010148215)
(-0.015841686 -0.0026010576 -0.0011501614)
(-0.018782624 -0.002159234 -0.00075388371)
(-0.01882888 -0.0023292782 -0.0010709418)
(-0.018960824 -0.0023939357 -0.0011955346)
(-0.021424954 -0.0015302772 -0.00058359719)
(-0.02150015 -0.0017558756 -0.00092138921)
(-0.021628004 -0.0020392685 -0.0012369397)
(-0.023342908 -0.00073196397 -0.00022019423)
(-0.023359211 -0.0011190245 -0.00067644216)
(-0.023521921 -0.0014752609 -0.001022528)
(-0.02438757 0.00034250391 0.00023248108)
(-0.024358982 -0.00019969543 -0.00027353322)
(-0.024560831 -0.00079655417 -0.00070735401)
(-0.024306632 0.0014683755 0.00089418059)
(-0.024250386 0.00074719956 0.0003564166)
(-0.024482647 0.00012689077 -0.00011714941)
(-0.022982607 0.0027966273 0.0017556937)
(-0.022904944 0.0019706459 0.0011031319)
(-0.023180404 0.0010167584 0.00054947768)
(-0.020283118 0.0042377344 0.0027897888)
(-0.020207857 0.0032318323 0.0021151165)
(-0.020409644 0.0022032699 0.001537324)
(-0.016090419 0.0056953883 0.0039827431)
(-0.015985613 0.0045720516 0.0032879789)
(-0.01620165 0.0032561604 0.0026810028)
(-0.010338659 0.0072037362 0.0053535163)
(-0.010188074 0.0058325422 0.004664749)
(-0.010410234 0.0044509831 0.0040266629)
(-0.0029175948 0.0086203415 0.0069035919)
(-0.002776459 0.0071783832 0.0061665033)
(-0.0029837828 0.0055851433 0.0055877515)
(0.0061117082 0.010016094 0.0084947429)
(0.0061870836 0.0083813324 0.0079176476)
(0.0060501418 0.0066443531 0.0072811562)
(0.016570687 0.011231358 0.010410193)
(0.016893729 0.0093951604 0.0096961603)
(0.016701274 0.0075972904 0.0091839601)
(0.028809366 0.012228201 0.012221991)
(0.028984678 0.010424858 0.0117067)
(0.028814005 0.0084640031 0.011174334)
(0.042210014 0.013065473 0.01421491)
(0.042478932 0.011052757 0.013739589)
(0.042396334 0.0090077847 0.013253619)
(0.057071942 0.013606728 0.016136571)
(0.057375997 0.011439875 0.015833543)
(0.057266903 0.0094127051 0.015512977)
(0.072904094 0.013693329 0.018167163)
(0.073081072 0.011731752 0.018160902)
(0.073034402 0.0095609945 0.017745611)
(0.089598831 0.013355627 0.020315733)
(0.089747898 0.011204114 0.02028075)
(0.089915749 0.0090547189 0.020278184)
(-0.00055180023 -9.0133077e-05 -0.00011947555)
(-0.00063263968 -0.00021144019 -6.6869504e-05)
(-0.00074357871 -0.00012439123 -0.00017866844)
(-0.0028602356 -0.00019304878 -0.00028513124)
(-0.0030029932 -0.00023894567 -0.000204726)
(-0.0029214382 -4.2065541e-06 -0.0001356881)
(-0.0055767326 -0.00043672106 -0.00044938436)
(-0.0056542166 -0.00032408416 -0.00049386762)
(-0.0056578289 -0.00018306598 -0.00042848318)
(-0.0088905364 -0.00033509457 -0.00073632076)
(-0.0089958217 -0.00038261107 -0.00069952555)
(-0.0089714649 -0.00018167616 -0.00062045123)
(-0.012291287 -0.00049176481 -0.00087141241)
(-0.012360433 -0.00047701289 -0.00085420772)
(-0.012440572 -0.00027635871 -0.0008223646)
(-0.015789362 -0.00041072612 -0.00101156)
(-0.015802543 -0.00048073277 -0.00097576357)
(-0.015819011 -0.00044791278 -0.00089967065)
(-0.01889932 -0.00040948988 -0.0010572795)
(-0.018833946 -0.00061886227 -0.0010244886)
(-0.019004975 -0.00062177963 -0.00094870305)
(-0.021597285 -0.00036527261 -0.00095461972)
(-0.021509614 -0.00061208923 -0.00083778707)
(-0.021690311 -0.00076298193 -0.00081376243)
(-0.023566534 -0.00025016199 -0.00072037778)
(-0.023407125 -0.00071794429 -0.0006623894)
(-0.023593623 -0.0010396209 -0.00060880688)
(-0.024620833 -0.00019233076 -0.00032473012)
(-0.024388307 -0.0007300461 -0.00017436629)
(-0.024685463 -0.0011367738 -0.00017289294)
(-0.024552511 -4.3069365e-05 0.00028228584)
(-0.024390142 -0.00076820252 0.00038078276)
(-0.024598226 -0.0014398355 0.000381272)
(-0.023306962 9.8820241e-05 0.0010379561)
(-0.023001851 -0.00082829905 0.0011451297)
(-0.02331128 -0.0016037338 0.0011836488)
(-0.020617568 0.00021591172 0.0019691431)
(-0.020333204 -0.00086006813 0.0021669713)
(-0.020631913 -0.0018646599 0.0021385544)
(-0.016474916 0.00030938039 0.0031402404)
(-0.016122326 -0.00096307192 0.0032959052)
(-0.016461979 -0.0021207704 0.0032962782)
(-0.010715364 0.0003837687 0.0044751364)
(-0.010391978 -0.0010486811 0.0046933462)
(-0.010670997 -0.0023775941 0.0046208652)
(-0.0033870353 0.00038339104 0.0059875296)
(-0.0029843974 -0.00120019 0.0061535392)
(-0.0033469158 -0.0026927273 0.0061334175)
(0.0055911306 0.00031412337 0.0076879427)
(0.0059226507 -0.0014088099 0.0079173863)
(0.0056813689 -0.0030599694 0.007819691)
(0.016170758 0.00017788812 0.0095026612)
(0.016555706 -0.0016597988 0.009678134)
(0.016272259 -0.0034165565 0.0095940305)
(0.028307729 -0.00013411901 0.011527051)
(0.028612734 -0.0019942591 0.011604079)
(0.028352696 -0.0038633364 0.011556865)
(0.041814174 -0.00038391595 0.013624906)
(0.04201958 -0.002375337 0.013623785)
(0.041997197 -0.0044126505 0.013545292)
(0.05663659 -0.0008266571 0.015645837)
(0.05700574 -0.0027696112 0.015678726)
(0.056767152 -0.0048516962 0.01571887)
(0.072373693 -0.0013703701 0.017875998)
(0.072545135 -0.0033962864 0.017885204)
(0.072522041 -0.005625918 0.017714744)
(0.089284411 -0.0018072718 0.019921686)
(0.089686547 -0.0038936149 0.019958828)
(0.089641669 -0.0059363098 0.019868353)
(-0.0005176469 0.00021350287 0.00020657911)
(-0.00045983175 0.00028196325 -0.0001986635)
(-0.00058523382 0.00030950858 -0.00040874492)
(-0.0029613409 0.0008131218 0.00015781025)
(-0.003133835 0.00081829546 -0.00022160147)
(-0.0030534168 0.00079954924 -0.00039566177)
(-0.0056815424 0.0013427812 -0.00019908308)
(-0.0057167276 0.0014716184 -0.00034188631)
(-0.0057523162 0.0014760015 -0.00061473011)
(-0.0089124999 0.0016296192 -0.0004817414)
(-0.0090361119 0.0017869001 -0.00063892469)
(-0.0090565102 0.0017080722 -0.00068800129)
(-0.012352679 0.0017265099 -0.00071773504)
(-0.012354206 0.0017722789 -0.00068456568)
(-0.012401545 0.0017504753 -0.0006337216)
(-0.015766776 0.0016636755 -0.00097441515)
(-0.01579525 0.0017541864 -0.0008830209)
(-0.015808819 0.0014943828 -0.00075653887)
(-0.018856764 0.0013520915 -0.0010090731)
(-0.018761839 0.00126067 -0.00079919609)
(-0.018900508 0.0010534447 -0.00056838119)
(-0.021546244 0.0009536227 -0.0010514559)
(-0.021511635 0.00077575663 -0.00074465843)
(-0.02156152 0.00037657849 -0.00042992678)
(-0.023426208 0.00028038245 -0.00082726411)
(-0.023296206 9.509476e-06 -0.00047402054)
(-0.023402445 -0.00047573873 -8.5777888e-05)
(-0.024495919 -0.00042002032 -0.00053954981)
(-0.024373676 -0.00089152787 -8.3628996e-05)
(-0.024470778 -0.0015796504 0.0004173961)
(-0.024452644 -0.0013377169 -2.1674887e-05)
(-0.024248276 -0.0019800294 0.00051984907)
(-0.024343918 -0.0027533076 0.0010286647)
(-0.023133333 -0.0023852524 0.00071089725)
(-0.022928506 -0.0031597581 0.0012782378)
(-0.023062095 -0.0041441669 0.0018565463)
(-0.020492869 -0.0035044103 0.001592664)
(-0.0202733 -0.0045024333 0.0022276951)
(-0.020382848 -0.0056163589 0.0028663346)
(-0.016317254 -0.0047703284 0.002720633)
(-0.01609462 -0.005899179 0.0033907535)
(-0.016193199 -0.0071790011 0.0040176982)
(-0.01061448 -0.0060973411 0.0040077194)
(-0.010393991 -0.0074023213 0.0046968212)
(-0.010450473 -0.0088574891 0.0053438123)
(-0.0032952305 -0.0074826359 0.0055165712)
(-0.0030525306 -0.0089875232 0.0061857003)
(-0.0031476395 -0.010519602 0.0068386781)
(0.0056447472 -0.0089770988 0.0071607313)
(0.0058247797 -0.010526702 0.0078428648)
(0.0058190605 -0.012250232 0.0084577951)
(0.016102536 -0.010383774 0.0089378677)
(0.016404088 -0.0121997 0.0095793895)
(0.016347449 -0.013941689 0.01018087)
(0.028189583 -0.011927906 0.010904885)
(0.028334844 -0.013720743 0.011507214)
(0.028355659 -0.015611429 0.012025862)
(0.041500145 -0.013301152 0.012903489)
(0.04187207 -0.015206166 0.013406675)
(0.041878221 -0.017165939 0.013933151)
(0.0561716 -0.014605293 0.014974921)
(0.056526924 -0.016682609 0.015495595)
(0.056434455 -0.018678314 0.015861645)
(0.072043821 -0.015856427 0.017269132)
(0.072347422 -0.017931314 0.017546119)
(0.07241723 -0.019825296 0.017846092)
(0.088610292 -0.016806159 0.019460204)
(0.08883331 -0.018750783 0.0196214)
(0.088947102 -0.020954374 0.019644708)
)
;

boundaryField
{
    free
    {
        type            calculated;
    }
    bottom
    {
        type            calculated;
    }
    traction
    {
        type            calculated;
    }
}


// ************************************************************************* //
