/*--------------------------------*- C++ -*----------------------------------*\
  =========                 |
  \\      /  F ield         | OpenFOAM: The Open Source CFD Toolbox
   \\    /   O peration     | Website:  https://openfoam.org
    \\  /    A nd           | Version:  6
     \\/     M anipulation  |
\*---------------------------------------------------------------------------*/
FoamFile
{
    version     2.0;
    format      ascii;
    class       pointScalarField;
    location    "1.500100577";
    object      p;
}
// * * * * * * * * * * * * * * * * * * * * * * * * * * * * * * * * * * * * * //

dimensions      [1 -1 -2 0 0 0 0];

internalField   nonuniform List<scalar> 
625
(
242056.05
-316270.68
7965.8833
10690.901
441939.78
-794336.76
7825.7484
-2562.8182
223084.19
14017.858
12810.199
-16425.275
1628.3438
4650.0187
115714.84
120794.63
133886.27
133782.48
125053.81
132029.64
124102.39
122224.59
122920.89
115932.47
113587.17
104650.16
100563.91
94354.872
86718.067
80767.455
73082.704
65775.534
58027.628
50549.364
40567.923
31572.292
22976.36
-122828.79
-101517.34
-119955.7
-107528.74
-110612.77
-115401.76
-107208.77
-111544.58
-108214.92
-104822.81
-104166.15
-95625.827
-93809.683
-86356.751
-81335.278
-74202.118
-66374.486
-61594.852
-52048.084
-46076.27
-39533.819
-24966.468
-13243.721
233865.41
-75511.986
-118072.1
-148701.34
-180037.84
-145962.85
-134819.28
-167398.15
-127842.12
-153977.01
-142265.99
-131825.13
-129099.92
-123501.89
-117196.42
-111838.39
-102705.67
-95027.907
-87549.171
-78419.668
-69312.01
-60490.483
-49362.753
-37723.825
-26296.246
-11619.877
9539.048
-1315.2352
-5674.6626
24165.489
27111.363
42549.004
49756.277
62239.469
71980.069
81060.737
91089.643
96652.703
106850.87
114384.6
122181.17
122421.83
129635.32
130887.71
134458.33
136820.53
129176.14
148456.65
115924.13
153271.24
113131.47
120245.83
262730.52
231910.43
213201.59
-274630.41
-425240.83
-434733.53
15334.232
14630.037
15977.948
-5871.5564
1412.3764
-4994.086
69794.731
90575.744
87798.778
82737.098
82558.704
81169.145
78339.734
76557.106
73957.674
68662.605
64963.708
64301.146
60643.391
56247.925
52972.123
47830.861
43782.514
39290.457
31575.88
25722.67
19106.822
11317.838
12347.066
-15189.548
-3192.9947
-14140.359
-1946.1411
-11441.809
-6568.4057
-11505.255
-11168.423
-9845.0678
-11626.667
-9766.3388
-9892.1714
-10493.521
-9215.0017
-8293.1225
-7928.7644
-4752.3656
-5130.5136
-1258.0651
2110.2549
2753.1284
4391.1887
2985.7396
-87727.658
-58755.38
-76775.975
-56567.466
-79302.589
-67741.396
-76291.972
-69477.948
-67615.74
-67484.311
-64490.092
-63118.274
-58902.555
-54582.045
-50437.386
-45368.06
-40833.729
-35162.421
-27611.192
-24127.375
-16347.283
-13645.07
-2279.606
154285.99
156288.3
171699.97
7067.9321
-3460.43
-36301.361
-60132.085
-28567.428
-35362.771
-197650.06
-207563.07
-201893.06
-141968.54
-151155.43
-163431.44
-140844.59
-144699.68
-156829.25
-124902.05
-124645.45
-135843.68
-126696.84
-132977.61
-143430.84
-123294.47
-122479.53
-129011.95
-126359.64
-125367.48
-126627.07
-122129.6
-117764.56
-126385.8
-119953.37
-116919.5
-124352.43
-115079.46
-111902
-118707.63
-109674.43
-108290.15
-114303.26
-108573.56
-102537.97
-106579.05
-100245.02
-97192.328
-101920.9
-96251.966
-90063.681
-96344.782
-87553.639
-83453.178
-88574.488
-80874.777
-76304.226
-81167.646
-72520.179
-68676.497
-72602.234
-61961.469
-60652.405
-63819.906
-53579.543
-52517.914
-54857.312
-44359.68
-43889.001
-44928.605
-33076.058
-33191.235
-33056.982
-22877.9
-23712.597
-25480.349
-14771.658
-11734.836
-11937.34
-16733.407
-19654.275
-21869.336
6000.9109
277.57813
653.39257
9410.0422
10692.918
9896.6816
143168.18
129974.35
147205.13
152030.04
115701.95
129432.38
152342.03
132435.68
139787.45
144039.43
123147.66
134131.45
146218.54
131356.72
132864.04
141962.38
124392.84
131365.85
141771.14
125323.66
130786.61
137079.3
120021.68
129111.39
134780.14
119320.61
126814.95
126109.75
114947.57
123502.26
120986.78
113399.36
119725.48
119177.38
107309.02
109002.39
111394.89
99860.164
106400.87
105623.52
94380.101
102525.05
97728.971
87604.218
94384.28
90299.19
80525.727
86539.503
80391.419
72048.25
79102.356
69655.447
66166.911
69604.549
61361.43
56932.669
59943.26
50351.129
47225.831
49798.769
39173.501
39092.926
39518.885
29446.166
31033.832
27635.441
25846.159
28003.158
27695.906
45276.122
75736.79
64898.268
77962.429
78191.324
76532.679
80139.429
75462.785
75949.319
71838.2
69322.573
68303.135
66809.288
59033.729
56362.471
51331.317
45486.139
40695.927
35066.261
30460.879
21382.673
17809.878
9013.2541
-33343.482
-9551.0866
-1445.5206
-1081.6711
12349.904
5594.3173
10150.708
11838.752
11097.906
13412.558
12169.1
14731.483
11281.616
12368.468
12683.289
11087.38
10810.764
10637.921
9580.5246
8366.5534
7866.706
6546.7286
7293.3199
-83666.784
-68441.133
-88372.246
-79433.139
-80691.984
-86250.703
-76152.693
-76337.395
-72217.352
-69701.851
-65202.91
-63913.94
-59308.393
-54847.123
-51109.916
-46755.64
-42715.485
-37483.89
-32624.111
-28513.397
-21391.652
-12569.665
-12063.045
102505.69
110238.78
84474.36
87193.755
103586.48
85137.183
75746.041
82332.554
81247.764
74189.388
85880.217
70285.115
77229.176
76104.624
74721.266
76020.897
78337.52
75991.514
65925.624
75106.718
73507.834
71513.676
75959.418
74090.942
61386.275
73055.711
70513.629
63985.356
69785.051
71176.803
62659.173
70801.663
65554.94
56028.416
60551.483
64656.73
53245.483
60949.171
62229.008
49180.321
57637.031
57532.538
46077.211
52926.989
52410.076
42409.803
47781.232
49919.126
37299.224
44818.405
44360.563
37400.241
38405.129
39611.813
29375.75
33277.991
33003.448
26814.808
28573.219
27946.814
19835.094
21492.563
21715.786
16083.602
14558.334
13651.935
-2940.5901
4330.5148
4845.7514
-5407.3462
-33373.614
-16292.805
7091.1302
1757.4062
-9560.064
8097.3106
-2960.792
-13318.843
3696.7426
435.94214
-10215.925
10382.645
4470.8696
-5001.1912
-117.19798
3379.6311
-6141.985
8473.8572
8212.8184
-4703.5381
3310.3347
5182.8174
-5527.3336
4442.7509
5978.3397
-2698.2854
4233.1973
8948.3683
-3385.5435
3786.1108
4462.6263
-3261.3973
3268.2805
5878.9981
-265.4581
2870.984
7611.5956
-293.1453
3853.9659
6951.0776
-678.73255
2861.94
7075.9393
-273.37874
3816.1892
6904.7069
909.12016
2596.7849
7840.1869
325.38266
3312.7563
6595.7962
-201.88641
2348.1341
5111.396
1742.813
1847.7021
6068.0069
2564.8236
2878.8992
4491.3981
2016.6613
4072.2169
6461.4001
2677.768
7198.9123
7521.9029
6263.7698
-74582.984
-101195.71
-96797.422
-59563.276
-57337.319
-73102.659
-61440.965
-91049.269
-80803.564
-80150.704
-71552.214
-86329.828
-69495.138
-84903.352
-79895.137
-67438.147
-77776.064
-81744.574
-67955.559
-79601.112
-82267.135
-65898.421
-82292.47
-76441.471
-67413.222
-73183.349
-75861.609
-65528.39
-75993.601
-73168.348
-61939.385
-69696.52
-69802.172
-59461.584
-66929.7
-65872.104
-54486.437
-65228.138
-62248.5
-52470.763
-59723.762
-58325.874
-47820.218
-56015.466
-54136.749
-44433.189
-50699.576
-49751.558
-38799.826
-46198.17
-44616.33
-34239.863
-40869.486
-39729.202
-29888.955
-34888.581
-32740.297
-24168.555
-27713.675
-27312.219
-20870.201
-22149.13
-22610.393
-8930.3025
-13886.472
-12333.56
-5515.3397
-9232.5226
-7081.8386
)
;

boundaryField
{
    free
    {
        type            calculated;
    }
    bottom
    {
        type            calculated;
    }
    traction
    {
        type            calculated;
    }
}


// ************************************************************************* //
