/*--------------------------------*- C++ -*----------------------------------*\
  =========                 |
  \\      /  F ield         | OpenFOAM: The Open Source CFD Toolbox
   \\    /   O peration     | Website:  https://openfoam.org
    \\  /    A nd           | Version:  6
     \\/     M anipulation  |
\*---------------------------------------------------------------------------*/
FoamFile
{
    version     2.0;
    format      ascii;
    class       pointVectorField;
    location    "1.500100577";
    object      u;
}
// * * * * * * * * * * * * * * * * * * * * * * * * * * * * * * * * * * * * * //

dimensions      [0 1 0 0 0 0 0];

internalField   nonuniform List<vector> 
625
(
(0 0 0)
(0 0 0)
(0.87457247 0.043700444 0.045228095)
(0.84722163 -0.18801545 0.037348135)
(0 0 0)
(0 0 0)
(0.85323196 -0.19767745 0.03653481)
(0.88042893 0.033639729 0.044952873)
(0 0 0)
(0 0 0)
(0 0 0)
(0.86730138 -0.01507834 0.042313909)
(0.86008507 -0.071884784 0.041240084)
(0.85370824 -0.12892017 0.039094855)
(0.00092654654 0.006248938 0.0068093346)
(0.0046241286 0.013982844 0.0071545079)
(0.012449525 0.02109054 0.0091282195)
(0.02388812 0.028850142 0.010290056)
(0.038811714 0.035426276 0.011892277)
(0.057776501 0.042689255 0.013579802)
(0.079933645 0.04853611 0.015409596)
(0.10572674 0.054547974 0.017247994)
(0.13502484 0.0595977 0.019333139)
(0.16751039 0.064064457 0.021153829)
(0.20326601 0.067967392 0.02321058)
(0.2420757 0.070929833 0.024969433)
(0.28376397 0.073262961 0.026912034)
(0.32820159 0.074695236 0.028712672)
(0.3751056 0.075353544 0.030518049)
(0.42442093 0.075079541 0.032235378)
(0.47576353 0.074158464 0.033937364)
(0.52901034 0.072255696 0.035682947)
(0.58406001 0.069416906 0.037269029)
(0.64026391 0.065954525 0.03896731)
(0.69779919 0.061564343 0.040611897)
(0.75603859 0.056728752 0.042235859)
(0.81463414 0.050636489 0.044150672)
(-0.0020293628 -0.0048074967 -0.0073378568)
(0.0037176884 -0.010140231 -0.0052938033)
(0.00975455 -0.016814218 -0.0067063769)
(0.021849308 -0.023840179 -0.0046653903)
(0.035374991 -0.029778622 -0.0040718046)
(0.054009525 -0.037862994 -0.0024187856)
(0.074531729 -0.044256315 -0.0011118667)
(0.099599178 -0.052275769 0.00091668559)
(0.12716437 -0.060063156 0.0023849254)
(0.15823704 -0.067800113 0.0045012381)
(0.19239648 -0.076353131 0.0063834038)
(0.22943602 -0.084586616 0.0085378727)
(0.26945259 -0.093310448 0.010659785)
(0.31206561 -0.10208606 0.01283048)
(0.35730127 -0.11097643 0.015054916)
(0.40484954 -0.11993582 0.017304025)
(0.45469445 -0.12899573 0.019652369)
(0.50637958 -0.13806886 0.021866405)
(0.56011359 -0.14697986 0.02440715)
(0.61511568 -0.15577888 0.026770948)
(0.67173773 -0.16447738 0.029380334)
(0.72930971 -0.17268202 0.031842299)
(0.78774083 -0.18053495 0.034343696)
(0 0 0)
(0 0 0)
(0 0 0)
(0.0012008769 -0.0035044269 0.0051147942)
(0.0057595593 -0.01592742 0.00689877)
(0.01328112 -0.019059998 0.0067235229)
(0.024015769 -0.028189381 0.0072595772)
(0.039706449 -0.03685985 0.0090852923)
(0.05714692 -0.042925677 0.0091177506)
(0.078892842 -0.052366117 0.011458795)
(0.10364938 -0.059606263 0.012257106)
(0.13165493 -0.068131298 0.013937987)
(0.1629095 -0.076345853 0.015417955)
(0.1972594 -0.085017175 0.016887774)
(0.23448803 -0.093528088 0.018622798)
(0.27460984 -0.10242946 0.020067592)
(0.31744598 -0.11131048 0.021638496)
(0.36271173 -0.12030017 0.023210854)
(0.41040253 -0.12942494 0.024755082)
(0.46025417 -0.13852036 0.026297733)
(0.51208285 -0.14759358 0.027828956)
(0.5656908 -0.15665945 0.029393009)
(0.62092264 -0.16549464 0.030886211)
(0.67742844 -0.1742342 0.03242898)
(0.73521241 -0.18238914 0.033897514)
(0.79353542 -0.19053917 0.03542619)
(0.85988213 -0.13873967 0.038615266)
(0.86585426 -0.081938937 0.041029715)
(0.8730732 -0.025525612 0.043611484)
(0.82072286 0.040735142 0.041879614)
(0.76161681 0.046592582 0.039423832)
(0.70351797 0.0515248 0.036947795)
(0.64579834 0.056179019 0.034300797)
(0.58946879 0.05973854 0.031839413)
(0.53448358 0.062581023 0.029295634)
(0.48116861 0.064566157 0.026900408)
(0.42970548 0.065739037 0.024408953)
(0.380338 0.066018779 0.022031857)
(0.33328091 0.065580678 0.019602947)
(0.28869741 0.064164626 0.017200679)
(0.24671907 0.062221582 0.014625817)
(0.20776335 0.05930574 0.012493973)
(0.17169991 0.055774318 0.01003114)
(0.13879391 0.051680278 0.0076983757)
(0.10918111 0.046909985 0.0054895011)
(0.082904043 0.041944072 0.0031287515)
(0.060132517 0.036100891 0.0014276443)
(0.041133467 0.030467977 -0.00080527292)
(0.025223121 0.023763676 -0.0019494356)
(0.013438316 0.018150044 -0.0040320775)
(0.0045986812 0.011217187 -0.0047367143)
(0.0024372176 0.0054045726 -0.0038399742)
(0 0 0)
(0 0 0)
(0 0 0)
(0 0 0)
(0 0 0)
(0 0 0)
(0.84865649 -0.19077049 0.036796656)
(0.85032912 -0.19336639 0.03710274)
(0.85162687 -0.1959031 0.036767444)
(0.87653497 0.041684347 0.04517829)
(0.87791449 0.038975711 0.045040122)
(0.87947292 0.036730548 0.044894937)
(-0.0023016651 0.0042433064 0.0048913547)
(0.0020870766 0.0084807753 0.0042256394)
(0.0094394818 0.012399331 0.0058479968)
(0.020748753 0.016370045 0.0066750678)
(0.035647556 0.019880088 0.0082207445)
(0.054259839 0.023287712 0.0097351324)
(0.076242722 0.025935896 0.011530636)
(0.1018909 0.02847874 0.013313662)
(0.13077607 0.03019954 0.015203772)
(0.16296503 0.031620833 0.017101385)
(0.19835436 0.032372471 0.019059367)
(0.23690982 0.032423871 0.02097779)
(0.27826238 0.031972312 0.022921269)
(0.32236916 0.030758061 0.024784215)
(0.36897043 0.028951012 0.026710402)
(0.4179955 0.026475611 0.02849586)
(0.46903766 0.023345413 0.030445879)
(0.52213633 0.019687335 0.032167428)
(0.57701458 0.015240952 0.033999257)
(0.63306808 0.010294979 0.035885521)
(0.69058807 0.0048082605 0.037595532)
(0.74878962 -0.0010964608 0.039376507)
(0.80782271 -0.0081898487 0.041244701)
(-0.0038124897 0.0013253306 0.00029121902)
(0.0016622019 0.0014569834 0.00030373071)
(0.0083349444 0.0023605979 0.0016738913)
(0.019520569 0.0030230156 0.0025406548)
(0.034542315 0.0026349461 0.0041265407)
(0.05271376 0.0028797862 0.0055584918)
(0.0745406 0.002237482 0.0072267062)
(0.099820627 0.0013806284 0.0090017805)
(0.12828874 0.00019335702 0.010852437)
(0.16035048 -0.0016649031 0.012880078)
(0.19521135 -0.0037276379 0.014686673)
(0.23339306 -0.006550627 0.016798845)
(0.27428585 -0.0096937165 0.018721191)
(0.31798553 -0.013324281 0.020749138)
(0.36421052 -0.017518673 0.022774896)
(0.41280746 -0.022074438 0.024705606)
(0.46359172 -0.027214299 0.026853698)
(0.51628682 -0.032553978 0.028681391)
(0.57064422 -0.038502036 0.03089858)
(0.62647444 -0.044697677 0.032933292)
(0.68382274 -0.051220196 0.034886041)
(0.74202245 -0.058111966 0.037112925)
(0.80131295 -0.064990749 0.039058411)
(-0.0039203149 -0.0019768854 -0.0029147241)
(0.001701456 -0.0046049793 -0.0017661259)
(0.0076866687 -0.0067321212 -0.0019169954)
(0.019617089 -0.0097951021 -0.00062402596)
(0.033900718 -0.013527063 0.00043931695)
(0.051808953 -0.016255664 0.0017042088)
(0.073709504 -0.020825984 0.0034833756)
(0.098308308 -0.024487747 0.0050324199)
(0.12677502 -0.029171317 0.0070205644)
(0.15814727 -0.034115132 0.0088252212)
(0.19278944 -0.039051687 0.010781574)
(0.23055755 -0.044837321 0.012852581)
(0.27099043 -0.050550769 0.014829351)
(0.31432341 -0.056831254 0.016965442)
(0.36005124 -0.063330203 0.01903036)
(0.40830004 -0.070127498 0.021160662)
(0.45853639 -0.077166347 0.023305105)
(0.510948 -0.084337107 0.025446244)
(0.56503118 -0.091797179 0.02767592)
(0.62081984 -0.099236556 0.029779874)
(0.67785743 -0.10696013 0.032064864)
(0.73583209 -0.11434585 0.034317741)
(0.79467436 -0.12180296 0.036675605)
(0 0 0)
(0 0 0)
(0 0 0)
(0 0 0)
(0 0 0)
(0 0 0)
(0 0 0)
(0 0 0)
(0 0 0)
(0.0012155526 -0.0017006602 -0.0033290764)
(0.0022198602 -0.0027098229 -0.0013390988)
(0.0023719535 -0.0022351094 0.0014021704)
(0.0071258532 -0.012847732 -0.0027244077)
(0.0075641594 -0.013664491 -0.00034402615)
(0.0082451034 -0.013817408 0.0034157323)
(0.013358957 -0.017245083 -0.0033263919)
(0.014996427 -0.017214048 -0.00020005727)
(0.015523429 -0.01921691 0.0038482713)
(0.024946205 -0.025024612 -0.0013539547)
(0.026056379 -0.026646084 0.0012140669)
(0.025914622 -0.026661754 0.0044532136)
(0.03939894 -0.032233458 -0.00075226479)
(0.040570468 -0.032978016 0.0017130894)
(0.041507791 -0.035741576 0.0058042105)
(0.056847645 -0.038991831 0.00052704127)
(0.05861882 -0.040899051 0.0036525533)
(0.058886712 -0.041815341 0.0065436724)
(0.078555611 -0.047059376 0.0023248934)
(0.080013001 -0.049050229 0.0047692351)
(0.080141703 -0.050125844 0.0085711873)
(0.10281455 -0.054467045 0.0037118088)
(0.10423481 -0.055667996 0.006357536)
(0.1051401 -0.058419355 0.009639649)
(0.13067558 -0.062362605 0.0055375066)
(0.13249217 -0.064952785 0.0081408546)
(0.13292729 -0.066432367 0.011335461)
(0.16174878 -0.070593794 0.0073744201)
(0.16326028 -0.072331799 0.009786714)
(0.16404199 -0.074593589 0.01296166)
(0.19558812 -0.078773974 0.0091222439)
(0.19753227 -0.081222379 0.011755395)
(0.19821906 -0.083285153 0.014497736)
(0.23289489 -0.087585237 0.01121621)
(0.23448944 -0.089490876 0.013328538)
(0.23533526 -0.091683827 0.016405216)
(0.27261951 -0.095959631 0.013120048)
(0.27438256 -0.098304736 0.01541967)
(0.27522163 -0.10066184 0.017946492)
(0.31526113 -0.10500043 0.015233116)
(0.31696588 -0.10727009 0.017209707)
(0.31793437 -0.10950601 0.019650125)
(0.36031007 -0.11380641 0.017207134)
(0.36206811 -0.11613399 0.019113835)
(0.36303209 -0.11842182 0.021396299)
(0.40780226 -0.12287676 0.01931911)
(0.40949122 -0.12519234 0.021058005)
(0.41054174 -0.1275258 0.023082493)
(0.45739085 -0.13187727 0.021424252)
(0.45912343 -0.13424746 0.022933546)
(0.46021439 -0.13661188 0.024808777)
(0.50900726 -0.14076246 0.023508162)
(0.5107384 -0.14330497 0.024891129)
(0.51186353 -0.14563715 0.026522876)
(0.56241995 -0.14986676 0.025769289)
(0.56412512 -0.15224623 0.026883166)
(0.56527908 -0.15463654 0.028275598)
(0.61741071 -0.15849652 0.027872129)
(0.6190905 -0.1610673 0.028837511)
(0.62029252 -0.1634794 0.029975623)
(0.67376574 -0.16721688 0.030129055)
(0.6753716 -0.1697086 0.030937371)
(0.67661658 -0.17204526 0.03173397)
(0.73117983 -0.17533619 0.032351621)
(0.73281705 -0.17789735 0.03287548)
(0.73416147 -0.18045042 0.03338746)
(0.78943121 -0.18343174 0.034614572)
(0.79092607 -0.18587728 0.034833422)
(0.79238529 -0.18827002 0.035144037)
(0.86933626 -0.01727172 0.043017872)
(0.8707174 -0.019749866 0.043066445)
(0.87220335 -0.022288302 0.043208972)
(0.86143223 -0.074460235 0.041251914)
(0.86330038 -0.076981966 0.04104151)
(0.86438462 -0.079537797 0.040964115)
(0.85540923 -0.13176998 0.038939636)
(0.85711514 -0.13427869 0.038894269)
(0.85832793 -0.13658681 0.038883129)
(0.0038606627 0.005178646 0.0036319454)
(0.0038928958 0.0052232155 0.0010997448)
(0.0045147034 0.0050143651 -0.0010153031)
(0.0077191553 0.012304969 0.0037023669)
(0.0076781483 0.012172993 0.0013943964)
(0.00743652 0.011659769 -0.002543453)
(0.015727775 0.020176377 0.0058239266)
(0.015753193 0.019694784 0.0024427764)
(0.016234075 0.019312022 -0.00083777281)
(0.02670805 0.027008404 0.0067943067)
(0.027896992 0.025979855 0.0037778167)
(0.027683876 0.025020519 0.00029967607)
(0.042457504 0.034118481 0.0084304384)
(0.043011418 0.032992705 0.0055058584)
(0.043041979 0.032371428 0.0021531718)
(0.060770956 0.0406877 0.010241661)
(0.061921933 0.038986154 0.0073734786)
(0.062398509 0.037675879 0.0040103717)
(0.083454786 0.046601757 0.012111845)
(0.084581761 0.044991997 0.0093183883)
(0.084823958 0.04363627 0.0058220107)
(0.10921981 0.052179041 0.014039129)
(0.1102436 0.050479327 0.01135306)
(0.11088884 0.048974013 0.0080369501)
(0.13839514 0.057261085 0.016200529)
(0.13977693 0.055428919 0.013406441)
(0.14038219 0.0536625 0.010260169)
(0.17095918 0.061622507 0.018195116)
(0.172356 0.05970509 0.015580219)
(0.17301969 0.057902633 0.012486308)
(0.20653408 0.065543534 0.020427781)
(0.20818812 0.063386643 0.017567057)
(0.20897662 0.061304324 0.014906929)
(0.2454997 0.068451819 0.022263502)
(0.24696184 0.066230978 0.020121181)
(0.24774818 0.064280104 0.016848071)
(0.28707132 0.070651703 0.02434655)
(0.28859655 0.068422903 0.021932224)
(0.28949129 0.066511598 0.019343494)
(0.331412 0.072148422 0.026271976)
(0.33296077 0.06991154 0.024190078)
(0.33399174 0.067730381 0.021644942)
(0.37823869 0.072773332 0.028286456)
(0.37983338 0.070456655 0.026257774)
(0.38085336 0.068245807 0.023897999)
(0.4274312 0.072597024 0.030131947)
(0.42898504 0.070184116 0.028323284)
(0.43005297 0.067992274 0.026145708)
(0.47867811 0.07147496 0.032111943)
(0.48016658 0.069223347 0.030435648)
(0.48135858 0.066854615 0.028469052)
(0.53166141 0.069698081 0.033929865)
(0.53338188 0.067224454 0.032459858)
(0.53448706 0.06490242 0.030676167)
(0.58657813 0.066992607 0.035799602)
(0.58808944 0.064505539 0.034565164)
(0.5892589 0.062169253 0.033037117)
(0.64261222 0.063475176 0.037704739)
(0.64420179 0.061104309 0.036608715)
(0.64541888 0.058613289 0.035284445)
(0.70002957 0.05930725 0.039535314)
(0.70160322 0.056599976 0.038617528)
(0.70274552 0.054267822 0.03774756)
(0.75803575 0.05400484 0.041392304)
(0.75961769 0.051583755 0.040827992)
(0.76089972 0.049179164 0.040102744)
(0.81702435 0.048662679 0.043554285)
(0.81833919 0.045918462 0.042955807)
(0.81988603 0.043453436 0.042637684)
(-0.00075752656 0.0017228121 -0.0020570615)
(0.0027087686 0.0076672582 -0.0024926517)
(0.010555352 0.0079386417 -0.00036729044)
(0.022663091 0.011936485 0.00023759892)
(0.03785848 0.014261551 0.0017678483)
(0.057119375 0.016631165 0.0036571197)
(0.079404184 0.019033311 0.0053515404)
(0.10533774 0.020720591 0.007325148)
(0.13471257 0.022207576 0.00939845)
(0.16717872 0.023154172 0.011499236)
(0.20300057 0.023736087 0.013594922)
(0.24157641 0.023653056 0.015857976)
(0.28314971 0.022870164 0.017929964)
(0.32743734 0.021543573 0.020271703)
(0.3741985 0.019682024 0.02237858)
(0.4232457 0.017075009 0.024622568)
(0.4744491 0.013821085 0.026852129)
(0.52754746 0.0099811291 0.02905755)
(0.58230785 0.0055101127 0.031336555)
(0.63856725 0.00037725772 0.0335548)
(0.69603787 -0.0052924508 0.035886918)
(0.75433435 -0.011422 0.038259871)
(0.81356519 -0.018339199 0.040726751)
(-0.0030404484 0.00061214298 0.00047920071)
(0.0021967156 0.00024649263 0.00099905741)
(0.010121862 -0.0019017871 0.0019826701)
(0.022271173 -0.0016075331 0.0027970977)
(0.036993016 -0.00255659 0.0038766605)
(0.056125061 -0.0037697412 0.0057511464)
(0.077880079 -0.0046552918 0.0071039995)
(0.10370691 -0.0061198507 0.0090285552)
(0.13253756 -0.0079039702 0.010794525)
(0.16473794 -0.0097444688 0.012692126)
(0.19998899 -0.012520424 0.01471105)
(0.23830353 -0.015105084 0.016570846)
(0.27938102 -0.018708053 0.018678613)
(0.32329923 -0.022348144 0.020613584)
(0.36962732 -0.02662595 0.022568383)
(0.41833719 -0.0314092 0.024603169)
(0.46916581 -0.036518111 0.026585053)
(0.52195062 -0.042105363 0.028564072)
(0.57644464 -0.048104653 0.030616039)
(0.6324504 -0.054443593 0.032569984)
(0.6898195 -0.060947625 0.034746852)
(0.74792911 -0.067918672 0.03667477)
(0.80763579 -0.075077045 0.038758623)
(-0.003163466 -0.0029277555 0.0030780384)
(0.003656148 -0.0048886431 0.002855548)
(0.010778839 -0.012151301 0.0052588094)
(0.021784663 -0.012317112 0.004857638)
(0.037069389 -0.018884012 0.0069421868)
(0.055661476 -0.022705744 0.0078603272)
(0.077077242 -0.026761538 0.0094733585)
(0.10270294 -0.031914505 0.011028002)
(0.13112139 -0.036655538 0.012630911)
(0.16284853 -0.042004324 0.014443451)
(0.19780748 -0.047363637 0.016046483)
(0.23556501 -0.053310979 0.017912846)
(0.27630013 -0.059220499 0.019635591)
(0.31975916 -0.065712728 0.021365595)
(0.36558601 -0.072334178 0.02317108)
(0.41387845 -0.079245267 0.024907402)
(0.46431249 -0.086421157 0.026682504)
(0.51667116 -0.093764308 0.028417121)
(0.57083145 -0.10129607 0.030190788)
(0.6265425 -0.10888424 0.031960318)
(0.68349638 -0.11650995 0.033731477)
(0.74171355 -0.12415924 0.035354125)
(0.80047205 -0.13144659 0.037294565)
(0.0003861482 0.0018922131 0.0023897893)
(-6.9987652e-07 0.001958033 0.00094816539)
(0.00076123321 0.0019016643 -0.00038847383)
(0.0047648265 0.007928026 0.0022726199)
(0.0055922162 0.0075795216 0.00047671486)
(0.0051171958 0.0069005327 -0.0014627551)
(0.012568231 0.011154529 0.0037927409)
(0.012595192 0.0098141088 0.0020521184)
(0.013218328 0.0095967676 0.00055680801)
(0.02376196 0.014853465 0.0046080657)
(0.02519766 0.014397681 0.0029724916)
(0.024883068 0.012750812 0.001512773)
(0.039107425 0.018385919 0.0061832679)
(0.039721603 0.016775048 0.0045606128)
(0.040110115 0.015498654 0.0033971954)
(0.057532934 0.021151961 0.0077197468)
(0.058623344 0.019998796 0.0064079119)
(0.059104456 0.018323658 0.0044744146)
(0.079695439 0.023823542 0.0096946909)
(0.081056399 0.0223229 0.0078536519)
(0.081286669 0.020534168 0.0067611506)
(0.10526558 0.026281936 0.011359032)
(0.10643755 0.024555509 0.010009278)
(0.10699831 0.022560122 0.0084327304)
(0.13420052 0.027816422 0.013500213)
(0.13562161 0.026092758 0.012007181)
(0.13625418 0.024022016 0.010625862)
(0.16639272 0.029321694 0.015312987)
(0.1678878 0.027247406 0.013926526)
(0.16850612 0.025001045 0.012610942)
(0.20183675 0.029823487 0.017372606)
(0.20335958 0.027722378 0.016178011)
(0.20410038 0.025693293 0.014870024)
(0.24021609 0.029903689 0.019403308)
(0.24185927 0.027797048 0.018053914)
(0.24259898 0.02547675 0.016816798)
(0.2815594 0.029403511 0.021412404)
(0.2831151 0.027238976 0.020189507)
(0.28401543 0.025021395 0.01903551)
(0.32551777 0.028188745 0.023413744)
(0.32715429 0.026057331 0.022302906)
(0.32809442 0.023579067 0.021156789)
(0.37205298 0.02642565 0.025370461)
(0.37368783 0.02407142 0.024318618)
(0.37467117 0.021767255 0.023290907)
(0.42092361 0.02389423 0.027377105)
(0.4225581 0.021668374 0.026369121)
(0.42358886 0.019233745 0.025438084)
(0.47193837 0.020874053 0.029216792)
(0.47347318 0.018478321 0.028444748)
(0.4745939 0.016040133 0.027555811)
(0.52468321 0.017129996 0.031296878)
(0.52643081 0.014641981 0.03043703)
(0.52751832 0.012244166 0.029718361)
(0.57938537 0.012731168 0.033192889)
(0.58097177 0.010369145 0.032547087)
(0.58209476 0.0079013815 0.031871021)
(0.63528819 0.0078935524 0.035132738)
(0.63691591 0.005350278 0.034602142)
(0.63812188 0.0028483544 0.034000511)
(0.69261674 0.0024063136 0.037017008)
(0.69423781 -0.000238897 0.036672694)
(0.69545648 -0.0026663337 0.036263752)
(0.75073881 -0.0037040575 0.038983386)
(0.75226475 -0.0061218993 0.03895445)
(0.75351114 -0.0086413744 0.038465383)
(0.80960186 -0.010401518 0.041078594)
(0.81106618 -0.012943796 0.040999351)
(0.8125335 -0.015512873 0.040950608)
(-0.0015940122 0.00035488311 -0.00025499799)
(-0.0013831089 0.00093795494 -0.00032937112)
(-0.00092967954 0.0004769975 0.00014314908)
(0.0036117811 0.0013288238 -0.00049104746)
(0.0043428826 0.00086885969 -5.9603684e-05)
(0.0042707444 0.00036324954 0.00013959307)
(0.011382798 0.0010543204 0.001128965)
(0.012426218 0.0003813021 0.0019552968)
(0.012378243 2.2961007e-05 0.001628577)
(0.022453295 0.0014292404 0.0018400426)
(0.024034433 0.00033407124 0.0022738333)
(0.023663704 -0.0013276621 0.0021377047)
(0.037732378 0.0013152015 0.0035656997)
(0.03885645 -0.00026452269 0.0042425715)
(0.038729558 -0.00079237764 0.0035187375)
(0.055609278 0.00097231778 0.0050559928)
(0.057459126 -0.00059436622 0.0054362645)
(0.057452205 -0.0022635371 0.0052634717)
(0.07780852 0.00044211896 0.0065958492)
(0.079339535 -0.0016943588 0.0070931648)
(0.079373615 -0.0031053085 0.0068342724)
(0.1029806 -0.0007809618 0.008562707)
(0.10468327 -0.0026661181 0.0092084742)
(0.10477953 -0.0043118572 0.0087256398)
(0.13150322 -0.0020290268 0.010400381)
(0.13324737 -0.0043328374 0.010695005)
(0.13367072 -0.0062187213 0.01049841)
(0.16346243 -0.0039516084 0.012348964)
(0.16539857 -0.0061780919 0.012948699)
(0.1655847 -0.007919978 0.012502989)
(0.19851051 -0.0062852353 0.014418751)
(0.20012157 -0.008523694 0.014716804)
(0.20077344 -0.010612435 0.014408484)
(0.23648938 -0.008949562 0.016397429)
(0.23844836 -0.011344941 0.016699425)
(0.2389321 -0.013298262 0.016465526)
(0.27745418 -0.012201116 0.018378238)
(0.27923082 -0.014553373 0.018798335)
(0.27984407 -0.016709474 0.018473437)
(0.32099541 -0.015866948 0.020408864)
(0.3228547 -0.018355726 0.020695335)
(0.32356478 -0.020506895 0.020500906)
(0.36719107 -0.020039022 0.022448046)
(0.36897931 -0.022506456 0.022802391)
(0.36980793 -0.024702518 0.022456385)
(0.4156365 -0.024668339 0.024453646)
(0.41748017 -0.027181098 0.024681666)
(0.41827099 -0.02939482 0.024490464)
(0.46627269 -0.029730939 0.026510005)
(0.46801661 -0.032259202 0.026799133)
(0.46898158 -0.034568735 0.026518914)
(0.51883377 -0.035232349 0.028551138)
(0.52062037 -0.037767371 0.028734357)
(0.52158915 -0.040053923 0.028499097)
(0.57317523 -0.041211555 0.030690501)
(0.57487844 -0.043654791 0.030756098)
(0.5758687 -0.04599054 0.030582889)
(0.62896499 -0.047339068 0.032820729)
(0.63053599 -0.049807762 0.032754462)
(0.63179319 -0.052297561 0.032591748)
(0.68606062 -0.053898993 0.034791616)
(0.68782419 -0.056338188 0.034811805)
(0.6888583 -0.058790814 0.034755713)
(0.7440051 -0.060680705 0.036982137)
(0.74550841 -0.063105643 0.036938125)
(0.74675194 -0.0657181 0.036679591)
(0.80307201 -0.067551823 0.038952187)
(0.80479167 -0.070073228 0.03895537)
(0.80608252 -0.072473345 0.038817522)
(-0.0018273677 -0.0015143871 -0.0016459818)
(-0.0018284724 -0.0016816205 0.00051841112)
(-0.0010225378 -0.0017651041 0.0013637764)
(0.0048356596 -0.00489959 -0.00052424406)
(0.0059188349 -0.0036739992 0.00047415361)
(0.0056448141 -0.0050151231 0.0019054964)
(0.011084596 -0.0074694483 -0.00037386477)
(0.012140258 -0.0096113346 0.0015337574)
(0.012560646 -0.010392264 0.0030979769)
(0.023150898 -0.011439942 0.00048107569)
(0.023696919 -0.011054841 0.0018952005)
(0.024343603 -0.012823242 0.0034794227)
(0.037343159 -0.014492795 0.0020012447)
(0.038662415 -0.016439276 0.0037164932)
(0.039155606 -0.017340951 0.0052129614)
(0.055621647 -0.018436536 0.0029537301)
(0.056524023 -0.019393852 0.0044118655)
(0.057422508 -0.021464658 0.0060092328)
(0.077305655 -0.022723967 0.0048761623)
(0.078653108 -0.024218446 0.0066461259)
(0.079141841 -0.025874858 0.0079139012)
(0.10198157 -0.026688212 0.00640754)
(0.10317742 -0.028508877 0.0078355067)
(0.1040549 -0.030390533 0.009272097)
(0.13049387 -0.0316707 0.0082990551)
(0.13189355 -0.033247558 0.0097969681)
(0.13268003 -0.035252147 0.011101343)
(0.16182165 -0.036442706 0.010134775)
(0.16317732 -0.038393381 0.011518648)
(0.16405728 -0.040552955 0.012880773)
(0.19639662 -0.041691123 0.012014508)
(0.19797192 -0.043791782 0.013426912)
(0.19889883 -0.045801777 0.01462048)
(0.23408749 -0.04744026 0.014052281)
(0.23558095 -0.049453733 0.015329101)
(0.23651227 -0.051713575 0.016480433)
(0.27441957 -0.053240229 0.015951855)
(0.27596661 -0.055492883 0.017155928)
(0.27698989 -0.057663928 0.018348582)
(0.31763793 -0.059587058 0.018008702)
(0.31918143 -0.061742612 0.019185936)
(0.32027569 -0.06401384 0.020152664)
(0.36327993 -0.066094216 0.020001902)
(0.3648413 -0.068386238 0.021043656)
(0.36600213 -0.070677056 0.021998855)
(0.41132772 -0.072898683 0.022051208)
(0.41289989 -0.07524647 0.022997453)
(0.41404429 -0.077475733 0.023864307)
(0.46153126 -0.079995208 0.024074059)
(0.4630414 -0.08227495 0.024962335)
(0.46433557 -0.084638808 0.02571337)
(0.51364072 -0.087150359 0.026096321)
(0.5152849 -0.089680192 0.026875998)
(0.51651653 -0.091911315 0.027554535)
(0.56764315 -0.094665036 0.028216908)
(0.56911226 -0.097012158 0.028882901)
(0.57044163 -0.099356662 0.029441172)
(0.62294135 -0.10207974 0.030275457)
(0.62468234 -0.10456591 0.030799421)
(0.62598832 -0.10694035 0.031326901)
(0.67972408 -0.10958856 0.032351722)
(0.68139007 -0.11217931 0.032855399)
(0.68261323 -0.11452463 0.033207922)
(0.73763239 -0.1171901 0.03462686)
(0.73925086 -0.11973369 0.034865803)
(0.74067578 -0.12199106 0.035127791)
(0.79622531 -0.12452425 0.036769193)
(0.79779886 -0.1269049 0.036894237)
(0.79920452 -0.12948046 0.036867615)
)
;

boundaryField
{
    free
    {
        type            calculated;
    }
    bottom
    {
        type            calculated;
    }
    traction
    {
        type            calculated;
    }
}


// ************************************************************************* //
