/*--------------------------------*- C++ -*----------------------------------*\
  =========                 |
  \\      /  F ield         | OpenFOAM: The Open Source CFD Toolbox
   \\    /   O peration     | Website:  https://openfoam.org
    \\  /    A nd           | Version:  6
     \\/     M anipulation  |
\*---------------------------------------------------------------------------*/
FoamFile
{
    version     2.0;
    format      ascii;
    class       pointScalarField;
    location    "4.59984034313753831";
    object      p;
}
// * * * * * * * * * * * * * * * * * * * * * * * * * * * * * * * * * * * * * //

dimensions      [1 -1 -2 0 0 0 0];

internalField   nonuniform List<scalar> 
625
(
1217810.4
-1779473.7
11149.259
15729.681
2210969.5
-3814646.5
11795.253
1215.2609
958430.88
-110063.72
-66384.101
-10179.457
5195.1675
9363.1312
533987.47
557806.34
572809
545451.31
489958.05
481618.5
428536.97
396197.86
374052.03
333475.49
305521.63
266303.68
239443.69
209716.01
181401.71
156549.11
133931.77
108024.44
89617.107
70763.4
51845.639
35642.291
25352.611
-620308.79
-479917.69
-547160.24
-443698.21
-416653.22
-414922.47
-344772.55
-338036.17
-305657.01
-271498.3
-252975.41
-216095.38
-196944.69
-167271.76
-146631.43
-122793.85
-100683.91
-84535.858
-63583.995
-51306.719
-36575.322
-18371.955
-5880.4004
1211418.5
-303048.33
-392058.68
-695070.01
-815127.84
-595726.33
-537914.23
-632429.72
-458659.84
-518057.55
-447634.17
-391499.32
-360492.02
-322053.98
-285028.6
-253255.83
-216970.91
-186111.15
-158598.89
-129102.29
-105051.43
-82202.162
-59112.309
-37849.785
-24153.987
-3585.219
14754.535
1020.3851
-1460.3137
24573.856
30172.594
50000.843
65556.746
88872.452
111282.26
135844.79
163777.75
187344.8
221479.1
254682.74
291924.15
311417.23
353501.76
381449.75
424635.34
458368.46
471233.52
576845.62
505073.74
663435.85
572946.05
619325.12
1311592.9
1294203.8
1197280.7
-1626321.8
-2250388
-2323418.8
19719.911
18902.253
20875.949
-1336.9021
4975.4038
-586.59817
311993.88
370633.71
353560.58
318814.42
301847.62
283713.06
256731.5
241342.64
218727.58
194029.39
172716.8
159422.74
141543.87
122803.46
108676.81
90994.238
78132.434
64968.369
48112.171
37326.952
26254.208
17065.695
15773.923
-95092.438
-63544.247
-76905.129
-25922.62
-50913.948
-24817.663
-33409.685
-26442.745
-20781.33
-18025.598
-15925.937
-10703.731
-11095.369
-6945.4787
-4141.3955
-3282.3753
3361.5234
1384.1239
6149.5588
9212.2461
8876.9907
9273.8696
7947.0542
-431139.42
-275226.05
-331196.6
-248001.33
-299167.97
-234963.28
-244505.21
-207947.16
-186147.48
-173386.65
-151835.65
-136499.14
-119673.09
-102032.07
-87270.985
-71448.046
-58126.672
-47162.02
-31908.263
-25603.247
-14496.706
-9101.4601
2252.3997
749534.78
777216.41
890677.1
-35725.747
-81661.782
-209013.56
-336780.29
-136958.93
-102181.06
-1038465.5
-1053339.8
-1036304
-724511.72
-749253.32
-814046.59
-611154.85
-610254.51
-665908.61
-507854.45
-504327.51
-539058.73
-485160.47
-493117.28
-532124.81
-434739.38
-429064.98
-443661.77
-412471.32
-410946.51
-406760.27
-374452.49
-359881.77
-384773.52
-339061.09
-334737.51
-350008.96
-305881.27
-297697.29
-314335.8
-270440.67
-267618.82
-283358
-248471.55
-235856.95
-246292.22
-212128.91
-208966.79
-219927.04
-189669.55
-178970.15
-192264.86
-159497.52
-153273.43
-163388.07
-135284.17
-128632.02
-137509.71
-111283.24
-105468.71
-112043.43
-84968.319
-84216.135
-88766.509
-66936.956
-64922.777
-68192.14
-47542.497
-47234.525
-48762.114
-28936.622
-29039.882
-29192.671
-15682.476
-16409.013
-17809.976
-5842.3199
-2752.1689
-3506.1195
-10348.594
-13281.905
-13012.944
9239.8113
4274.911
5250.111
13639.942
15489.835
15043.739
668393.49
631263
690570.19
686313.99
556340.76
632624.62
646441.96
582650.56
626478.92
582034
514009.74
561451.93
555432.71
507851.7
525578.31
507439.51
454683.32
480163.69
474232.08
428310.52
445195.37
434009.74
386601.4
411669.29
399298.64
356754.29
374137.45
352535.41
324337.63
341887.22
318688.86
297310.56
308037.67
292357.73
263999.71
261637.98
254494.39
231750.23
239282.76
226214.67
204547.86
214317.82
194695.42
178014.36
183729.78
167408.91
151187.1
156840.6
135865.32
127145.38
132653.11
112951.74
106228.51
107961.03
88990.389
84161.405
85512.175
67434.975
64071.196
65734.852
47394.379
47041.198
46860.544
32904.433
33560.524
31357.216
24963.482
27962.629
26416.612
270728.53
382700.42
295560.04
338067.54
303588.51
286174.1
278923.11
244944.31
229358.76
202767.12
182476.16
166821.73
154187.88
127754.09
115301.46
97967.333
81648.195
68801.053
55084.661
45063.802
31083.017
24421.042
14725.269
-105344.55
5566.2289
-4376.4792
17198.548
40460.955
33235.923
27788.364
37982.355
30862
32281.095
30884.779
34226.575
24248.926
26200.697
26384.337
21887.984
21099.874
19969.367
16820.667
14286.824
13022.471
10945.357
11300.248
-313696.81
-209439.95
-371979.69
-289027.39
-292978.74
-305131.37
-254126.9
-241597.6
-221062.59
-198328.2
-176399.66
-162401.19
-141001.17
-122694.71
-105597.44
-89820.333
-75015.305
-60010.496
-47177.022
-36878.395
-23999.098
-10287.612
-8478.0338
448417.32
497403.32
427214.62
352173.93
455257.2
384735
293332.4
317089.25
331844.28
270804.1
333251.73
286014.1
274854.13
269369.66
274544.97
249621.15
266618.58
263858.73
217236.15
239653.78
237586.06
217777.67
226539.64
220597.98
180703.57
206613.77
200314.98
176524.97
186221.36
188590.13
161192.58
177780.07
161507.37
139563.41
141577.71
152805.06
125150.11
134561.33
136764.08
109922.38
119361.01
117745.08
96129.586
101080.42
100562.33
82348.307
86540.345
90304.454
69226.774
74759.577
74021.282
61887.205
59320.541
61738.521
45933.765
47845.928
49100.427
38544.481
39087.77
37859.263
26442.6
27538.572
28266.907
20755.432
20138.484
17911.447
1627.6431
7674.4224
8134.7289
-101022.62
-154496.61
-95605.347
-11504.492
-19655.481
-49973.296
-9191.3884
-36207.155
-42513.679
-20683.835
-8733.2462
-55493.856
13547.588
-4124.9461
-16983.541
-14514.272
6892.0093
-24842.112
16600.638
13517.053
-15925.397
2083.3824
14924.051
-14968.605
12917.922
13995.149
-6867.606
11049.636
25507.57
-6221.8509
17527.192
13894.9
-6427.7889
14251.846
17459.463
2287.5659
13294.956
23331.84
3910.6103
15779.809
19886.486
3130.4959
12799.861
21144.865
5270.1747
14990.927
19968.06
7873.7545
11730.521
20327.618
6722.6533
12504.914
17204.247
6957.919
11265.081
14551.856
10277.894
10074.458
14972.962
9790.7198
10453.679
11569.652
9581.9698
10800.981
12244.83
8022.5506
12089.277
11481.855
10194.314
-363635.16
-471040.96
-397472.54
-320418.24
-261342.56
-328702.32
-274135.06
-405915.89
-350994.21
-352739.89
-292836.45
-370619.3
-271221.4
-325077.12
-312986.47
-256514.43
-282446.33
-308809.78
-241200.5
-265708.71
-287973.1
-210178.1
-254420.55
-256548.44
-200787.42
-218121.3
-234791.28
-179480.96
-205403.08
-215652.17
-156972.11
-182340.98
-189189.94
-141624.55
-160393.2
-167284.28
-119096.48
-146270.93
-147400.98
-106089.92
-124031.39
-128337.37
-88830.872
-107498.34
-110521.4
-76064.672
-89795.536
-93476.919
-61215.132
-74451.56
-77383.885
-48307.959
-59700.85
-62260.238
-37597.319
-45255.837
-46419.406
-27276.806
-32772.628
-33983.284
-20549.323
-22141.139
-25074.755
-4995.4041
-9574.847
-9561.9657
-1741.0703
-5274.2968
-3367.4653
)
;

boundaryField
{
    free
    {
        type            calculated;
    }
    bottom
    {
        type            calculated;
    }
    traction
    {
        type            calculated;
    }
}


// ************************************************************************* //
