/*--------------------------------*- C++ -*----------------------------------*\
  =========                 |
  \\      /  F ield         | OpenFOAM: The Open Source CFD Toolbox
   \\    /   O peration     | Website:  https://openfoam.org
    \\  /    A nd           | Version:  6
     \\/     M anipulation  |
\*---------------------------------------------------------------------------*/
FoamFile
{
    version     2.0;
    format      ascii;
    class       pointVectorField;
    location    "2.400078318575429";
    object      u;
}
// * * * * * * * * * * * * * * * * * * * * * * * * * * * * * * * * * * * * * //

dimensions      [0 1 0 0 0 0 0];

internalField   nonuniform List<vector> 
625
(
(0 0 0)
(0 0 0)
(2.1908375 -0.20252769 -0.018435534)
(2.0583986 -0.69840179 -0.047830617)
(0 0 0)
(0 0 0)
(2.0891226 -0.70433077 -0.049330525)
(2.2212927 -0.20882879 -0.019280306)
(0 0 0)
(0 0 0)
(0 0 0)
(2.1570944 -0.3271419 -0.026662601)
(2.1239197 -0.44994518 -0.033192493)
(2.0914875 -0.57326408 -0.040724631)
(0.0058805619 0.022389669 0.021100919)
(0.022705397 0.04593906 0.022764718)
(0.053965431 0.06787466 0.024012321)
(0.097407247 0.086868834 0.023758204)
(0.15103655 0.1019044 0.023353866)
(0.21567721 0.11389059 0.022714969)
(0.28798009 0.12116589 0.021790772)
(0.36859208 0.12508768 0.020828978)
(0.45615582 0.12479966 0.019725361)
(0.54969798 0.12079229 0.018188155)
(0.64873642 0.11351769 0.016671247)
(0.75249594 0.10252224 0.014575219)
(0.86042682 0.088760737 0.012603012)
(0.97188281 0.071926685 0.010270501)
(1.0864334 0.052610653 0.0078428201)
(1.2036625 0.030734282 0.0051636767)
(1.3229867 0.0070614118 0.0024443251)
(1.4441885 -0.01882606 -0.00036910193)
(1.5669293 -0.046462389 -0.0034110314)
(1.6905565 -0.075356044 -0.0063160321)
(1.815193 -0.10569439 -0.0093375629)
(1.9401965 -0.13668595 -0.012342012)
(2.0651148 -0.16910026 -0.015005456)
(-0.0039553409 -0.019825303 -0.027114921)
(0.01487883 -0.039371022 -0.023491169)
(0.040198795 -0.063987216 -0.027269247)
(0.078745723 -0.087043813 -0.024966314)
(0.1245021 -0.10967773 -0.025313483)
(0.18180922 -0.13522837 -0.024720027)
(0.24462445 -0.15912949 -0.024918198)
(0.31714028 -0.18546767 -0.02449983)
(0.3953046 -0.21253445 -0.025171561)
(0.48031879 -0.23997519 -0.025369257)
(0.5708861 -0.26917925 -0.02617623)
(0.66674753 -0.29887474 -0.026838809)
(0.7671749 -0.32974691 -0.028011294)
(0.87173274 -0.36126463 -0.029251114)
(0.98008376 -0.3936357 -0.030735575)
(1.0915865 -0.42652977 -0.032376214)
(1.2061675 -0.46007521 -0.034108262)
(1.3228717 -0.49393828 -0.03617691)
(1.4421872 -0.52806364 -0.037964266)
(1.5628216 -0.56229129 -0.040083728)
(1.6852609 -0.5966752 -0.042000404)
(1.8087153 -0.63076185 -0.044127495)
(1.933094 -0.66463748 -0.046226414)
(0 0 0)
(0 0 0)
(0 0 0)
(0.0046593262 -0.012159441 0.018138778)
(0.021234131 -0.049051856 0.020072332)
(0.050476533 -0.062027427 0.015126476)
(0.089596431 -0.087961993 0.01122075)
(0.13985372 -0.11486412 0.010402158)
(0.19685456 -0.13553996 0.0053264435)
(0.26268785 -0.16385888 0.0042995863)
(0.33586659 -0.18889375 0.00091038406)
(0.41577267 -0.21615536 -0.0017681783)
(0.50207765 -0.24433193 -0.0045643977)
(0.59390344 -0.27340982 -0.0075644712)
(0.69080331 -0.30330971 -0.010286924)
(0.79228846 -0.33430818 -0.013482921)
(0.89790661 -0.36596551 -0.016608047)
(1.0070455 -0.39834515 -0.019816717)
(1.1193976 -0.43152584 -0.023056403)
(1.2345401 -0.46503802 -0.026407606)
(1.3520577 -0.49910724 -0.029737339)
(1.4715927 -0.53341732 -0.033038911)
(1.5928975 -0.56784475 -0.036408978)
(1.7154587 -0.60240127 -0.039656674)
(1.8393412 -0.63658859 -0.042876284)
(1.9635629 -0.67076808 -0.04595197)
(2.1223438 -0.57937642 -0.041853888)
(2.1542908 -0.45608903 -0.033997867)
(2.1874047 -0.33376548 -0.026029726)
(2.0957684 -0.17531124 -0.017808415)
(1.9702258 -0.14290781 -0.015794114)
(1.8452034 -0.11178956 -0.013853628)
(1.7202233 -0.081083137 -0.012209233)
(1.5961113 -0.052002224 -0.01047984)
(1.4729988 -0.024337561 -0.0089858965)
(1.3512604 0.0016070714 -0.0074929652)
(1.2312107 0.025646461 -0.0063053326)
(1.1132528 0.047463292 -0.0052095405)
(0.99784375 0.067012108 -0.0044185051)
(0.88536004 0.083785509 -0.0038803017)
(0.77624164 0.097980979 -0.0039081101)
(0.67144509 0.10878808 -0.0035768971)
(0.57101835 0.11641357 -0.0041076539)
(0.47595739 0.12065236 -0.0048599507)
(0.38691023 0.12109081 -0.0058750173)
(0.30470878 0.11815599 -0.007464852)
(0.22985411 0.11069083 -0.0086321253)
(0.16495435 0.099806274 -0.011066698)
(0.10773814 0.084178692 -0.012167261)
(0.062616279 0.067148211 -0.015833377)
(0.028150639 0.044464255 -0.016701328)
(0.01450514 0.022149707 -0.01358235)
(0 0 0)
(0 0 0)
(0 0 0)
(0 0 0)
(0 0 0)
(0 0 0)
(2.0658931 -0.70016724 -0.048554014)
(2.0737173 -0.70185673 -0.048411211)
(2.081143 -0.70337605 -0.048931976)
(2.1990408 -0.20377039 -0.018653835)
(2.20656 -0.2054621 -0.018956933)
(2.2143255 -0.20681906 -0.019211826)
(-0.0041003446 0.013007608 0.014727289)
(0.013846082 0.025291112 0.011709692)
(0.043360525 0.036309185 0.012542338)
(0.085668629 0.04473667 0.012107162)
(0.13815947 0.050487126 0.011697712)
(0.20092868 0.053341276 0.011165713)
(0.27179128 0.052518791 0.010547735)
(0.35075933 0.048934634 0.0097288688)
(0.43640759 0.041850767 0.0086221361)
(0.52815147 0.031976851 0.0074225872)
(0.62545982 0.019140034 0.0059516753)
(0.72776263 0.0032873273 0.0043083026)
(0.83412271 -0.014839031 0.002429194)
(0.94421624 -0.035522508 0.00034161167)
(1.0575162 -0.058246059 -0.001846002)
(1.1735943 -0.082966807 -0.0043257276)
(1.2919619 -0.10938331 -0.0067499239)
(1.4123829 -0.13728498 -0.0094650652)
(1.5344905 -0.1667226 -0.012185038)
(1.6575851 -0.19710972 -0.014835122)
(1.7819234 -0.22852472 -0.017746609)
(1.9066161 -0.26054092 -0.020522833)
(2.0317434 -0.29390973 -0.02322618)
(-0.0091674672 0.0026457866 -0.00026555767)
(0.009687484 0.002407474 -0.0017614397)
(0.038195345 0.003656832 -0.00071200401)
(0.078660989 0.0020266613 -0.00096122105)
(0.13022458 -0.0024530594 -0.00086982028)
(0.19083813 -0.0083166513 -0.00098835114)
(0.25969644 -0.017084405 -0.001404302)
(0.33663623 -0.028179585 -0.0019819741)
(0.42000611 -0.041657505 -0.0027391036)
(0.51010921 -0.057743812 -0.0034806202)
(0.60525262 -0.075850778 -0.0049710624)
(0.7056426 -0.096480824 -0.0060990984)
(0.81017623 -0.11889727 -0.0077772959)
(0.91871541 -0.14319391 -0.0095274738)
(1.030495 -0.16923655 -0.011467535)
(1.1452772 -0.19668223 -0.013684209)
(1.2625471 -0.22561759 -0.01576305)
(1.381928 -0.2554296 -0.018359697)
(1.5029946 -0.28644976 -0.020599306)
(1.6254712 -0.31816887 -0.023102658)
(1.7493267 -0.35065383 -0.025750975)
(1.8737821 -0.38362385 -0.028123636)
(1.9992234 -0.41690124 -0.030792452)
(-0.01080815 -0.0089854488 -0.010771106)
(0.0085894271 -0.016990209 -0.010747463)
(0.0348304 -0.026801797 -0.012273505)
(0.075571171 -0.038963879 -0.011899526)
(0.12466941 -0.053367692 -0.012239762)
(0.18319057 -0.067611464 -0.012292037)
(0.25042489 -0.085318489 -0.012596978)
(0.32468821 -0.1034757 -0.012918922)
(0.40629383 -0.12401939 -0.013436655)
(0.49369348 -0.1462247 -0.014229233)
(0.58705156 -0.1697575 -0.015243703)
(0.6853448 -0.19532414 -0.016295226)
(0.78800259 -0.22197911 -0.017769534)
(0.89475856 -0.25018115 -0.019271881)
(1.0048928 -0.27948119 -0.021051179)
(1.1182532 -0.30992799 -0.022939103)
(1.2340787 -0.34119127 -0.024981856)
(1.3524353 -0.37320305 -0.027171947)
(1.4726137 -0.405945 -0.029337865)
(1.594586 -0.4390604 -0.031753824)
(1.7177009 -0.47269116 -0.034005981)
(1.8417663 -0.50619009 -0.036324247)
(1.9665549 -0.53989813 -0.038590283)
(0 0 0)
(0 0 0)
(0 0 0)
(0 0 0)
(0 0 0)
(0 0 0)
(0 0 0)
(0 0 0)
(0 0 0)
(0.0072289405 -0.0074064419 -0.011440124)
(0.010119786 -0.010430971 -0.0040799702)
(0.010007629 -0.0086887878 0.0056863542)
(0.026863673 -0.044996974 -0.014122679)
(0.028915667 -0.046548303 -0.0043041629)
(0.030156334 -0.046106862 0.0087752627)
(0.051536838 -0.064181919 -0.015861052)
(0.056345408 -0.063226327 -0.0056781245)
(0.057666821 -0.066161441 0.0064716757)
(0.088867037 -0.088928495 -0.014940749)
(0.093927144 -0.090827884 -0.0063970418)
(0.093704911 -0.089423372 0.003306421)
(0.13625701 -0.11352665 -0.016212239)
(0.14056543 -0.11384306 -0.0086423414)
(0.14331889 -0.11649398 0.0019727935)
(0.19095631 -0.13718119 -0.016756354)
(0.19715174 -0.13850833 -0.0084663643)
(0.19919788 -0.13870397 -0.0010406618)
(0.25544758 -0.16264932 -0.016878198)
(0.26103302 -0.16462194 -0.010966684)
(0.26351305 -0.16409229 -0.0021453005)
(0.32671054 -0.18877645 -0.018062237)
(0.33259244 -0.18905755 -0.011786737)
(0.33616268 -0.191304 -0.0046415345)
(0.40503716 -0.21518207 -0.018724288)
(0.41137054 -0.21728109 -0.013378329)
(0.4150719 -0.21776973 -0.0068428044)
(0.48986351 -0.24329896 -0.019829841)
(0.49618706 -0.24454905 -0.015003343)
(0.50050645 -0.24568027 -0.0090598599)
(0.58014847 -0.27194418 -0.021206248)
(0.58697018 -0.27370212 -0.016624255)
(0.5916369 -0.27470362 -0.011606012)
(0.67599154 -0.30213541 -0.022419772)
(0.68272935 -0.30316146 -0.018877348)
(0.68788301 -0.30424381 -0.013831091)
(0.77623323 -0.33231874 -0.02412042)
(0.7832133 -0.33389488 -0.020561674)
(0.78857397 -0.33524658 -0.01660597)
(0.88075903 -0.36407724 -0.025762943)
(0.88779658 -0.36551361 -0.022891995)
(0.89366316 -0.36667447 -0.019336976)
(0.98889781 -0.39615009 -0.027773618)
(0.99616205 -0.39761175 -0.025228295)
(1.0022476 -0.39881006 -0.022137914)
(1.1003928 -0.42905685 -0.029813731)
(1.1077087 -0.43048312 -0.027661432)
(1.1141227 -0.43177121 -0.025052582)
(1.2146715 -0.46235499 -0.032020096)
(1.2221584 -0.46382654 -0.030249328)
(1.2287795 -0.46514612 -0.028042634)
(1.3315128 -0.49596048 -0.034369803)
(1.3390391 -0.49764961 -0.032888816)
(1.345906 -0.49893642 -0.031073633)
(1.4503852 -0.53021382 -0.036591754)
(1.4580736 -0.53166277 -0.035487376)
(1.4650785 -0.53304165 -0.034078789)
(1.5711785 -0.56419818 -0.039077015)
(1.5788355 -0.56587711 -0.038204064)
(1.5860095 -0.56728598 -0.037168712)
(1.6933406 -0.59856277 -0.041414778)
(1.7010176 -0.60012839 -0.04076013)
(1.7083804 -0.60148993 -0.040146965)
(1.816701 -0.63254842 -0.043822275)
(1.824442 -0.63418275 -0.043477915)
(1.831863 -0.63575792 -0.043188364)
(1.9408274 -0.66657499 -0.046164446)
(1.9484942 -0.66807178 -0.046125611)
(1.9561532 -0.66954644 -0.046008184)
(2.1653432 -0.32856288 -0.026180329)
(2.1729153 -0.33006027 -0.026286847)
(2.1805233 -0.33166755 -0.026289645)
(2.1314289 -0.45153418 -0.03333221)
(2.1394133 -0.45314903 -0.033695815)
(2.1466518 -0.45466184 -0.033929833)
(2.0992245 -0.57517984 -0.041037443)
(2.1071052 -0.57680625 -0.041256625)
(2.1145233 -0.57809713 -0.041407097)
(0.015709016 0.018827396 0.011334682)
(0.017446333 0.019934266 0.0036284479)
(0.019265814 0.020842108 -0.0035739106)
(0.033399915 0.042849312 0.011924944)
(0.034794064 0.043997686 0.0035058535)
(0.035921016 0.043667603 -0.0082954581)
(0.064741072 0.065881203 0.014242025)
(0.067356674 0.06659489 0.004246508)
(0.069487623 0.06744087 -0.005871589)
(0.10701792 0.084306406 0.01402813)
(0.11164598 0.084145132 0.0051927805)
(0.11293273 0.084284786 -0.0046549324)
(0.16195485 0.099965783 0.014283672)
(0.16604731 0.099992307 0.0061816142)
(0.1681258 0.10085919 -0.0028279532)
(0.22511587 0.11171139 0.014380552)
(0.2302881 0.11038601 0.0069153417)
(0.23341026 0.11057255 -0.0016634255)
(0.29825157 0.11868867 0.01407585)
(0.30343285 0.11822598 0.0074105515)
(0.30660178 0.11799081 -0.00084231133)
(0.37858435 0.12224881 0.013683852)
(0.38387122 0.12152236 0.0074276671)
(0.38791455 0.1214506 7.1319677e-05)
(0.46585011 0.1220547 0.01313855)
(0.4717662 0.12126724 0.007289951)
(0.47609618 0.12089611 0.00066303847)
(0.55934479 0.11817349 0.012288385)
(0.56552865 0.11721108 0.0069526924)
(0.57019692 0.11679544 0.00087246731)
(0.65812648 0.11103824 0.011402583)
(0.66483666 0.10972043 0.0060890551)
(0.66989911 0.10898389 0.0010363172)
(0.76210422 0.10005584 0.0096982802)
(0.76857498 0.098718084 0.0058655171)
(0.77395607 0.098298107 9.894767e-05)
(0.86973453 0.08622091 0.0082079763)
(0.87653716 0.084964368 0.0041222342)
(0.88236089 0.084591675 -0.00022649507)
(0.98118484 0.069610858 0.0062851401)
(0.98813053 0.068337288 0.0029185706)
(0.99428655 0.067545499 -0.0011436921)
(1.0956042 0.050343637 0.0043628485)
(1.1027574 0.048998773 0.0012263025)
(1.1090844 0.04818401 -0.0023352451)
(1.2127235 0.028705194 0.0020232787)
(1.2199191 0.027268755 -0.0006278585)
(1.2265398 0.026430945 -0.0037683839)
(1.3319405 0.0048322658 -0.00019620038)
(1.3392813 0.0035900348 -0.0025693925)
(1.3461213 0.0025177617 -0.005296178)
(1.4529026 -0.020782366 -0.0027412161)
(1.4604894 -0.022294956 -0.0047960908)
(1.4674163 -0.023334415 -0.0071360984)
(1.575543 -0.048186062 -0.0053520893)
(1.5830127 -0.049683558 -0.0070054938)
(1.5901371 -0.050797292 -0.0089295077)
(1.6990205 -0.077107762 -0.0079490835)
(1.7066836 -0.078472115 -0.0093609964)
(1.7138986 -0.079818414 -0.010970081)
(1.8235833 -0.1071384 -0.010674201)
(1.8311688 -0.10891294 -0.011818878)
(1.8384353 -0.11011014 -0.012869292)
(1.9482297 -0.13860454 -0.013366017)
(1.9559488 -0.14003807 -0.014111329)
(1.9633982 -0.14139649 -0.014980647)
(2.0736928 -0.17040817 -0.015755984)
(2.081129 -0.17212835 -0.016479439)
(2.0888062 -0.17364305 -0.016949125)
(0.0012586245 0.0067297615 -0.0090382829)
(0.020522338 0.027990555 -0.0097498095)
(0.051230653 0.032628187 -0.0065095782)
(0.096652233 0.042605576 -0.0068857156)
(0.15119287 0.047418628 -0.0058972919)
(0.21561153 0.049344911 -0.0045625826)
(0.28831556 0.048711968 -0.0044323356)
(0.36868828 0.044406015 -0.0039947484)
(0.45601175 0.037216264 -0.0039118035)
(0.54916878 0.026994195 -0.0040119311)
(0.64802486 0.014045322 -0.0046034926)
(0.75121763 -0.0016253168 -0.005094936)
(0.85863908 -0.020135312 -0.0062432116)
(0.96981368 -0.040870229 -0.0072256314)
(1.0840203 -0.063592172 -0.0087568228)
(1.2008493 -0.088391851 -0.010308463)
(1.3199539 -0.1149575 -0.012059992)
(1.4409247 -0.14302213 -0.013988397)
(1.5633688 -0.17243751 -0.015966823)
(1.6870286 -0.2031365 -0.01810006)
(1.8115718 -0.2347047 -0.020216716)
(1.936531 -0.26702001 -0.022346149)
(2.0620598 -0.30030685 -0.024386009)
(-0.0062584119 0.0043380795 0.00067405566)
(0.01542817 0.0059418008 -3.1954731e-05)
(0.046491088 0.0017806047 0.00022831479)
(0.09140716 0.00093850378 -0.00052772792)
(0.14326248 -0.0037937966 -0.0011046779)
(0.20676174 -0.01105231 -0.0012458629)
(0.27690736 -0.019846433 -0.0018978813)
(0.355583 -0.031484498 -0.0025380816)
(0.44056073 -0.045399937 -0.0034565934)
(0.53189218 -0.061523209 -0.0044681025)
(0.62842874 -0.080187337 -0.0057268189)
(0.72993036 -0.10058978 -0.0072091456)
(0.83551722 -0.12342692 -0.0087453407)
(0.94508027 -0.14775461 -0.010591814)
(1.0577332 -0.17385081 -0.012653793)
(1.1732649 -0.20159655 -0.014729657)
(1.2911652 -0.23050636 -0.017002905)
(1.4111328 -0.26066509 -0.019408118)
(1.5327286 -0.29183212 -0.021782686)
(1.6556613 -0.32384978 -0.024346474)
(1.7798258 -0.35633676 -0.026699848)
(1.9042569 -0.3894985 -0.029307094)
(2.0301623 -0.42323558 -0.031798776)
(-0.0083151135 -0.0071653802 0.0085387848)
(0.01685927 -0.011376555 0.0061283643)
(0.046155043 -0.030523488 0.010004634)
(0.087394328 -0.03599675 0.0050474719)
(0.13934356 -0.053918543 0.0054905863)
(0.20009573 -0.069507696 0.0032958385)
(0.2681555 -0.086220115 0.0017799379)
(0.3446581 -0.10580936 -1.6047342e-05)
(0.42735416 -0.12661617 -0.0017992263)
(0.51626117 -0.14904782 -0.0037608834)
(0.61076792 -0.1731138 -0.0059709054)
(0.70995782 -0.19886368 -0.0080707739)
(0.81381054 -0.22566747 -0.010576016)
(0.92145191 -0.25421879 -0.013072744)
(1.0323896 -0.2836442 -0.015718994)
(1.1464452 -0.3142866 -0.018453185)
(1.2630315 -0.34581074 -0.021290836)
(1.3818123 -0.37808552 -0.024202356)
(1.5024416 -0.41106464 -0.027114721)
(1.6246444 -0.44443129 -0.030034682)
(1.7479448 -0.47810864 -0.032946528)
(1.8722989 -0.5120724 -0.036004944)
(1.9971233 -0.54571566 -0.038643907)
(0.0032723459 0.0061544239 0.006867158)
(0.0036591124 0.0071119469 0.0028599594)
(0.0058024298 0.0069175729 -0.0019547619)
(0.023352085 0.024685009 0.0059084219)
(0.026854385 0.024903996 0.00053537051)
(0.026719917 0.024412907 -0.0059894013)
(0.053600084 0.034288695 0.0065051145)
(0.056259939 0.032943655 0.0016983684)
(0.058027685 0.033792454 -0.0029650964)
(0.095557625 0.04269998 0.006336974)
(0.10075366 0.043418265 0.0018555856)
(0.10125924 0.042062841 -0.002780509)
(0.14875507 0.048696346 0.0062848607)
(0.15299077 0.047601049 0.0022189842)
(0.1553621 0.047030838 -0.0015201737)
(0.21087733 0.050548368 0.0061437413)
(0.21602683 0.050275194 0.0026708231)
(0.21866434 0.049512244 -0.0018573093)
(0.28180083 0.050006901 0.0061275793)
(0.2875551 0.049381981 0.002190037)
(0.29022932 0.048373822 -0.001018624)
(0.36050909 0.046347816 0.0053882183)
(0.36614998 0.045411233 0.0023606828)
(0.36965215 0.044515863 -0.0011592301)
(0.44608105 0.039164303 0.004887873)
(0.45215347 0.03838847 0.0018856194)
(0.45614764 0.037288614 -0.0011948547)
(0.53775792 0.029515877 0.0038671082)
(0.54410108 0.028250452 0.0011938308)
(0.54838052 0.0270329 -0.0015526327)
(0.63507754 0.016387711 0.0026867301)
(0.64158353 0.015078565 0.00044659351)
(0.6463929 0.014285753 -0.0020846742)
(0.73704304 0.00077250179 0.0014561627)
(0.74391489 -0.0004082356 -0.00085037817)
(0.74895342 -0.0015830163 -0.0031850736)
(0.84337007 -0.017350054 -0.00018031555)
(0.85020242 -0.018548473 -0.0022220657)
(0.85577036 -0.019597643 -0.004241402)
(0.95331155 -0.037875163 -0.0019409334)
(0.96044581 -0.039040599 -0.0036883914)
(0.96625477 -0.040402719 -0.0056371559)
(1.0665314 -0.060465799 -0.0039581004)
(1.073732 -0.06188045 -0.0055495487)
(1.0798445 -0.062999786 -0.0072008282)
(1.1824656 -0.085127827 -0.0060590684)
(1.1898407 -0.086369326 -0.007503655)
(1.1962189 -0.087666068 -0.0089762953)
(1.3008262 -0.11137935 -0.0084952258)
(1.3081831 -0.11278415 -0.009598619)
(1.3148159 -0.11409221 -0.01092521)
(1.4209307 -0.13923219 -0.010745137)
(1.4285681 -0.14076944 -0.011898229)
(1.4353449 -0.14203617 -0.012974423)
(1.5428759 -0.16850997 -0.013303436)
(1.5504661 -0.16987421 -0.01420223)
(1.5574276 -0.17126539 -0.015142824)
(1.665889 -0.19875501 -0.015884274)
(1.6735458 -0.20035005 -0.016571358)
(1.6806797 -0.20179458 -0.017415927)
(1.7900449 -0.23011305 -0.018539402)
(1.7977326 -0.23178672 -0.01903613)
(1.805004 -0.2332171 -0.019655115)
(1.9146563 -0.26231812 -0.021122448)
(1.9223239 -0.26380287 -0.021285342)
(1.9296631 -0.26528276 -0.021964387)
(2.0397284 -0.29527293 -0.023564932)
(2.0473419 -0.2968667 -0.023810581)
(2.0549493 -0.29848696 -0.024007496)
(-0.0025844021 0.0010232175 -0.0009365102)
(-0.0010509679 0.0029937995 -0.00092718927)
(0.00073221222 0.0021452059 0.00087319175)
(0.018145327 0.0030724811 -0.0028367299)
(0.021446974 0.0033773924 -0.0019459689)
(0.021460937 0.0025614889 -0.0015590512)
(0.047995018 0.0019735811 -0.0020551289)
(0.051932622 0.0016464048 0.00016565466)
(0.052477195 0.0021436281 -0.00041360483)
(0.088723379 -6.3472943e-05 -0.0021528821)
(0.094183808 -0.000436283 -0.0011492921)
(0.094394083 -0.0018743867 -0.0013702137)
(0.14029468 -0.0040718618 -0.0020302103)
(0.14532979 -0.0052897169 -0.00038559589)
(0.14649878 -0.0048925808 -0.0017827)
(0.20028306 -0.010579071 -0.0021159621)
(0.20652204 -0.011687756 -0.0012020629)
(0.20797222 -0.012374652 -0.0017825924)
(0.26956218 -0.019162696 -0.00265651)
(0.27545226 -0.02086667 -0.0015197687)
(0.27773774 -0.021149549 -0.0022526785)
(0.34612338 -0.030600731 -0.0029848501)
(0.35245962 -0.031993786 -0.0018922114)
(0.35508681 -0.032484135 -0.0029204382)
(0.42952909 -0.04404954 -0.0036775296)
(0.43595102 -0.045766755 -0.0029987235)
(0.43950666 -0.046500239 -0.0037111077)
(0.51929995 -0.060063797 -0.0045943817)
(0.52617929 -0.061896798 -0.0036819331)
(0.52979668 -0.062265301 -0.0046891627)
(0.61468833 -0.078474049 -0.005589809)
(0.62125627 -0.079942577 -0.005106949)
(0.62579566 -0.08083289 -0.005942271)
(0.7147431 -0.098786476 -0.0069103495)
(0.72186869 -0.10054079 -0.0065089082)
(0.7265608 -0.10110967 -0.0072109027)
(0.8193584 -0.1211757 -0.0085225741)
(0.82647156 -0.12274483 -0.0080256407)
(0.83154985 -0.12365089 -0.0088405674)
(0.92769085 -0.14540066 -0.010228774)
(0.93497211 -0.1471773 -0.0099132357)
(0.94049049 -0.14802039 -0.010554973)
(1.0394632 -0.17133035 -0.012136732)
(1.0468038 -0.17296392 -0.011797233)
(1.0527039 -0.17389508 -0.012603451)
(1.1540878 -0.19876336 -0.014235943)
(1.161611 -0.20043121 -0.014087856)
(1.1677188 -0.20138915 -0.014679343)
(1.2712381 -0.22749366 -0.016417987)
(1.2787576 -0.22915177 -0.016214751)
(1.2852175 -0.23024789 -0.016881946)
(1.3904878 -0.2574676 -0.018729647)
(1.3981466 -0.25905701 -0.018700627)
(1.4048245 -0.26017461 -0.019292586)
(1.5115312 -0.28843072 -0.021043562)
(1.5192355 -0.28995165 -0.021162214)
(1.5260634 -0.29113858 -0.021623555)
(1.6340188 -0.32010898 -0.023433831)
(1.6416286 -0.32159282 -0.023699399)
(1.648841 -0.32302029 -0.024133098)
(1.7576079 -0.3524976 -0.026041922)
(1.7655195 -0.35403029 -0.026217563)
(1.7725906 -0.35539858 -0.026517505)
(1.8818649 -0.38533989 -0.028453931)
(1.8895216 -0.38678103 -0.028684189)
(1.8968279 -0.38836343 -0.029145996)
(2.0071084 -0.41855757 -0.031077759)
(2.0149867 -0.42014676 -0.031244956)
(2.0224589 -0.42156702 -0.031563988)
(-0.0033400034 -0.004918732 -0.0055882884)
(-0.0032171797 -0.0053334766 0.0011871474)
(-0.0012408075 -0.0051821432 0.0043559598)
(0.019892094 -0.016570642 -0.0062646566)
(0.023597768 -0.01331962 -0.0010786375)
(0.022860945 -0.014353031 0.0034136006)
(0.046134398 -0.02762041 -0.0074338902)
(0.049897609 -0.030581116 -0.0017171342)
(0.051187832 -0.030329716 0.0034799051)
(0.086963138 -0.041623981 -0.0078688168)
(0.090679699 -0.040171337 -0.0029779667)
(0.092668636 -0.040756485 0.001708897)
(0.13566266 -0.054694463 -0.0079746457)
(0.1404837 -0.056518524 -0.0032684691)
(0.14275493 -0.056072271 0.00054469093)
(0.19433165 -0.070682259 -0.008819499)
(0.19892816 -0.071329579 -0.0049072637)
(0.20232038 -0.071602369 -0.00087921195)
(0.26104917 -0.087978114 -0.0092192719)
(0.2663625 -0.088774826 -0.0050085732)
(0.26972246 -0.089035291 -0.0020698343)
(0.33519886 -0.10632736 -0.0098531886)
(0.34056749 -0.10762361 -0.0066452649)
(0.34478441 -0.10791211 -0.0035889235)
(0.41654494 -0.12711401 -0.010766238)
(0.42235338 -0.12812457 -0.0076303458)
(0.42684659 -0.12842794 -0.0050142632)
(0.50387749 -0.14908904 -0.011761963)
(0.50983523 -0.15019327 -0.0090582661)
(0.51478443 -0.15089456 -0.0066356473)
(0.59689551 -0.17268291 -0.013060943)
(0.60320893 -0.17418069 -0.010553801)
(0.60860636 -0.17455501 -0.0085250733)
(0.69503806 -0.19813739 -0.01434222)
(0.7015164 -0.19931661 -0.012241528)
(0.70710974 -0.20011076 -0.010438009)
(0.79753089 -0.22470111 -0.016086012)
(0.80416026 -0.22612294 -0.014234016)
(0.8102023 -0.22684994 -0.012533822)
(0.90410002 -0.25284074 -0.017814076)
(0.91094943 -0.25411143 -0.016140901)
(0.9172505 -0.2549763 -0.014836708)
(1.0141397 -0.28203717 -0.019804534)
(1.0211106 -0.28336938 -0.018434745)
(1.0277407 -0.28433746 -0.017268646)
(1.1272718 -0.31230562 -0.021887848)
(1.1344401 -0.31372141 -0.020741674)
(1.1412152 -0.31464748 -0.019765859)
(1.2430789 -0.34356961 -0.024177736)
(1.2502996 -0.34483925 -0.02316272)
(1.2573915 -0.34599173 -0.022411223)
(1.3611305 -0.37540095 -0.026552449)
(1.3685956 -0.37699378 -0.025747042)
(1.3757731 -0.37803175 -0.025136747)
(1.4812288 -0.40815222 -0.028897424)
(1.4886498 -0.40949053 -0.028299919)
(1.495993 -0.41070247 -0.027851971)
(1.6027014 -0.44109054 -0.031391)
(1.6104814 -0.44264518 -0.030996198)
(1.6178648 -0.44394105 -0.030611196)
(1.7256468 -0.47441365 -0.033888979)
(1.7333905 -0.47606919 -0.033555284)
(1.7407669 -0.47735726 -0.033346997)
(1.8496322 -0.50809823 -0.03620438)
(1.8573636 -0.50973613 -0.036149503)
(1.8649813 -0.51099783 -0.036071356)
(1.9742176 -0.54168008 -0.038665268)
(1.9819654 -0.54311128 -0.038700293)
(1.9895184 -0.54472433 -0.038915489)
)
;

boundaryField
{
    free
    {
        type            calculated;
    }
    bottom
    {
        type            calculated;
    }
    traction
    {
        type            calculated;
    }
}


// ************************************************************************* //
