/*--------------------------------*- C++ -*----------------------------------*\
  =========                 |
  \\      /  F ield         | OpenFOAM: The Open Source CFD Toolbox
   \\    /   O peration     | Website:  https://openfoam.org
    \\  /    A nd           | Version:  6
     \\/     M anipulation  |
\*---------------------------------------------------------------------------*/
FoamFile
{
    version     2.0;
    format      ascii;
    class       pointVectorField;
    location    "3.200104424767328";
    object      u;
}
// * * * * * * * * * * * * * * * * * * * * * * * * * * * * * * * * * * * * * //

dimensions      [0 1 0 0 0 0 0];

internalField   nonuniform List<vector> 
625
(
(0 0 0)
(0 0 0)
(1.4167798 -0.0093805686 0.098745306)
(1.3569409 -0.34877037 0.075612671)
(0 0 0)
(0 0 0)
(1.3733976 -0.37189834 0.074369093)
(1.4330366 -0.032895379 0.098056416)
(0 0 0)
(0 0 0)
(0 0 0)
(1.4013022 -0.094985267 0.092028215)
(1.3861008 -0.17870666 0.087143577)
(1.3716879 -0.26275638 0.081191642)
(0.0038324881 0.014021352 0.013794737)
(0.013102011 0.029846459 0.014991845)
(0.031057533 0.043908932 0.018263978)
(0.05592318 0.057751087 0.020531899)
(0.087160648 0.068929681 0.023522827)
(0.12525724 0.07969986 0.026920066)
(0.1683366 0.087447961 0.03059696)
(0.21695517 0.094262863 0.034493536)
(0.27044436 0.098751907 0.038840101)
(0.32815649 0.10153419 0.042898351)
(0.39000847 0.10275636 0.047417961)
(0.45551603 0.10199217 0.051570606)
(0.52434765 0.099827643 0.055974275)
(0.59619986 0.095985813 0.060222459)
(0.6706875 0.090748439 0.064450287)
(0.74768633 0.084029148 0.068519071)
(0.82667732 0.076221198 0.072596275)
(0.907601 0.06705401 0.076562715)
(0.99018751 0.056591336 0.080361697)
(1.0738471 0.045352246 0.084218451)
(1.1587391 0.032950507 0.087952853)
(1.2442251 0.020039159 0.091662049)
(1.3299199 0.0058012 0.095617144)
(-0.0033029594 -0.01034 -0.01538743)
(0.0089938254 -0.020939674 -0.01160205)
(0.023360753 -0.034193791 -0.013186568)
(0.047891117 -0.04703849 -0.0089624145)
(0.075586588 -0.058358405 -0.0069410722)
(0.11164904 -0.07266035 -0.003188659)
(0.15064421 -0.084328834 0.00012103485)
(0.19662838 -0.098411875 0.0045685082)
(0.24603814 -0.1121373 0.008196338)
(0.300349 -0.12583307 0.012801019)
(0.35861964 -0.14077743 0.017040305)
(0.42054077 -0.15537177 0.021613749)
(0.48598473 -0.17076175 0.026085611)
(0.55449093 -0.18634654 0.030584983)
(0.62595351 -0.20225246 0.035063222)
(0.6999435 -0.21839164 0.039510694)
(0.77644546 -0.23483127 0.043999243)
(0.85479359 -0.25133605 0.048244526)
(0.93538117 -0.26794142 0.052850909)
(1.0171953 -0.28444908 0.057170051)
(1.1007046 -0.30104169 0.061763395)
(1.1851694 -0.31720181 0.066166132)
(1.2705336 -0.3331097 0.070629832)
(0 0 0)
(0 0 0)
(0 0 0)
(0.0035808367 -0.0078145749 0.010880581)
(0.01409212 -0.033001954 0.013561206)
(0.031268236 -0.039865385 0.012256545)
(0.054129691 -0.057031045 0.012640676)
(0.085543099 -0.07398059 0.015334933)
(0.12005919 -0.085316353 0.015453144)
(0.16104842 -0.10261895 0.019196043)
(0.2067566 -0.11597179 0.020926754)
(0.257094 -0.1312924 0.023976188)
(0.31185741 -0.14617248 0.027007159)
(0.37065583 -0.16159002 0.03007712)
(0.43308286 -0.17687663 0.033604961)
(0.49897302 -0.1926977 0.036824402)
(0.56808758 -0.2085997 0.040246246)
(0.63988854 -0.22469011 0.043706577)
(0.71439228 -0.2411261 0.047139266)
(0.79119227 -0.25758244 0.050564496)
(0.87006372 -0.27420528 0.053984782)
(0.95074842 -0.29093415 0.05744098)
(1.0330651 -0.30754176 0.060823058)
(1.1166284 -0.32418905 0.064275215)
(1.2014554 -0.34034655 0.067698518)
(1.2867487 -0.35655471 0.071212011)
(1.3882903 -0.28604888 0.080286505)
(1.4022522 -0.20216945 0.086509734)
(1.4174435 -0.11889997 0.092884499)
(1.3463867 -0.017549638 0.09295909)
(1.2600938 -0.0034475687 0.088416469)
(1.1746388 0.0095736452 0.083804871)
(1.0894308 0.022281974 0.078962285)
(1.0054095 0.033695479 0.074219231)
(0.92259279 0.044156396 0.06930415)
(0.84131532 0.053483592 0.064438644)
(0.76180153 0.06164978 0.059363247)
(0.68434984 0.068488846 0.054306608)
(0.60927496 0.07415493 0.049079784)
(0.53677261 0.078223402 0.043795771)
(0.46716808 0.08118267 0.038174777)
(0.40101907 0.082311517 0.033087048)
(0.33833674 0.082059972 0.0275131)
(0.2796103 0.080264471 0.022077868)
(0.22527005 0.07679597 0.016764556)
(0.17563193 0.072072341 0.011320662)
(0.13107786 0.065106905 0.0068319715)
(0.092811702 0.057274838 0.0016203864)
(0.059381743 0.04691846 -0.0018350009)
(0.033590245 0.037019013 -0.0066553155)
(0.013632027 0.023936692 -0.0089312479)
(0.006652493 0.012061692 -0.008113812)
(0 0 0)
(0 0 0)
(0 0 0)
(0 0 0)
(0 0 0)
(0 0 0)
(1.3609413 -0.3548565 0.074962993)
(1.3652178 -0.3608413 0.07516167)
(1.3690962 -0.36671965 0.074701285)
(1.4213847 -0.014826066 0.098578727)
(1.4253579 -0.020860552 0.098332602)
(1.4295434 -0.026487905 0.0981024)
(-0.0027694065 0.0087941419 0.010059263)
(0.0077671806 0.017577213 0.0087317808)
(0.024810804 0.025310015 0.011654692)
(0.04938048 0.032388471 0.013470861)
(0.080397077 0.038043177 0.016513942)
(0.11776103 0.042613295 0.019672541)
(0.16040184 0.0453081 0.023402994)
(0.20854831 0.046979965 0.027260526)
(0.26121632 0.046820712 0.03131555)
(0.31827351 0.045481685 0.035550293)
(0.37941487 0.042653583 0.039873405)
(0.44434298 0.038272908 0.044187425)
(0.51251612 0.032804797 0.048546467)
(0.58373719 0.025891025 0.0528077)
(0.65766208 0.017913225 0.057101016)
(0.73409581 0.0087695788 0.061218529)
(0.81261321 -0.0013789498 0.065430838)
(0.89313894 -0.012402246 0.069380542)
(0.97541103 -0.024490989 0.073379689)
(1.0587609 -0.037234533 0.077388198)
(1.1435277 -0.050705339 0.081176041)
(1.2288472 -0.064674891 0.085025553)
(1.3148759 -0.079906798 0.088918607)
(-0.0061285019 0.0027786298 0.00084940884)
(0.0057968914 0.0035853672 0.00089225509)
(0.02182088 0.0055331524 0.0036386598)
(0.045857374 0.0064958411 0.0056315732)
(0.076816639 0.0054117601 0.0088271261)
(0.11322241 0.0046392936 0.012068081)
(0.15524795 0.002116395 0.015688382)
(0.20254469 -0.0013207759 0.019581415)
(0.25426718 -0.005685533 0.023667252)
(0.31083204 -0.01153749 0.028073842)
(0.37093013 -0.018044339 0.032153773)
(0.43508185 -0.026014977 0.036729202)
(0.50237963 -0.034766476 0.041019425)
(0.57286771 -0.044473136 0.045419258)
(0.64608359 -0.05517259 0.049776063)
(0.72182431 -0.066560818 0.053970096)
(0.79981587 -0.078878327 0.058360739)
(0.87974539 -0.09161838 0.062342951)
(0.96131588 -0.10520149 0.066675962)
(1.0443335 -0.1191868 0.070784203)
(1.1288119 -0.1336898 0.074758685)
(1.2140414 -0.14862997 0.079002945)
(1.3003574 -0.16368828 0.082938927)
(-0.0069441102 -0.0039642848 -0.0057726557)
(0.0053226022 -0.0083094642 -0.0039634564)
(0.020066908 -0.012563311 -0.0037237049)
(0.044964436 -0.018324505 -0.00097952041)
(0.074533706 -0.025487663 0.0016255745)
(0.11011106 -0.031285452 0.0046822942)
(0.15184086 -0.040056292 0.0084859936)
(0.19774014 -0.047782799 0.01218407)
(0.24906082 -0.057236518 0.016463597)
(0.30424428 -0.067290326 0.02056284)
(0.36371525 -0.077647171 0.024897191)
(0.42694339 -0.08938882 0.029372398)
(0.49334741 -0.10125488 0.033677565)
(0.56305264 -0.11410429 0.038171796)
(0.63540236 -0.12741648 0.042510598)
(0.71046445 -0.14130506 0.046877884)
(0.7876284 -0.15567257 0.051207477)
(0.86702134 -0.17034226 0.055442331)
(0.94812952 -0.18550342 0.059768271)
(1.0309291 -0.20078349 0.063887091)
(1.1149426 -0.21646998 0.068183558)
(1.1998956 -0.23190079 0.072435138)
(1.2856933 -0.24747992 0.076761959)
(0 0 0)
(0 0 0)
(0 0 0)
(0 0 0)
(0 0 0)
(0 0 0)
(0 0 0)
(0 0 0)
(0 0 0)
(0.0035923334 -0.0038935722 -0.0069797005)
(0.005759811 -0.0060533623 -0.0028719279)
(0.0061206845 -0.0052153634 0.0028850294)
(0.016141265 -0.026247935 -0.0064847979)
(0.0174622 -0.028192899 -0.001294618)
(0.01889701 -0.029092313 0.0063919385)
(0.03059085 -0.035920926 -0.0067964322)
(0.03404411 -0.036533602 -0.00085821501)
(0.035281789 -0.040534306 0.0067294155)
(0.053953164 -0.050150249 -0.0032069795)
(0.056750829 -0.053571983 0.0016175323)
(0.056830578 -0.054527196 0.0074832391)
(0.083111061 -0.063843847 -0.0014648255)
(0.0857639 -0.066268838 0.002761041)
(0.087964737 -0.071774122 0.0096801906)
(0.11697464 -0.076175884 0.0014343161)
(0.12079369 -0.08042806 0.0065149062)
(0.12185469 -0.083125545 0.011163303)
(0.15765393 -0.09050593 0.00522749)
(0.16084309 -0.09517899 0.0088419741)
(0.16204497 -0.098298203 0.014721955)
(0.20231073 -0.10387197 0.0084623451)
(0.20557693 -0.10733603 0.012300726)
(0.20776862 -0.11323392 0.017078826)
(0.25203959 -0.11770578 0.012438948)
(0.25574929 -0.12345243 0.015926005)
(0.25754379 -0.12751927 0.020373959)
(0.30625106 -0.13225879 0.016450355)
(0.30965696 -0.13683076 0.019549571)
(0.31194461 -0.14215813 0.023767184)
(0.364101 -0.14663829 0.020365312)
(0.36801279 -0.152364 0.02358244)
(0.37031807 -0.157471 0.027080386)
(0.42623884 -0.16204915 0.024745317)
(0.42986329 -0.167052 0.027176269)
(0.43247118 -0.17247494 0.030947435)
(0.49140974 -0.1769422 0.028858348)
(0.49521468 -0.18260204 0.031470676)
(0.49787489 -0.18826773 0.034401197)
(0.55993298 -0.19287815 0.0332112)
(0.5637361 -0.19847524 0.035326967)
(0.56669169 -0.20402447 0.038065529)
(0.63121926 -0.208622 0.037326749)
(0.63515862 -0.21431359 0.039322408)
(0.63818631 -0.21995255 0.041800381)
(0.70519801 -0.22486065 0.041575037)
(0.70912812 -0.23056029 0.043325815)
(0.71234892 -0.23628647 0.045437638)
(0.78145735 -0.24115051 0.045743634)
(0.78549567 -0.24693955 0.047215501)
(0.78884615 -0.2526954 0.049115149)
(0.85987005 -0.25750953 0.049830958)
(0.86394766 -0.26346778 0.051165073)
(0.86742473 -0.26919034 0.0527505)
(0.94010166 -0.27423561 0.054113554)
(0.94425297 -0.28001365 0.055125409)
(0.94782923 -0.28580421 0.056425244)
(1.0220086 -0.29056783 0.058151311)
(1.0261645 -0.29656554 0.059015045)
(1.0298476 -0.30236759 0.060033024)
(1.1052602 -0.30717084 0.06237912)
(1.109397 -0.31305292 0.063068467)
(1.1131969 -0.31876952 0.06371287)
(1.1896152 -0.32321867 0.066545624)
(1.1938135 -0.32918782 0.066940138)
(1.1977137 -0.33511935 0.067307073)
(1.2747895 -0.33935751 0.070766545)
(1.278887 -0.34517772 0.07087251)
(1.282957 -0.35096033 0.071059229)
(1.4059688 -0.10062031 0.092602109)
(1.4099649 -0.10644356 0.092549909)
(1.4140402 -0.11235923 0.092589584)
(1.3900432 -0.1846223 0.087047966)
(1.3944963 -0.19052998 0.086729092)
(1.398173 -0.19640842 0.086546273)
(1.3759479 -0.26896234 0.080926397)
(1.3802569 -0.27486353 0.080771017)
(1.3840912 -0.28050226 0.080663295)
(0.0096891607 0.01171326 0.0071795018)
(0.0098734856 0.011695925 0.0020708758)
(0.010691286 0.011620019 -0.0023532173)
(0.019237363 0.026533726 0.0079689569)
(0.01923458 0.026149975 0.0030745365)
(0.019115536 0.025177705 -0.0043798394)
(0.0372805 0.041516025 0.011829153)
(0.037844599 0.040376981 0.0053876269)
(0.03865106 0.039445692 -0.0007518478)
(0.061291093 0.053998728 0.01400669)
(0.063549048 0.051753243 0.0084578538)
(0.06346139 0.049820914 0.0023137926)
(0.09363026 0.065608855 0.017423116)
(0.095144904 0.063010071 0.012268413)
(0.095613697 0.061280399 0.0066455277)
(0.13057328 0.075319505 0.021212458)
(0.13302576 0.071583027 0.016459724)
(0.13428513 0.068735605 0.010987128)
(0.17439929 0.082859187 0.025254437)
(0.1768258 0.079143992 0.020808983)
(0.17786524 0.075976522 0.01543246)
(0.22281934 0.088945246 0.029492797)
(0.22520922 0.084953619 0.02540964)
(0.22699085 0.081423946 0.020511345)
(0.27608849 0.093325321 0.03414445)
(0.27904712 0.088978532 0.030090688)
(0.28086042 0.0849229 0.025651531)
(0.33385352 0.095896352 0.038671301)
(0.33692356 0.091282381 0.035030702)
(0.33897337 0.087026839 0.030839525)
(0.3954999 0.096992446 0.043549957)
(0.39896431 0.091967395 0.039749042)
(0.40128132 0.087204535 0.036216099)
(0.46120109 0.096111091 0.047959174)
(0.46453385 0.090864214 0.045186263)
(0.46698639 0.086239358 0.041001198)
(0.52987645 0.093713737 0.052651536)
(0.53337526 0.088447337 0.049597314)
(0.53611043 0.083738072 0.046425597)
(0.60168032 0.089941362 0.057140996)
(0.60530865 0.084589906 0.054605488)
(0.60830637 0.079442151 0.051540634)
(0.67612687 0.084641368 0.061715055)
(0.67989683 0.079148043 0.059274079)
(0.68298779 0.073923778 0.056502885)
(0.75303559 0.078028158 0.065997341)
(0.75683749 0.072407445 0.063880188)
(0.76010522 0.067125244 0.061379569)
(0.83199871 0.070002297 0.07041393)
(0.8358438 0.064525949 0.06847515)
(0.83931315 0.059018735 0.066235397)
(0.91268101 0.060990007 0.0745599)
(0.91679664 0.055246492 0.072848517)
(0.92027543 0.049741785 0.070866678)
(0.99519486 0.050715737 0.078678312)
(0.99916735 0.044945441 0.077258362)
(1.0027941 0.039399378 0.075573388)
(1.0787284 0.039418453 0.082770824)
(1.0828454 0.033759738 0.081526273)
(1.0865536 0.028009596 0.080072955)
(1.163547 0.027275497 0.086737363)
(1.1676349 0.021235962 0.085692469)
(1.171345 0.015630264 0.084720027)
(1.2487647 0.013902561 0.090695549)
(1.2529295 0.0081502941 0.090014329)
(1.2568035 0.0024435398 0.089191661)
(1.3349338 0.00035659581 0.094922384)
(1.3388275 -0.0056979825 0.094224665)
(1.3429603 -0.011521401 0.093802559)
(-0.00033621849 0.0034063331 -0.0044779722)
(0.0096661249 0.014700509 -0.0042628975)
(0.027620989 0.015729746 -0.00010759061)
(0.053925449 0.022021046 0.0017843158)
(0.085959959 0.025046039 0.0053933353)
(0.12445009 0.027332752 0.0096834424)
(0.16805538 0.028977134 0.013643657)
(0.21689869 0.02877585 0.018192807)
(0.27064196 0.027686802 0.022882683)
(0.32847768 0.025228836 0.027668304)
(0.39057245 0.021735551 0.03243429)
(0.45596923 0.016920761 0.037433366)
(0.52479571 0.010767614 0.042119569)
(0.59668786 0.0035329548 0.047115312)
(0.67120312 -0.0046305294 0.051744719)
(0.7480725 -0.013969553 0.056465173)
(0.82710158 -0.024316272 0.061101081)
(0.90798047 -0.035517764 0.065613349)
(0.99041531 -0.047610854 0.070149016)
(1.0742214 -0.060570233 0.074538001)
(1.159102 -0.074205671 0.078992473)
(1.2446471 -0.088416828 0.083444175)
(1.3309893 -0.10351891 0.087953468)
(-0.0046044694 0.0013463022 0.00093378982)
(0.0082007086 0.00074452335 0.002032295)
(0.026228312 -0.0032631312 0.0038550992)
(0.0525246 -0.0037279791 0.0057660422)
(0.083288609 -0.0066184169 0.0082512837)
(0.12141309 -0.010179393 0.01188184)
(0.16375998 -0.013967086 0.015136184)
(0.21205562 -0.018795298 0.019124506)
(0.26462816 -0.024689414 0.023110148)
(0.3217213 -0.030954134 0.027269293)
(0.38262834 -0.038843478 0.031679336)
(0.44735491 -0.046867665 0.035855509)
(0.51521003 -0.056442017 0.040393667)
(0.58635114 -0.066371064 0.044682484)
(0.66004797 -0.077261358 0.048936775)
(0.7362637 -0.089045674 0.053278877)
(0.81465018 -0.1013558 0.057484408)
(0.89498104 -0.11440785 0.061638874)
(0.97694678 -0.12808956 0.06582958)
(1.0603483 -0.14226016 0.06985997)
(1.1450284 -0.1567699 0.074113456)
(1.2302697 -0.17180338 0.078063732)
(1.3170604 -0.18724444 0.082183293)
(-0.0051862137 -0.0055052098 0.0061949364)
(0.010379436 -0.0094103171 0.0057485937)
(0.027135328 -0.023359169 0.0099410297)
(0.051095967 -0.025120124 0.0092083118)
(0.082581652 -0.037483574 0.01266023)
(0.11928857 -0.045910644 0.01465449)
(0.16077923 -0.05446884 0.017637985)
(0.2083064 -0.065160563 0.020812054)
(0.25984574 -0.075256964 0.024135216)
(0.31579141 -0.08636122 0.027842095)
(0.37594599 -0.097752473 0.031368387)
(0.43947376 -0.10999698 0.035283035)
(0.50659767 -0.12239981 0.039063665)
(0.57678498 -0.13571576 0.042857898)
(0.64957651 -0.14929213 0.046749504)
(0.72504716 -0.16343282 0.050549268)
(0.80273081 -0.17800824 0.054363908)
(0.88237194 -0.19292139 0.058111061)
(0.9638091 -0.20821476 0.061883743)
(1.0467463 -0.223681 0.065637525)
(1.1308713 -0.23931563 0.069387182)
(1.2161431 -0.25508124 0.072976614)
(1.3019521 -0.27056128 0.076931709)
(0.0020261692 0.0039605934 0.0047189156)
(0.0015769682 0.0041240995 0.0018577771)
(0.0027638398 0.0038653012 -0.00091454554)
(0.013108319 0.016204023 0.0048449987)
(0.014830395 0.015265723 0.0014946278)
(0.014099067 0.013926872 -0.0023912092)
(0.030761441 0.022523308 0.0076100304)
(0.03143441 0.019936907 0.0044555438)
(0.032358949 0.018986041 0.00162825)
(0.055045125 0.029065328 0.009600854)
(0.057833886 0.027572017 0.0067829226)
(0.057497138 0.024287147 0.0040606382)
(0.086622499 0.034466674 0.012840182)
(0.088349903 0.031073551 0.010143189)
(0.089343805 0.028078803 0.0080361849)
(0.12353477 0.037883132 0.016221486)
(0.12599351 0.034932933 0.014085198)
(0.12714036 0.03120194 0.011000395)
(0.16634144 0.040401028 0.020370359)
(0.16924448 0.03677571 0.017584496)
(0.17021415 0.032740618 0.015807207)
(0.21426465 0.041821362 0.024156938)
(0.21695093 0.037720206 0.022165202)
(0.21850812 0.03320616 0.019810479)
(0.26693958 0.041225181 0.028732167)
(0.27001847 0.036980571 0.026638745)
(0.27181629 0.032211778 0.024639976)
(0.32395841 0.039915732 0.032941949)
(0.32718401 0.035046041 0.031027209)
(0.32910133 0.029919238 0.029207104)
(0.38514597 0.036623509 0.037496964)
(0.38848766 0.031602123 0.035923988)
(0.39070593 0.026656107 0.034155141)
(0.44983905 0.032256574 0.042053782)
(0.45340925 0.027127764 0.040308873)
(0.45578505 0.021764841 0.038702958)
(0.51802659 0.026655406 0.04655785)
(0.52156623 0.021434001 0.045021759)
(0.52423571 0.016088517 0.043559144)
(0.58911251 0.019748796 0.051055752)
(0.59285741 0.01448785 0.049700718)
(0.59567634 0.0087619636 0.048252023)
(0.66301274 0.011803275 0.055436011)
(0.66680456 0.0062213749 0.054158596)
(0.66981199 0.00068261464 0.052908269)
(0.73932532 0.0026173691 0.05983598)
(0.74323745 -0.0028307519 0.058648534)
(0.74639762 -0.0085530399 0.057499357)
(0.81786304 -0.007405669 0.063981747)
(0.82172747 -0.013074619 0.063058095)
(0.82507763 -0.018820308 0.061991538)
(0.8981008 -0.01846879 0.068323812)
(0.90223652 -0.0242579 0.067327038)
(0.90564946 -0.029969047 0.066448041)
(0.98022431 -0.030465488 0.072421024)
(0.98427781 -0.036133577 0.0716411)
(0.98781774 -0.041925282 0.070836983)
(1.0634969 -0.043070348 0.076485202)
(1.067627 -0.048948943 0.07585775)
(1.0712965 -0.054789075 0.075123799)
(1.1480978 -0.056527565 0.080471667)
(1.1522484 -0.062509209 0.080025121)
(1.156012 -0.068287847 0.07949299)
(1.2333568 -0.070685324 0.084504806)
(1.2374686 -0.07646885 0.084380408)
(1.2412767 -0.082308407 0.083771714)
(1.3192766 -0.085519673 0.088641842)
(1.323329 -0.091414777 0.088446568)
(1.3273911 -0.097352644 0.088289227)
(-0.0018377962 0.00087615591 -0.00034762498)
(-0.0012272853 0.0018568689 -0.00063626808)
(-0.00028712183 0.0010221667 0.00030168018)
(0.010246826 0.0030636326 -0.00051513661)
(0.011924139 0.0021624012 5.3922852e-05)
(0.011823454 0.00078350572 0.00050594986)
(0.027854696 0.0026736054 0.0023715502)
(0.030004085 0.00095415163 0.0037826865)
(0.03013473 -0.00024232987 0.0031570132)
(0.051646067 0.0029915003 0.0043497446)
(0.054803411 0.00052081699 0.0048727328)
(0.054463889 -0.0028287622 0.0046468894)
(0.082829245 0.0020409614 0.0076750039)
(0.085366637 -0.0014828996 0.0087115696)
(0.085615175 -0.0034353832 0.0075462489)
(0.11865594 0.00026357352 0.011048321)
(0.12224213 -0.0034154788 0.011562748)
(0.12273358 -0.0071201053 0.011176549)
(0.16109173 -0.0023285927 0.01448199)
(0.16426397 -0.0070390054 0.015160562)
(0.16502088 -0.010593106 0.014632198)
(0.20812942 -0.0064211263 0.018708617)
(0.21154922 -0.010886407 0.01955193)
(0.21254127 -0.014911448 0.018708318)
(0.25983423 -0.011005673 0.022794725)
(0.26333762 -0.016224257 0.023114628)
(0.26493848 -0.020764931 0.022669398)
(0.31621118 -0.017036168 0.027116945)
(0.32002879 -0.022263646 0.027831327)
(0.3214448 -0.026683491 0.027045224)
(0.37651769 -0.024019014 0.031604517)
(0.37994775 -0.029285811 0.031883174)
(0.38211123 -0.034326713 0.03131592)
(0.44039517 -0.031817551 0.036014731)
(0.44437142 -0.03742719 0.036282756)
(0.44643192 -0.042342539 0.03579953)
(0.50780899 -0.040747029 0.04040688)
(0.51160815 -0.04630533 0.040815394)
(0.51394699 -0.051568007 0.040210819)
(0.57812095 -0.05049607 0.044832266)
(0.58208192 -0.056304692 0.045046674)
(0.58468893 -0.061629415 0.044643168)
(0.65135375 -0.061178064 0.049227723)
(0.65532076 -0.066956772 0.049524614)
(0.658165 -0.072366392 0.048915457)
(0.72696944 -0.072650925 0.053525418)
(0.73107104 -0.078504081 0.053651936)
(0.73399302 -0.08395692 0.053257998)
(0.80487219 -0.084850591 0.057830154)
(0.80893512 -0.09072195 0.058021345)
(0.81212722 -0.096326009 0.057533857)
(0.88470375 -0.09776148 0.062056104)
(0.88887584 -0.10364134 0.062116676)
(0.8921871 -0.10922122 0.06169029)
(0.96629324 -0.11135133 0.066322888)
(0.97046331 -0.1171469 0.066260011)
(0.97385852 -0.12279057 0.065916308)
(1.0493207 -0.1252727 0.070537243)
(1.0533925 -0.13107399 0.070321646)
(1.0571282 -0.13690468 0.070008608)
(1.133557 -0.1397725 0.074535701)
(1.1378956 -0.14560227 0.074440549)
(1.1414484 -0.15136515 0.074232479)
(1.2185862 -0.15458236 0.078749649)
(1.2226696 -0.16034789 0.078576659)
(1.2264519 -0.16629525 0.078176676)
(1.3047 -0.16962537 0.082713229)
(1.309014 -0.17552045 0.082607425)
(1.3129193 -0.18126708 0.082354176)
(-0.0024595845 -0.0027745591 -0.0032754055)
(-0.002368667 -0.003214863 0.0008454378)
(-0.00092748864 -0.0034540479 0.002753349)
(0.012013759 -0.0092168419 -0.0017705944)
(0.014240996 -0.0074340652 0.00074960604)
(0.01399719 -0.0098336991 0.0036300467)
(0.026919128 -0.014620178 -0.0010068981)
(0.029285663 -0.018735439 0.0024972001)
(0.030235957 -0.020433311 0.0055411795)
(0.051891005 -0.022272225 0.00088541352)
(0.053538739 -0.022560885 0.0036149693)
(0.054948159 -0.025894154 0.006558516)
(0.081146009 -0.028502698 0.0040532046)
(0.083933991 -0.032553976 0.0069600515)
(0.085397717 -0.034869833 0.0094925396)
(0.11700669 -0.03636874 0.0064865865)
(0.1192883 -0.03925597 0.008862295)
(0.12137821 -0.043394188 0.011456529)
(0.1582796 -0.044879142 0.010416634)
(0.16122497 -0.048624638 0.013143898)
(0.16288039 -0.05238932 0.015055682)
(0.20413892 -0.053147607 0.013982407)
(0.20687771 -0.057565092 0.016019294)
(0.20922719 -0.061829266 0.018077983)
(0.25534234 -0.063126159 0.018033509)
(0.2584836 -0.067351638 0.020091376)
(0.26077043 -0.07191923 0.021860273)
(0.31043953 -0.07303441 0.022120711)
(0.31351629 -0.077827431 0.023922557)
(0.31604495 -0.082776712 0.025662945)
(0.36970475 -0.083820408 0.026289707)
(0.37315084 -0.088988098 0.028029577)
(0.3758391 -0.093822071 0.029466585)
(0.43282863 -0.095548781 0.030676632)
(0.43622714 -0.10062818 0.032167579)
(0.43900544 -0.10590536 0.033489375)
(0.49909513 -0.10751958 0.034853721)
(0.50261668 -0.11297855 0.036191038)
(0.50562561 -0.11821825 0.037520729)
(0.56867692 -0.12044323 0.039220767)
(0.57229786 -0.12581014 0.040488552)
(0.57546484 -0.13124735 0.041485105)
(0.64095831 -0.13374064 0.043457572)
(0.64466329 -0.1393218 0.044517812)
(0.64799927 -0.14481252 0.045473658)
(0.71584245 -0.14761259 0.047717489)
(0.71964904 -0.15326988 0.048635772)
(0.72304965 -0.15871937 0.049469305)
(0.79301114 -0.16199788 0.051882772)
(0.79681735 -0.16758892 0.052728186)
(0.80046709 -0.17324097 0.053401718)
(0.87214307 -0.17661575 0.056006791)
(0.87616219 -0.18252006 0.056702705)
(0.87981237 -0.18801612 0.057287056)
(0.95320195 -0.19181055 0.060188462)
(0.95710904 -0.197494 0.060745851)
(0.96092093 -0.20313709 0.061202738)
(1.0355341 -0.20700106 0.064267843)
(1.0397831 -0.21288619 0.064669715)
(1.0436071 -0.21857644 0.065086411)
(1.1193656 -0.22244356 0.068335561)
(1.123557 -0.22841903 0.06871756)
(1.1273498 -0.23407112 0.06896195)
(1.2042483 -0.23809053 0.072610691)
(1.2084343 -0.24402264 0.072728265)
(1.212474 -0.24961738 0.072864623)
(1.289829 -0.25354442 0.076735882)
(1.2940138 -0.25930756 0.076749328)
(1.2980052 -0.26522829 0.076599687)
)
;

boundaryField
{
    free
    {
        type            calculated;
    }
    bottom
    {
        type            calculated;
    }
    traction
    {
        type            calculated;
    }
}


// ************************************************************************* //
