/*--------------------------------*- C++ -*----------------------------------*\
  =========                 |
  \\      /  F ield         | OpenFOAM: The Open Source CFD Toolbox
   \\    /   O peration     | Website:  https://openfoam.org
    \\  /    A nd           | Version:  6
     \\/     M anipulation  |
\*---------------------------------------------------------------------------*/
FoamFile
{
    version     2.0;
    format      ascii;
    class       pointScalarField;
    location    "1.9998587538362";
    object      p;
}
// * * * * * * * * * * * * * * * * * * * * * * * * * * * * * * * * * * * * * //

dimensions      [1 -1 -2 0 0 0 0];

internalField   nonuniform List<scalar> 
625
(
39572.573
-136364.58
6760.2986
9005.2804
178187.75
-67791.659
6752.1381
-3103.722
27473.761
-43824.034
-60584.518
-17676.836
315.48165
3081.6162
22043.647
25767.117
34592.641
37961.696
43132.675
46690.03
49840.903
53988.056
57795.198
62515.287
63582.228
63989.124
66313.875
65835.695
65141.739
63812.482
60178.443
57344.469
51193.637
46686.658
38315.567
30496.757
21724.108
-40311.853
-43636.455
-45271.188
-47831.306
-45074.583
-46190.457
-46600.798
-45085.944
-47769.496
-47737.782
-47547.291
-47854.715
-49168.009
-48427.785
-48654.185
-47816.486
-45927.729
-44640.197
-41576.041
-38539.749
-36345.292
-23876.34
-13875.616
106146.83
36767.171
14209.384
-19937.508
-36560.853
-33905.525
-41611.571
-46703.185
-43476.592
-54543.44
-58514.091
-62609.332
-65415.462
-68701.45
-71019.597
-73029.88
-72105.717
-71864.062
-69988.244
-65829.341
-61911.723
-55786.112
-47162.873
-37498.695
-26861.169
-12556.78
7900.3929
-2057.6192
-6421.1504
22970.053
25566.777
37402.745
41656.774
49444.868
53925.981
57039.542
59879.13
60052.649
61881.83
62627.441
64345.625
59918.69
60645.17
58586.704
58478.564
56227.428
54478.497
59153.905
55727.066
57020.427
53398.224
53310.05
47787.577
77559.253
75560.345
-105860.06
-109796.16
-105631.98
14121.774
13843.481
14537.396
-7352.0932
573.81157
-5745.7942
8125.7056
13531.87
17733.927
22694.222
24569.904
28788.708
32372.467
35090.532
37778.542
38668.135
40017.07
43232.041
43649.164
43394.267
43458.009
40938.664
39557.754
36500.752
30778.13
25401.209
18487.089
10380.912
11320.045
-12159.758
-15482.717
-11560.418
-8988.9117
-7058.2515
-5227.8363
-3839.6015
-2907.9503
-1428.5141
102.03386
143.30261
417.31842
-2.7178834
47.848211
286.60603
-885.8213
1978.8246
-994.12832
1524.5997
3938.2488
2931.5486
4280.2686
1677.9253
-37161.026
-32848.871
-32168.52
-33301.747
-31138.707
-31458.578
-30307.393
-30401.649
-29128.877
-29035.34
-30265.808
-29903.992
-29480.135
-29207.997
-28330.5
-27274.108
-25280.216
-25346.929
-19650.958
-19493.272
-13852.772
-13451.753
-2882.2381
35802.082
49868.152
62850.712
-14389.912
-594.42139
1324.7485
-52933.887
-30166.633
-8278.7781
-48468.824
-39668.925
-38994.57
-56784.512
-49392.585
-47939.329
-45187.871
-36897.889
-37961.421
-49155.56
-43495.772
-41183.259
-48090.167
-42198.332
-42744.903
-50020.886
-45433.74
-48538.077
-50526.024
-48581.339
-47679.677
-52454.345
-50408.594
-53618.327
-53621.438
-52810.073
-55375.732
-53643.167
-54629.875
-58923.714
-54653.309
-57074.593
-61216.49
-57167.787
-57471.201
-62002.418
-56981.626
-59263.477
-63788.298
-57518.161
-58548.858
-64274.625
-56531.318
-57894.841
-63446.553
-55230.161
-56639.707
-61973.608
-52871.178
-54049.814
-58697.346
-48734.254
-50325.904
-54372.837
-44505.981
-46102.073
-49713.952
-39420.279
-40073.653
-42387.78
-30826.901
-32013.78
-32831.814
-23131.244
-24140.982
-26968.923
-15920.868
-13141.997
-13295.034
-18431.187
-20951.222
-22776.272
4259.8534
-721.30656
-575.19344
7995.337
9247.4572
8644.034
31969.887
40302.906
45522.644
43403.586
39540.451
52695.198
45037.317
43235.164
53110.454
48266.466
45558.999
54177.877
51705.038
46731.498
52451.455
54085.403
49475.549
56692.625
59103.993
51099.768
56048.939
61965.157
52783.914
57789.623
65145.84
55031.24
59115.407
65772.412
57685.504
59782.246
67547.642
59060.79
61788.008
72072.428
60080.806
59041.703
71885.877
60233.65
61666.776
72550.027
60354.221
62495.602
71807.091
59582.401
61849.973
69505.693
58680.479
59614.167
65452.808
55076.987
57841.9
59167.869
54002.976
53881.27
54603.306
48764.079
48639.576
46536.004
42309.196
42374.6
37237.348
36653.869
35577.921
28550.236
30298.684
25625.172
25690.628
27712.594
27520.352
39134.052
37976.911
32160.67
34008.599
34102.074
34762.201
34838.162
34787.069
34279.039
34215.626
34303.255
34263.054
35971.074
33844.222
33736.75
32903.479
30773.348
28893.492
26445.931
24012.336
17437.094
15391.24
7969.5844
9278.8376
15582.839
7975.3099
13107.595
8167.6901
8722.6776
6202.2561
4786.5798
3902.7863
2911.9932
2224.633
1777.0614
1241.582
879.78271
2588.5534
1889.0642
2703.0094
4132.3271
4292.3356
4625.9027
4872.7531
4770.4973
6246.8126
2765.025
3510.0768
-13868.416
-11181.798
-20068.359
-23025.745
-28406.473
-29483.538
-33770.307
-35983.41
-38251.044
-40873.35
-41408.431
-41955.025
-41032.066
-40683.474
-38668.457
-35257.815
-32004.707
-28648.725
-22036.707
-13785.802
-12886.683
21216.093
29173.43
39954.753
17790.499
32435.389
35330.081
19813.416
25365.731
33593.031
20455.565
29093.398
32095.678
23734.742
29953.577
32666.419
27775.476
31552.141
32428.227
28125.687
32492.661
32663.826
30917.296
34903.322
33140.806
33086.223
35979.182
33116.883
35162.145
36496.773
34785.611
37747.536
39682.077
32446.6
37258.863
37019.952
35408.605
36813.682
39184.576
34476.763
37741.5
39128.148
34526.506
36206.845
38480.721
33013.476
35742.702
36388.832
33219.355
32771.638
35836.921
31624.196
33557.643
32010.703
29859.864
27768.952
28423.595
25798.6
25824.683
25120.539
23704.807
19156.024
19226.426
18247.357
15683.372
12430.97
11830.248
-3669.4984
3000.8508
3374.7913
-16027.569
324.9264
7811.1762
-7925.6744
943.48294
7408.7501
-5045.9278
515.12785
7665.2997
-3230.703
2857.4009
4367.9731
-168.37368
1886.2693
5514.2928
-11.537328
2367.8974
2754.0016
1882.7787
2308.2167
3205.1726
3129.6743
3333.1045
719.71739
4027.308
2386.6259
382.01672
4721.4267
4158.1322
-1291.7858
7164.6443
1739.1695
-1715.7728
6070.7361
2637.5608
-1555.4451
6918.4979
4027.6522
-2704.2681
7506.8247
3709.2858
-2648.5173
6411.2114
4338.9155
-3924.7491
7718.2885
4176.1801
-2148.0549
4679.1797
5642.0892
-3224.2563
5711.4502
4921.8614
-3895.0591
3453.3376
3881.2224
-1197.9034
1855.0375
4839.9298
-515.21655
2446.4486
3586.1478
366.95465
3493.5415
5708.2242
861.46006
5954.5152
6400.4728
5228.1377
-26089.15
-20449.651
-9187.5774
-29110.779
-16583.443
-13977.463
-25256.592
-22603.978
-18949.393
-26373.08
-22360.484
-21295.758
-27853.06
-25972.354
-23544.031
-26724.106
-26459.91
-27087.92
-27616.177
-28259.046
-29401.123
-27928.454
-29963.076
-32642.478
-27602.029
-31676.208
-34576.374
-29961.333
-33640.142
-36282.72
-29465.883
-33808.204
-38354.211
-28991.53
-35670.079
-39303.403
-28702.223
-36942.393
-39574.571
-29318.492
-37478.506
-40586.024
-28392.616
-37395.081
-39976.06
-28450.998
-36734.414
-38517.164
-27050.895
-35522.38
-37554.688
-24173.248
-33429.205
-34528.631
-23026.23
-30633.871
-29728.449
-19437.106
-25388.915
-26523.437
-18327.724
-21893.738
-22344.603
-7938.288
-14420.824
-13072.83
-6117.6671
-10781.114
-8323.0863
)
;

boundaryField
{
    free
    {
        type            calculated;
    }
    bottom
    {
        type            calculated;
    }
    traction
    {
        type            calculated;
    }
}


// ************************************************************************* //
