/*--------------------------------*- C++ -*----------------------------------*\
  =========                 |
  \\      /  F ield         | OpenFOAM: The Open Source CFD Toolbox
   \\    /   O peration     | Website:  https://openfoam.org
    \\  /    A nd           | Version:  6
     \\/     M anipulation  |
\*---------------------------------------------------------------------------*/
FoamFile
{
    version     2.0;
    format      ascii;
    class       pointVectorField;
    location    "1.9998587538362";
    object      u;
}
// * * * * * * * * * * * * * * * * * * * * * * * * * * * * * * * * * * * * * //

dimensions      [0 1 0 0 0 0 0];

internalField   nonuniform List<vector> 
625
(
(0 0 0)
(0 0 0)
(0.36673463 0.046249157 -0.0077279489)
(0.35974461 -0.071575958 -0.016304903)
(0 0 0)
(0 0 0)
(0.36822862 -0.07437341 -0.017023223)
(0.3751558 0.043041531 -0.0079075571)
(0 0 0)
(0 0 0)
(0 0 0)
(0.36466226 0.015928455 -0.01082904)
(0.36242058 -0.012490544 -0.012063901)
(0.360985 -0.041007365 -0.014419469)
(-0.00054322498 0.00085093486 0.0013853391)
(-0.00034984419 0.0021922661 0.001439222)
(0.0013672495 0.0038022229 0.0010044341)
(0.0040692526 0.0057992023 0.00014629057)
(0.0080494383 0.0079032918 -0.00076024881)
(0.013195061 0.010358192 -0.0018679228)
(0.019722728 0.012937035 -0.0030461804)
(0.027581213 0.015820204 -0.0041314771)
(0.036899845 0.018726503 -0.0051869554)
(0.047809572 0.021866171 -0.006182762)
(0.060185367 0.025063484 -0.0070057983)
(0.07431331 0.0282771 -0.0077699147)
(0.090093091 0.031545165 -0.0082731827)
(0.10758817 0.034668371 -0.0086950347)
(0.12683762 0.037705335 -0.0088825029)
(0.14780046 0.040450386 -0.0089760919)
(0.1704746 0.043140293 -0.0089845101)
(0.19468827 0.045139348 -0.0086893113)
(0.22061005 0.046857726 -0.0086017917)
(0.24769424 0.048060665 -0.0082636401)
(0.27616857 0.048636658 -0.007985752)
(0.30543556 0.048897886 -0.0077631087)
(0.33529809 0.047942098 -0.0072796482)
(-0.00011949699 -0.0019431858 -0.0021410501)
(0.00025265988 -0.0041131078 -0.003458821)
(0.0018286905 -0.0065442249 -0.0046439719)
(0.0042542958 -0.0090020955 -0.0063830226)
(0.0079067807 -0.011595689 -0.0080065485)
(0.012781454 -0.014116742 -0.009837249)
(0.018994365 -0.016839336 -0.01163797)
(0.026476903 -0.019516658 -0.013412795)
(0.035488078 -0.022332053 -0.015120423)
(0.045959309 -0.025242798 -0.016699831)
(0.057962647 -0.028259511 -0.01812285)
(0.071683173 -0.031398371 -0.01923812)
(0.087030089 -0.034726723 -0.020274818)
(0.10404342 -0.038085008 -0.020989189)
(0.12284494 -0.04163409 -0.021492662)
(0.14330069 -0.045218729 -0.021725143)
(0.16555703 -0.048953309 -0.02171329)
(0.18927165 -0.052758912 -0.021550432)
(0.21476821 -0.056316064 -0.021016859)
(0.24141364 -0.060017736 -0.020447853)
(0.26959893 -0.06344934 -0.019558627)
(0.29870872 -0.066575118 -0.018689621)
(0.32868441 -0.069300454 -0.017755364)
(0 0 0)
(0 0 0)
(0 0 0)
(-0.00024593819 -0.00029908085 0.00081398012)
(0.00062187002 -0.0017031802 0.00013954338)
(0.0028850004 -0.0033597607 -0.00096697781)
(0.0061880981 -0.0048434046 -0.0023929474)
(0.010608472 -0.0070597105 -0.0038436929)
(0.016039428 -0.0091678756 -0.0054500844)
(0.022969368 -0.011912661 -0.0069879798)
(0.031115325 -0.014710652 -0.0085794526)
(0.040621846 -0.017890839 -0.010011517)
(0.051607979 -0.021192396 -0.011416162)
(0.064137186 -0.024885888 -0.012650396)
(0.078165527 -0.028646141 -0.013661895)
(0.093909791 -0.032742444 -0.01461066)
(0.11124864 -0.036888928 -0.015318208)
(0.1302725 -0.041185157 -0.015867663)
(0.15097953 -0.045583773 -0.016243298)
(0.17333103 -0.049927716 -0.016509471)
(0.19729731 -0.054268906 -0.016641519)
(0.22275028 -0.058480406 -0.016650392)
(0.24967108 -0.062457693 -0.01667862)
(0.27777295 -0.066231249 -0.016605739)
(0.30710047 -0.069385526 -0.016613902)
(0.33699388 -0.07244116 -0.016575533)
(0.36966997 -0.043935145 -0.01475571)
(0.37069412 -0.01571867 -0.012169161)
(0.37302498 0.012281782 -0.0094064912)
(0.34387691 0.044898893 -0.0094457743)
(0.31339547 0.045614178 -0.010424219)
(0.2841091 0.045604694 -0.011332548)
(0.25521339 0.045539176 -0.012421741)
(0.22778822 0.044727094 -0.01322075)
(0.20168558 0.043599958 -0.0139827)
(0.17712214 0.042109319 -0.014433397)
(0.15416161 0.040310128 -0.014780028)
(0.13292009 0.038275466 -0.014818525)
(0.11336721 0.036074476 -0.014676805)
(0.095624173 0.033630874 -0.014259588)
(0.079481371 0.031255268 -0.013757305)
(0.065194923 0.028601501 -0.012757048)
(0.052457039 0.026010973 -0.011794088)
(0.041311304 0.023350098 -0.01062927)
(0.031701917 0.020709121 -0.0093533538)
(0.023546784 0.017983013 -0.0079841459)
(0.016685215 0.015358006 -0.0066348121)
(0.011379092 0.012542722 -0.0052535532)
(0.0069682238 0.0099825637 -0.0041073419)
(0.0039598702 0.0071895763 -0.0030353441)
(0.0019207263 0.0046319909 -0.0020751955)
(0.0015036379 0.0019968683 -0.0010931406)
(0 0 0)
(0 0 0)
(0 0 0)
(0 0 0)
(0 0 0)
(0 0 0)
(0.361828 -0.072635192 -0.016853324)
(0.36413056 -0.073462955 -0.016500212)
(0.36605932 -0.074295078 -0.016817912)
(0.36926149 0.045965072 -0.0077834364)
(0.37131843 0.044992348 -0.0079190266)
(0.37349729 0.044500288 -0.0079991315)
(-0.00097371208 0.00052718944 0.00056694561)
(-0.00089368346 0.00090905739 0.00029185788)
(0.00074018701 0.0015365596 -0.00051764696)
(0.0032571526 0.0024099088 -0.0013966305)
(0.0071455037 0.0033812826 -0.0025389649)
(0.012121463 0.0045894151 -0.0037644795)
(0.018584748 0.005922709 -0.0050245191)
(0.026272864 0.0073515557 -0.0062551153)
(0.035501739 0.0088996601 -0.0074916918)
(0.046202172 0.010522714 -0.0085977071)
(0.058461483 0.01219949 -0.0095779265)
(0.072518844 0.013813724 -0.010383916)
(0.088144053 0.015413577 -0.01104991)
(0.10555144 0.016888684 -0.011554946)
(0.12468573 0.018210592 -0.011815718)
(0.14556539 0.019387001 -0.012061475)
(0.16812677 0.020216353 -0.011938803)
(0.19235706 0.020882241 -0.01185907)
(0.21827273 0.021105637 -0.01166999)
(0.24536903 0.02093702 -0.011270248)
(0.27394198 0.020423629 -0.011057819)
(0.30328181 0.019596292 -0.010754695)
(0.33370223 0.017630251 -0.01035463)
(-0.0012117201 -0.00046887912 -0.00035857519)
(-0.0009220439 -0.00096601669 -0.0012412073)
(0.00065680045 -0.0012848572 -0.0020540481)
(0.0031850065 -0.0015961359 -0.0032714185)
(0.0069111009 -0.0018179117 -0.0045036082)
(0.011899195 -0.0018487551 -0.0059254895)
(0.018175147 -0.0019142795 -0.0073396762)
(0.025808473 -0.0017887146 -0.008771066)
(0.034922201 -0.0017392496 -0.010153424)
(0.045565971 -0.0016091116 -0.01130175)
(0.057743644 -0.0015326602 -0.012518226)
(0.07164056 -0.0015000916 -0.013392193)
(0.087148381 -0.0015222561 -0.014178482)
(0.10445528 -0.0016202702 -0.01473071)
(0.12346685 -0.0019206353 -0.015065427)
(0.14424349 -0.0022634044 -0.015313831)
(0.16676659 -0.002964535 -0.015129286)
(0.1908331 -0.0036123488 -0.015150498)
(0.21648419 -0.0047051114 -0.014684027)
(0.24348247 -0.0059284512 -0.014238488)
(0.27202488 -0.0073562282 -0.013832641)
(0.30149003 -0.0090648822 -0.013134459)
(0.33214523 -0.010725739 -0.012702426)
(-0.00098250029 -0.0015549987 -0.0012704032)
(-0.00069853179 -0.0028598343 -0.0023136813)
(0.00092584895 -0.0042316256 -0.0033118995)
(0.0032858696 -0.0056741658 -0.0047087406)
(0.0070310183 -0.0069430093 -0.0061678822)
(0.011878373 -0.0083335018 -0.0077481628)
(0.018118109 -0.0095694219 -0.0093616367)
(0.02565904 -0.010867725 -0.010956341)
(0.034715954 -0.012235199 -0.01241358)
(0.045166836 -0.013552979 -0.013861963)
(0.057331365 -0.014951518 -0.015119726)
(0.071088153 -0.016457542 -0.016144342)
(0.086516091 -0.018015031 -0.017037023)
(0.10371438 -0.019714833 -0.01767393)
(0.12257471 -0.021510896 -0.018110215)
(0.14328389 -0.023432821 -0.018323052)
(0.16554532 -0.025501541 -0.018308099)
(0.18962333 -0.027607982 -0.018196984)
(0.21518204 -0.02990999 -0.017750598)
(0.24234646 -0.032140385 -0.017374631)
(0.27074055 -0.034601765 -0.016734513)
(0.30012568 -0.036778403 -0.016071111)
(0.33043655 -0.039054084 -0.015261667)
(0 0 0)
(0 0 0)
(0 0 0)
(0 0 0)
(0 0 0)
(0 0 0)
(0 0 0)
(0 0 0)
(0 0 0)
(0.00046341297 -0.00058715859 -0.0008297936)
(0.000471476 -0.00062706363 -0.00031615211)
(0.00030521714 -0.00050812064 0.0003030489)
(0.0011770671 -0.0030838897 -0.0025106117)
(0.0014149333 -0.0027898453 -0.0015334076)
(0.0013384738 -0.0023773692 -0.0005766719)
(0.002911702 -0.0054094806 -0.0035468395)
(0.0032868224 -0.0049057871 -0.0025121804)
(0.003415179 -0.004287149 -0.0017012992)
(0.0055390187 -0.0076740825 -0.0052312684)
(0.0063048343 -0.0068312714 -0.0042377705)
(0.0065138096 -0.0061555487 -0.0031964704)
(0.0095166878 -0.010145553 -0.0068707396)
(0.010357541 -0.0093346551 -0.0057656331)
(0.010701214 -0.0082868448 -0.0047256087)
(0.014591339 -0.012723804 -0.0086516594)
(0.015579655 -0.01155875 -0.0075309438)
(0.016299807 -0.010760613 -0.0063868322)
(0.020954463 -0.015328576 -0.010420829)
(0.022245481 -0.014428601 -0.0093123623)
(0.022870709 -0.013228923 -0.0080267509)
(0.028707649 -0.018164392 -0.012174942)
(0.030054499 -0.017024931 -0.011010723)
(0.030962661 -0.016129274 -0.0097149896)
(0.037894538 -0.021039475 -0.013820599)
(0.039389899 -0.020140881 -0.01265915)
(0.040431978 -0.019194811 -0.011230023)
(0.048457582 -0.024084462 -0.015380419)
(0.050145451 -0.023241508 -0.014164072)
(0.051302747 -0.022403919 -0.012683709)
(0.060689006 -0.027349851 -0.016767743)
(0.062535841 -0.026658824 -0.015448504)
(0.063766675 -0.025902007 -0.013979789)
(0.074543025 -0.03079944 -0.017892588)
(0.076355109 -0.030103328 -0.016685569)
(0.077726623 -0.029493135 -0.015024494)
(0.089918092 -0.034176098 -0.018888001)
(0.091926821 -0.033747525 -0.017583676)
(0.093371761 -0.033419098 -0.016007136)
(0.10709699 -0.037884394 -0.019583577)
(0.1091107 -0.037636619 -0.018339384)
(0.11066691 -0.037387854 -0.016718674)
(0.12588126 -0.041633673 -0.020092919)
(0.12799854 -0.041536489 -0.018865406)
(0.1296057 -0.041466142 -0.017239884)
(0.14642464 -0.045503392 -0.020369315)
(0.14854652 -0.045567724 -0.019146722)
(0.15023864 -0.045679757 -0.017585157)
(0.16855446 -0.049403853 -0.020384367)
(0.17075023 -0.049612818 -0.019272885)
(0.17248189 -0.049889613 -0.01776514)
(0.19229838 -0.053207845 -0.020292198)
(0.19455398 -0.0536974 -0.01922037)
(0.19633041 -0.054064785 -0.017805199)
(0.21759419 -0.057178611 -0.019905208)
(0.21984549 -0.057623013 -0.018939027)
(0.22166152 -0.058145457 -0.017687306)
(0.2442845 -0.060784899 -0.019468187)
(0.24654943 -0.061464773 -0.018607413)
(0.24839845 -0.062069438 -0.017557781)
(0.27223086 -0.064376826 -0.018865095)
(0.27445443 -0.065069084 -0.018092341)
(0.27634172 -0.065674588 -0.017314546)
(0.30120682 -0.067513704 -0.018193827)
(0.30348843 -0.068249123 -0.017653479)
(0.30547629 -0.069060909 -0.017146845)
(0.33104201 -0.070458255 -0.017460542)
(0.33316402 -0.07115517 -0.017216927)
(0.33524375 -0.071818578 -0.016887455)
(0.36728805 0.015472771 -0.0101052)
(0.36930055 0.014707254 -0.010049988)
(0.37143226 0.013894096 -0.0098550672)
(0.36441061 -0.013393055 -0.012035054)
(0.36688491 -0.014123109 -0.012233616)
(0.36861026 -0.015017741 -0.012271447)
(0.36336672 -0.042119377 -0.014544533)
(0.36570591 -0.042847538 -0.014566962)
(0.36751158 -0.043489359 -0.014520043)
(0.00023920876 0.00070681223 0.00087078799)
(0.00097962994 0.001184666 0.00045553622)
(0.0012388936 0.0016002766 -0.000106842)
(0.0010166643 0.0025824235 0.00075473816)
(0.0015482306 0.0034276203 -3.272417e-05)
(0.0021674415 0.0037341713 -0.0010598981)
(0.0027973968 0.0044947733 0.00017058865)
(0.0036201662 0.0053904704 -0.0007402764)
(0.0041577925 0.0062222961 -0.0019057094)
(0.0056609371 0.0067090552 -0.00076524483)
(0.0065308851 0.0078248197 -0.0017498377)
(0.0072008043 0.0087656941 -0.0029876836)
(0.0097582884 0.008949657 -0.001841366)
(0.010738638 0.010224599 -0.0028634181)
(0.011349967 0.01138224 -0.0041228253)
(0.014989455 0.011583563 -0.0030076142)
(0.016092773 0.012803994 -0.0041224753)
(0.016913386 0.014012822 -0.0055292041)
(0.021747794 0.014112119 -0.0043265711)
(0.022793848 0.015411107 -0.0053804026)
(0.023664454 0.016630816 -0.0068393754)
(0.029669413 0.016922841 -0.0054805502)
(0.030842808 0.018197843 -0.006673805)
(0.031776643 0.019431514 -0.0081916594)
(0.039164624 0.019761988 -0.0066565337)
(0.040399828 0.020965142 -0.007909762)
(0.041404567 0.022171322 -0.0094496058)
(0.050080743 0.022787552 -0.0077033349)
(0.051438311 0.023935294 -0.0089955765)
(0.052442557 0.025020487 -0.010616646)
(0.062569996 0.025892966 -0.0085234835)
(0.064108691 0.026757633 -0.010142016)
(0.065231141 0.027659549 -0.01153484)
(0.076934271 0.02891798 -0.0094423965)
(0.078333476 0.029579203 -0.010636198)
(0.079454633 0.030518852 -0.012561387)
(0.092715792 0.031934686 -0.0099524031)
(0.09427289 0.032480559 -0.011408133)
(0.095493556 0.033289386 -0.013058003)
(0.11034156 0.034901102 -0.010391193)
(0.11193173 0.035286151 -0.011776633)
(0.11325037 0.035821537 -0.013456616)
(0.12961981 0.037733336 -0.010568053)
(0.13131047 0.037925188 -0.011974998)
(0.13269115 0.03825611 -0.013620781)
(0.150653 0.040374287 -0.010655471)
(0.15243195 0.040254716 -0.011998859)
(0.15383446 0.040529781 -0.013615332)
(0.17337607 0.042584623 -0.010488413)
(0.17508429 0.04259889 -0.011785259)
(0.176676 0.042508995 -0.013307361)
(0.19750711 0.04469057 -0.010233716)
(0.19955715 0.044298922 -0.01149527)
(0.20109894 0.044165026 -0.01293475)
(0.22341121 0.046304476 -0.0099276582)
(0.22534392 0.04580236 -0.010984444)
(0.22698245 0.045513936 -0.012266937)
(0.25043854 0.04737376 -0.0094377675)
(0.25249284 0.046920115 -0.010451155)
(0.25424713 0.046378914 -0.011599033)
(0.27885659 0.048135013 -0.009028162)
(0.28101776 0.047263289 -0.0098808611)
(0.28270544 0.046776296 -0.010640015)
(0.30804628 0.047839589 -0.008609559)
(0.31019374 0.047237967 -0.0091421134)
(0.31207076 0.046614334 -0.0098001538)
(0.33826824 0.047721786 -0.0078632464)
(0.34022097 0.046714202 -0.0084207437)
(0.34239619 0.046019839 -0.008704333)
(0.00016343663 0.0009198046 -0.0011771957)
(0.0010200026 0.0035428551 -0.0018757942)
(0.0029353704 0.0049288264 -0.0026865456)
(0.0059438117 0.0065422718 -0.003744919)
(0.010282853 0.0081104555 -0.0050700946)
(0.015657258 0.0095769957 -0.0063079154)
(0.022400316 0.010931304 -0.0077406252)
(0.030493415 0.012298242 -0.0091075936)
(0.040061954 0.013466495 -0.010382884)
(0.051082263 0.014633774 -0.011579707)
(0.063771666 0.015682742 -0.012646542)
(0.077963223 0.016674139 -0.013458568)
(0.09394387 0.017401302 -0.014211093)
(0.11160234 0.018099595 -0.014604962)
(0.13105529 0.018638698 -0.014883716)
(0.15216313 0.018989638 -0.01492066)
(0.1750272 0.019128261 -0.014746552)
(0.19951829 0.019058022 -0.014410935)
(0.22550627 0.018773071 -0.013893638)
(0.25298369 0.018114078 -0.0132998)
(0.28168117 0.017216684 -0.012543471)
(0.31126444 0.016045865 -0.011714699)
(0.34195819 0.014253719 -0.01074234)
(-0.00059347638 0.00091667445 -0.00048969727)
(0.00024313219 0.0018056422 -0.001292772)
(0.002448596 0.0020252816 -0.0021043337)
(0.0054816363 0.0027103334 -0.0034217809)
(0.0098421814 0.0028243801 -0.004584881)
(0.015259663 0.0031460847 -0.0060839104)
(0.022054437 0.003077281 -0.0074694168)
(0.030152214 0.0030429716 -0.0088863188)
(0.039696463 0.0027435718 -0.010260881)
(0.05071837 0.0024518145 -0.011495264)
(0.063320857 0.0018534364 -0.012592572)
(0.077507724 0.001309087 -0.013546674)
(0.093384759 0.0004672771 -0.014317481)
(0.11098778 -0.00041742423 -0.014812784)
(0.13029837 -0.0014067949 -0.01524411)
(0.15133788 -0.0026176128 -0.015381236)
(0.1740565 -0.0038649093 -0.015352966)
(0.19842033 -0.0052778765 -0.015227259)
(0.22433611 -0.0068002497 -0.014875089)
(0.25164773 -0.0085195086 -0.014524668)
(0.2803451 -0.010053363 -0.013907432)
(0.30980735 -0.012036931 -0.013469053)
(0.34099937 -0.01392099 -0.012920772)
(-0.00070893975 -4.820327e-05 -0.00011357997)
(0.00022846517 1.0224841e-05 -0.0007956936)
(0.002473056 -0.00034843727 -0.0016528332)
(0.0055265133 -0.0011938033 -0.0028600682)
(0.0099061109 -0.0017841239 -0.0041709428)
(0.015303688 -0.0029124292 -0.0056958602)
(0.022144574 -0.0041833298 -0.0070786139)
(0.030142054 -0.0055429061 -0.0086145288)
(0.039714696 -0.0072223465 -0.0099733318)
(0.05065196 -0.0090567155 -0.01125309)
(0.063203355 -0.011045077 -0.012428049)
(0.077293172 -0.013267141 -0.013395445)
(0.093093028 -0.01555513 -0.014208052)
(0.11058594 -0.018078423 -0.014850686)
(0.12973077 -0.020656328 -0.015306256)
(0.15063632 -0.023368249 -0.015562772)
(0.17321509 -0.026131717 -0.015691599)
(0.1974164 -0.028932657 -0.01569672)
(0.22316401 -0.031770476 -0.015558356)
(0.25038654 -0.034490131 -0.015340692)
(0.27876838 -0.037151882 -0.015096439)
(0.30846989 -0.039716221 -0.014972206)
(0.33870775 -0.041836613 -0.014534151)
(-0.00032646984 0.00042369035 0.00036318339)
(3.8698959e-05 0.00061352363 0.00016802715)
(0.00027588722 0.00076712595 -0.00023033345)
(0.00023341261 0.0013912439 -2.2879088e-05)
(0.00079737942 0.002056049 -0.00051556078)
(0.001205885 0.0023609376 -0.001255567)
(0.0020245947 0.0024110284 -0.00090187988)
(0.0028727645 0.0030848166 -0.0014729871)
(0.0032104439 0.0039107864 -0.0020904356)
(0.0048005178 0.0033604279 -0.0019345918)
(0.0055979275 0.0044624337 -0.0025391189)
(0.0061472267 0.0052839889 -0.0031787064)
(0.0087723283 0.0046131368 -0.0031040541)
(0.009802287 0.0057168105 -0.0037217298)
(0.010382954 0.0067695094 -0.0044128529)
(0.014009414 0.0057992171 -0.004460947)
(0.015046195 0.0070525942 -0.005121569)
(0.01579 0.0081310256 -0.0057921205)
(0.020518875 0.0071715292 -0.0057409453)
(0.021712252 0.0083837056 -0.0064762899)
(0.022513325 0.0095327717 -0.0071597394)
(0.028378787 0.0085641019 -0.007077235)
(0.029641458 0.0097964569 -0.0078096257)
(0.030535936 0.010889745 -0.0085612866)
(0.03775576 0.010045385 -0.0083567065)
(0.039078973 0.011167808 -0.0091277069)
(0.040082102 0.012251194 -0.0098490312)
(0.048535379 0.011565038 -0.0095205559)
(0.050009706 0.012580588 -0.010298715)
(0.051066779 0.013440332 -0.011045287)
(0.061031808 0.012981931 -0.010595691)
(0.06257227 0.013790406 -0.011338804)
(0.063674708 0.01474413 -0.012044983)
(0.0750919 0.01441842 -0.011390504)
(0.076717412 0.015194153 -0.012212242)
(0.077846003 0.015762708 -0.012993714)
(0.090841055 0.015826827 -0.012080553)
(0.092473681 0.016411175 -0.012912352)
(0.09379015 0.016947972 -0.013647216)
(0.1083044 0.017082999 -0.012573306)
(0.11003902 0.017540981 -0.013376779)
(0.11139781 0.017737663 -0.014114152)
(0.12748446 0.018246441 -0.012886264)
(0.12931089 0.018396399 -0.013645624)
(0.13070504 0.018538614 -0.014378848)
(0.14842498 0.01914429 -0.012973719)
(0.15028673 0.019220817 -0.013769651)
(0.15177505 0.019120001 -0.014416042)
(0.171056 0.019889295 -0.013013324)
(0.17289504 0.019755232 -0.013606002)
(0.17448155 0.01946564 -0.014304882)
(0.19512411 0.020341277 -0.012667861)
(0.19725534 0.019948629 -0.013416679)
(0.19883507 0.019580383 -0.013962992)
(0.22097931 0.020459236 -0.012446644)
(0.22299908 0.020080062 -0.01297463)
(0.22465202 0.019508694 -0.013514079)
(0.24798591 0.020294634 -0.011999697)
(0.2501322 0.019668051 -0.012463198)
(0.25190346 0.018981146 -0.012970254)
(0.27644703 0.019747825 -0.011616184)
(0.27865816 0.01895277 -0.011915175)
(0.28044784 0.018246968 -0.012253698)
(0.30582519 0.018665704 -0.011128775)
(0.307925 0.018046422 -0.011114981)
(0.30978222 0.017221192 -0.011561127)
(0.33604904 0.017110097 -0.010493696)
(0.33813559 0.016282697 -0.010550898)
(0.34026247 0.015462499 -0.010548782)
(-0.00076123212 -8.9679672e-05 -0.00015498513)
(-0.00041822463 0.00014968453 -8.1292679e-05)
(-0.00022069643 0.00021981255 -5.7289786e-05)
(5.8398792e-05 -0.00024357472 -0.0010433107)
(0.00049350514 0.00027686106 -0.0010106032)
(0.0007714774 0.00071097556 -0.0011892903)
(0.0018200787 -0.0004079653 -0.002041237)
(0.0025533361 0.00030726374 -0.0020521813)
(0.00273206 0.0010772615 -0.0020357082)
(0.0045883064 -0.00044268969 -0.0032461483)
(0.0053300874 0.00055132761 -0.0031650368)
(0.005782836 0.0014645614 -0.0032396087)
(0.0084399529 -0.00059521745 -0.0046069618)
(0.0095473307 0.00047985023 -0.0045363466)
(0.0099857653 0.0015283416 -0.0046375256)
(0.013628169 -0.00054662334 -0.0060578533)
(0.014720561 0.000631112 -0.0059735745)
(0.015339981 0.0017371633 -0.0060740987)
(0.02002779 -0.00057906498 -0.007536117)
(0.021402408 0.00052964876 -0.0074478263)
(0.022025639 0.0017656798 -0.0075372864)
(0.027856039 -0.00055756631 -0.0090275933)
(0.02927776 0.00060129557 -0.0088861503)
(0.030011475 0.001733587 -0.0090123086)
(0.037094478 -0.00054318793 -0.010399714)
(0.038657337 0.00043492326 -0.010276625)
(0.039521791 0.0015317924 -0.010403975)
(0.047834639 -0.00062372446 -0.011679126)
(0.049559922 0.00029255548 -0.011508811)
(0.050406636 0.0013874373 -0.011677598)
(0.060250301 -0.00066221575 -0.012800568)
(0.061923991 0.00014126522 -0.012665884)
(0.062985279 0.00097327751 -0.012833792)
(0.074146765 -0.00079739994 -0.013743511)
(0.07603515 -0.00023814564 -0.013632202)
(0.077068741 0.00055720543 -0.013738441)
(0.089809112 -0.0010111849 -0.01456456)
(0.091741967 -0.00056935757 -0.014340678)
(0.092872319 -3.1964269e-05 -0.014545872)
(0.10715572 -0.0013548495 -0.015094841)
(0.10920818 -0.001177761 -0.014929341)
(0.11037019 -0.00079028629 -0.015064198)
(0.1262585 -0.0018158418 -0.015460112)
(0.12830618 -0.0017890519 -0.01521627)
(0.12961462 -0.0015763301 -0.015446249)
(0.14704257 -0.00244863 -0.015613965)
(0.1492244 -0.0025872402 -0.015452789)
(0.15051331 -0.0025733931 -0.015602047)
(0.16954011 -0.0032434232 -0.015541142)
(0.17167671 -0.0035432568 -0.015303672)
(0.17314199 -0.0037261032 -0.015529299)
(0.19367764 -0.0042293329 -0.015346451)
(0.19588534 -0.0046283248 -0.015185645)
(0.19738043 -0.0049505638 -0.015383667)
(0.21936114 -0.0054097035 -0.014904662)
(0.22154828 -0.0058881757 -0.01486036)
(0.22310298 -0.0063494325 -0.014976572)
(0.24645316 -0.0067125085 -0.014377875)
(0.24851919 -0.0073103184 -0.014401071)
(0.25037921 -0.0079789063 -0.014567821)
(0.27480459 -0.0082096686 -0.013916755)
(0.27711984 -0.0087942608 -0.013926729)
(0.27876678 -0.009508622 -0.013930627)
(0.30404925 -0.0099020555 -0.013265306)
(0.30615745 -0.010559614 -0.013279654)
(0.3080419 -0.011461651 -0.013489944)
(0.33453042 -0.011564428 -0.012774914)
(0.33687824 -0.012304822 -0.01275658)
(0.3387852 -0.013013463 -0.012876336)
(-0.0004597938 -0.00056309033 -0.00052706708)
(-0.00030541883 -0.00051026473 -0.00020045745)
(-0.00030801809 -0.00032123066 2.3209042e-06)
(0.00036079213 -0.0018092101 -0.0016684747)
(0.0006794881 -0.0014445883 -0.0011764378)
(0.0006199764 -0.0008225997 -0.00086421114)
(0.0020740233 -0.0030731599 -0.002743351)
(0.0027045431 -0.0022730688 -0.0022703795)
(0.0027587028 -0.0014311252 -0.0019000499)
(0.0047422751 -0.0042159953 -0.0040583996)
(0.0054709348 -0.0034228139 -0.0035674716)
(0.0057392044 -0.0023611295 -0.0031356262)
(0.0086667911 -0.0054811094 -0.0055744638)
(0.009616072 -0.0044143231 -0.0050622948)
(0.0099952996 -0.0033288824 -0.0046301398)
(0.013750874 -0.0067037983 -0.0071474412)
(0.014779809 -0.0056520967 -0.0066193282)
(0.015384699 -0.004368019 -0.0061153966)
(0.020157112 -0.008020613 -0.0087937723)
(0.021391053 -0.0068903059 -0.008200807)
(0.022085915 -0.005655068 -0.0076979595)
(0.027932737 -0.0093831802 -0.010375144)
(0.029171619 -0.0082489472 -0.009757591)
(0.030106766 -0.0070923558 -0.0091943269)
(0.037110142 -0.010828015 -0.01185667)
(0.038559503 -0.0097839436 -0.011266016)
(0.039558933 -0.0085717285 -0.010687116)
(0.047804912 -0.012301101 -0.01331367)
(0.049284336 -0.011280542 -0.01263778)
(0.050464999 -0.010342119 -0.011989415)
(0.060044103 -0.013901657 -0.014550255)
(0.061683358 -0.013102322 -0.013844242)
(0.062972262 -0.012178644 -0.013232037)
(0.073930669 -0.015609012 -0.015581618)
(0.075651821 -0.014890643 -0.014903735)
(0.076995688 -0.014201653 -0.014251518)
(0.089476107 -0.017414566 -0.016492491)
(0.091239977 -0.016908805 -0.015763529)
(0.092738327 -0.016371265 -0.015082007)
(0.10672515 -0.019358802 -0.01711961)
(0.10856946 -0.018984284 -0.01639324)
(0.11013981 -0.018639294 -0.015730347)
(0.12569142 -0.021407844 -0.01758344)
(0.12755764 -0.021200223 -0.016846802)
(0.12926806 -0.021072038 -0.016202565)
(0.14636115 -0.023549405 -0.017780164)
(0.14832474 -0.023574469 -0.017099867)
(0.15003959 -0.02357209 -0.016448544)
(0.16873376 -0.025885707 -0.017835512)
(0.17066103 -0.02594553 -0.017126676)
(0.17252437 -0.026187775 -0.016538118)
(0.19265236 -0.028155216 -0.017718005)
(0.19476551 -0.028529689 -0.017074267)
(0.19661525 -0.028828392 -0.01650761)
(0.21822959 -0.030692116 -0.017364138)
(0.22022376 -0.031032142 -0.016779771)
(0.22215978 -0.031530871 -0.016289769)
(0.24503403 -0.033095412 -0.016979957)
(0.24730271 -0.033574883 -0.016504658)
(0.24923848 -0.034182523 -0.015997448)
(0.27318122 -0.035463703 -0.016494893)
(0.27546875 -0.03615945 -0.0159998)
(0.27731374 -0.036818459 -0.015636695)
(0.30257429 -0.037886001 -0.015774317)
(0.30481307 -0.038614719 -0.015520003)
(0.30682757 -0.03918169 -0.015239849)
(0.33264339 -0.040082311 -0.01514197)
(0.33481412 -0.040662897 -0.014994751)
(0.33687131 -0.041571114 -0.01499637)
)
;

boundaryField
{
    free
    {
        type            calculated;
    }
    bottom
    {
        type            calculated;
    }
    traction
    {
        type            calculated;
    }
}


// ************************************************************************* //
