/*--------------------------------*- C++ -*----------------------------------*\
  =========                 |
  \\      /  F ield         | OpenFOAM: The Open Source CFD Toolbox
   \\    /   O peration     | Website:  https://openfoam.org
    \\  /    A nd           | Version:  6
     \\/     M anipulation  |
\*---------------------------------------------------------------------------*/
FoamFile
{
    version     2.0;
    format      ascii;
    class       pointScalarField;
    location    "2.20017504784911";
    object      p;
}
// * * * * * * * * * * * * * * * * * * * * * * * * * * * * * * * * * * * * * //

dimensions      [1 -1 -2 0 0 0 0];

internalField   nonuniform List<scalar> 
625
(
393131.17
-611250.81
8509.5697
12604.15
795503.75
-1079357.6
9187.4334
-2254.0282
303126.26
-50982.441
-64645.004
-15565.089
2133.592
5711.2144
160806.12
178276.02
188626.49
187766.71
176994.65
180518.21
169404.35
164696.02
161915.53
154679.27
148750.21
136237.49
130625.42
120514.45
110725.15
101615.5
90978.7
80193.319
69506.835
59301.083
46292.892
34841.834
25102.921
-212176.83
-179372.7
-201432.78
-184279.26
-176052.21
-180014.84
-163665.29
-163346.74
-155960.65
-148557.17
-141922.63
-129779.08
-124093.53
-112067.82
-103137.77
-92240.848
-79602.692
-72585.683
-58590.484
-51133.032
-41788.214
-24700.1
-12242.849
442835.91
-26285.669
-117010.44
-204006.1
-255033.77
-193288.3
-191279.96
-216760.51
-163044.51
-192317.63
-179873.95
-167295.63
-161169.17
-152262.58
-144379.54
-136542.95
-123909.56
-113582.93
-102407.33
-90837.156
-78402.952
-66235.688
-53227.838
-38817.33
-26326.484
-9965.4094
10972.902
-1662.0416
-5099.493
25866.535
30131.434
48882.264
59577.331
76108.759
90802.789
103762.16
119241.33
129722.96
143517.76
157746.42
169580.93
173445.65
186476.6
193079.68
200826.83
207292.82
205441.92
233537.09
206412.02
247316.81
211904.3
217205.91
411212.18
434980.04
400432.58
-542243.4
-719517.4
-694354.61
17312.183
16456.664
18014.164
-5695.6283
1029.0738
-5076.9986
91902.633
117773.91
116963.49
110595.56
109238
107149.66
102961.96
100524.92
97183.537
90513.948
84579.041
83734.309
78190.507
72417.417
67645.403
60302.464
54165.239
48389.239
38141.75
30769.364
22532.95
13926.96
13994.178
-36463.315
-31546.714
-35275.391
-21175.861
-28938.115
-20807.831
-25158.154
-21965.134
-20844.458
-20048.941
-16659.164
-15325.279
-14826.011
-12404.483
-10250.543
-9079.7457
-4593.458
-4195.2077
413.9894
4102.259
4770.4445
6199.7226
4537.6179
-150448.59
-110685.27
-124906.31
-111202.88
-122594.12
-111009.89
-112860.69
-104324.5
-99017.288
-94489.632
-90154.206
-83999.617
-77625.389
-70430.147
-63469.227
-55569.188
-49025.823
-39872.28
-30821.399
-25611.879
-17290.807
-13457.43
-1306.9229
240901.65
259479.13
304764.22
-10509.21
-9087.7167
-38983.951
-154907.89
-68749.574
-51364.688
-313447.8
-311338.9
-293575.47
-250088.95
-250461.67
-258808.66
-215040.81
-206088.39
-218314.85
-195291.2
-186593.8
-188976.59
-193056.79
-184615.04
-194571.3
-183011.09
-172222.82
-178037.8
-181369.45
-170833.28
-167070.37
-173249.63
-159333.91
-167259.84
-165562.55
-154765.43
-159796.33
-156692.74
-147036.8
-152538.11
-147548.32
-139750.06
-144977.2
-142676.22
-130163.54
-132208.27
-129256.53
-121937.58
-125810.78
-121543.45
-111643.43
-116665.79
-109265.89
-101455.6
-105818.68
-98127.452
-90923.531
-94894.645
-86417.596
-79860.582
-83213.784
-70891.843
-68715.309
-71215.168
-59756.205
-57919.827
-59078.737
-46999.377
-46420.878
-46475.009
-33204.716
-33564.607
-32128.267
-21298.022
-22423.093
-23552.472
-12548.233
-9772.466
-9827.9325
-15832.092
-18750.57
-20732.673
6474.4152
316.02898
568.24197
10844.028
11827.312
10896.938
212515.76
206113.87
230777.26
234030.64
191754.11
227604.34
223448.83
202077.27
227397.48
210838.17
190450.49
218324.95
209407.15
192644.27
207862.06
198845.4
182279
203149.6
196248.66
178689.27
198164.6
189624.07
170292.46
191141.63
182577.12
164856.64
184091.71
171597.45
159095.38
177234.1
161331.04
153558.98
168962.88
158008.83
142834.87
151489.29
146480.3
133552.8
147024.35
137091.38
124228.14
137686.8
125979.48
113877.36
125360.28
114150.89
103181.35
113406.57
100062.4
91232.672
101324.16
85640.911
81993.884
87303.026
73390.907
68651.109
73436.879
59057.309
55938
59490.158
44308.316
44214.685
45334.197
32044.202
33532.035
30777.318
26940.142
29502.895
28940.395
110647.6
145927.08
117061.39
133000.3
127279.79
127963.65
124759.12
118772.42
114122.46
107676.64
100683.26
98636.178
93670.026
82877.263
78154.674
68985.535
61092.322
53353.707
44975.938
38226.889
26207.653
21494.453
10830.873
-24087.603
21661.56
11444.485
28151.422
32232.262
28824.463
30017.193
29750.112
29779.269
27360.476
28093.294
27214.706
22972.834
23751.718
22165.717
19807.192
18567.312
17328.065
14958.603
12582.387
11178.74
8773.1885
9249.8619
-89338.765
-56739.725
-112929.95
-81368.9
-96032.714
-96889.373
-90065.712
-84564.588
-83901.111
-78907.001
-74806.372
-73833.448
-66781.569
-63065.567
-57698.367
-52738.226
-47447.666
-41354.721
-35519.911
-30381.555
-22441.564
-12427.84
-11730.023
154066.74
173703.56
160735.46
118024.1
162409.45
146127.86
104777.49
123541.5
137413.65
100114.82
131102.51
121792.24
101838.21
114500.7
120985.18
99846.151
115888.81
121666.37
90006.374
111166.24
114733.52
91725.676
108538.13
111397.72
83738.791
104245.38
106806.29
81997.227
98460.859
104405.26
82055.845
98268.669
93558.483
73354.265
84789.586
93982.928
69100.604
83642.589
86828.46
64441.349
77351.82
79159.102
59043.745
70528.722
72023.449
54217.958
62774.77
66779.291
47642.527
58096.44
57925.661
46176.643
48120.712
50906.562
36372.715
41706.084
41674.714
32055.598
34443.066
34060.929
23487.975
25336.969
26601.394
18667.356
18188.865
16565.494
-1902.3511
5226.5615
6297.281
-35266.841
-38056.719
-12868.817
-4458.9996
4921.1665
4529.144
-2791.9727
-2068.1418
214.38097
-5967.6171
6745.5676
-6090.9698
3986.7031
6176.1222
7380.634
-5923.1713
10534.58
1149.9107
2755.4503
9844.6782
3898.898
-522.23779
11287.7
2360.0104
1384.5471
9770.9952
4518.0872
1799.792
13803.791
3432.7311
3793.8159
8968.5464
3991.8803
2728.8825
10191.698
6257.5178
3640.655
12790.342
5274.2054
4847.7814
11337.801
5348.2941
4366.2386
12368.588
5392.1264
6203.1759
11659.208
6165.3979
5154.274
12426.825
5209.4089
6147.9641
10935.035
4564.1563
5161.5623
8741.7766
6317.9577
4638.5112
9636.131
6544.6325
5664.878
7685.7829
5301.2233
6552.1279
8616.5863
4758.7625
9176.5527
9699.1082
8427.8285
-119995.83
-142822.82
-115548.09
-112212.73
-83030.767
-97766.938
-100634.07
-132704.9
-109927.43
-121877.31
-100989.19
-111837.17
-104461.87
-117983.25
-102757
-102398.84
-106794.53
-105196.39
-100221.3
-106836.42
-102290.3
-95007.065
-104496.3
-98009.721
-93018.591
-98556.779
-93511.919
-89504.344
-94451.458
-90387.986
-82882.198
-89639.27
-85388.563
-78844.404
-83159.133
-80980.002
-70929.079
-80544.41
-75101.799
-66895.181
-72702.779
-69606.714
-59397.432
-66957.106
-64489.137
-54263.9
-60285.616
-57899.792
-46346.019
-53074.243
-51624.273
-40128.906
-46726.185
-44629.845
-34168.314
-37796.98
-36241.577
-26826.118
-29757.462
-29639.7
-21729.143
-22569.542
-23432.077
-8722.1116
-13544.282
-12187.61
-5231.2973
-8563.6328
-6148.7446
)
;

boundaryField
{
    free
    {
        type            calculated;
    }
    bottom
    {
        type            calculated;
    }
    traction
    {
        type            calculated;
    }
}


// ************************************************************************* //
