/*--------------------------------*- C++ -*----------------------------------*\
  =========                 |
  \\      /  F ield         | OpenFOAM: The Open Source CFD Toolbox
   \\    /   O peration     | Website:  https://openfoam.org
    \\  /    A nd           | Version:  6
     \\/     M anipulation  |
\*---------------------------------------------------------------------------*/
FoamFile
{
    version     2.0;
    format      ascii;
    class       pointScalarField;
    location    "2.5999815893017475";
    object      p;
}
// * * * * * * * * * * * * * * * * * * * * * * * * * * * * * * * * * * * * * //

dimensions      [1 -1 -2 0 0 0 0];

internalField   nonuniform List<scalar> 
625
(
1090910.5
-1718666.3
11039.041
16547.815
2120382.7
-3358895.4
12475.911
936.34301
849099.22
-163070.9
-136344.7
-10870.181
4756.2574
9192.0962
476332.76
507642.17
528947.41
511765.19
468581.13
466955.83
423137.16
398640.35
381826.71
348730.38
323307.1
286603.77
262081.26
231868.12
203796.32
176798
152135.14
123052.65
101596.54
79707.166
57447.064
38032.231
26319.739
-596073.93
-473641.71
-537716.83
-449221.88
-422435.6
-420537.16
-356752.96
-348261.52
-318457.86
-285618.97
-265315.33
-229646.12
-210076.67
-179219.69
-157653.73
-132626.51
-108567.69
-91507.74
-68607.577
-55987.3
-39552.815
-19298.112
-6692.9067
1175230.3
-218315.5
-323178.9
-617248.99
-743183.56
-554853.56
-515285.32
-605876.11
-444989.02
-511688.33
-454893.32
-407668.66
-381546.16
-347391.68
-313985.44
-283541.09
-246856.82
-215105.92
-184769.57
-152174.1
-124623.41
-97302.783
-69943.779
-44319.256
-27849.073
-3570.5834
15281.08
176.61799
-1649.497
24818.571
30826.078
51814.996
68647.046
93584.094
117796.87
143718.55
173275.55
198316.44
233124.43
267668.04
305868.21
323578.41
363950.9
392024.47
429558.09
461387.16
471546.43
567350.2
500546.54
640813.29
555818.97
592697.73
1178368.3
1202293.9
1112242.9
-1544977.3
-2080631
-2124315.6
20750.069
20382.174
21985.689
-2208.7848
4574.4327
-922.65094
270685.65
332516.09
322014.3
297123.88
285399.13
273533.22
253707.54
242191.32
224700.98
202808.81
184329.44
173691.42
156323.07
137961.89
123664.29
103968.67
90413.62
74915.965
55200.642
42238.214
28762.903
18279.793
16137.206
-108904.93
-83316.952
-90853.226
-42111.865
-62516.953
-35216.818
-41333.21
-32144.7
-24954.183
-19984.895
-16316.639
-10019.111
-9324.6558
-4613.9787
-1003.0232
-748.44859
7760.1944
3639.1174
8848.1305
11363.639
10190.433
9787.0241
7719.6358
-427878.51
-288693.4
-334131.03
-263585.87
-303772.55
-246904.65
-251742.44
-217551.66
-195130.25
-181014.69
-159844
-143165.46
-125308.11
-107108.04
-91230.283
-74544.284
-60025.912
-49589.664
-32828.155
-27146.593
-16003.864
-10463.618
1789.6401
679579.81
720355.19
840821.41
-57797.137
-75927.893
-176975.65
-357606.36
-153665.71
-97119.063
-964278.16
-961342.65
-938038.58
-699102.23
-707914.96
-758238.5
-594655.02
-579618.49
-625327.52
-504947.5
-492611.57
-517010.1
-485838.74
-483157.18
-514300.36
-441376.13
-429499.05
-444751.8
-421534.83
-415611.26
-410894.31
-387194.34
-371626.45
-395622.28
-354648.26
-349309.21
-365435.51
-322122.37
-316303.37
-334185.73
-288418.59
-287951.24
-306129.75
-267004.87
-257534.89
-269738.16
-230024.97
-230838.66
-244356.04
-206197.55
-200005.21
-215742.7
-175052.34
-172934.6
-185674.13
-148680.04
-146171.19
-157436.02
-122709.52
-120524.95
-129167.94
-93708.414
-96424.211
-102532.88
-73873.073
-74273.119
-78996.25
-52129.009
-53447.318
-56058.815
-30953.071
-32389.655
-33248.06
-16589.446
-17833.605
-19882.417
-5450.1597
-2618.245
-3815.5929
-11051.363
-13971.264
-13025.53
8744.7949
3869.174
4962.5316
14213.021
16175.903
15937.616
609450.1
583244.73
647274.31
637450.86
522243.33
603073.89
606188.31
550131.71
600430.97
554434.87
492970
546335.17
536508.9
491410.99
515265.85
496177.74
446361.43
477404.98
472677.6
425256.32
448466.26
439167.17
389257.73
417841.02
410135.43
364166.69
385032.39
367737.89
335501.76
354412.3
336747.17
311285.97
323564.51
314588.16
278599.6
276315.33
276717.84
247910.33
255510.91
248827.16
220573
229523.19
216311.2
193240.77
198195.08
186763.32
165292.39
169510.99
152357.04
139169.46
143435.44
126658.31
116815.95
116519.47
99310.534
92228.367
91706.65
74637.899
69698.528
69845.749
51161.503
50218.442
49069.241
34742.605
34893.476
32196.665
25343.127
28645.868
26543.585
277910.49
376670.1
293361.57
331734.64
300624.37
287220.03
277753.17
248012.43
231456.29
206257.31
186167.64
169989.9
158036.26
131042.01
118370.65
100317.49
83571.709
70176.371
56070.805
45948.488
31447.26
25183.832
15543.374
-80146.37
23366.199
5806.6545
28050.902
44868.093
35202.21
30053.972
34567.696
28938.473
26389.172
26000.867
27104.719
17948.397
19223.13
20397.188
16116.536
16167.585
16256.81
13721.87
12150.899
11685.897
10477.692
11741.856
-268821.8
-174046.89
-336068.01
-259754.14
-277235.55
-290157.86
-252715.7
-241656.01
-228916.54
-210169.6
-191989.38
-180978.26
-160262.79
-143220.3
-124936.83
-108545.11
-91529.216
-74071.134
-58557.814
-45718.525
-29687.729
-13226.52
-9793.7991
404700.4
461721
411489.08
319566.97
430259.18
370779.25
271812.28
302451.02
324424.92
253734.7
321687.02
282764.06
259986.78
264098.16
271773.55
242194.45
264564.79
263797.34
213947.88
240515.4
238628.93
216649.84
229950.05
223870.77
185649.9
211876.11
204049.04
181960.02
192930.42
194112.15
170296.97
187121.33
165009.66
148882.36
149805.88
159375.67
135029.96
144008.15
141771.15
121018.12
128134.84
122591.29
105708.99
109577.92
104720.1
91932.118
93925.716
94079.343
77283.737
81382.123
76972.073
69026.751
64229.095
64108.04
51343.319
51364.449
50542.367
42213.741
41398.684
38812.227
28451.505
28969.044
28870.592
21825.964
21206.771
17808.018
1209.5738
7355.196
7783.7807
-118605.56
-143059.35
-78943.003
-25202.083
-21235.612
-38209.821
-22324.107
-37082.899
-34666.793
-29843.274
-11599.426
-50075.302
3212.8657
-8442.9229
-14928.619
-20881.689
1571.8768
-25595.466
8179.5242
6893.347
-17201.034
-2388.82
9255.0501
-18458.78
8155.5969
8348.5476
-11274.306
8743.5855
20179.147
-11463.135
16466.559
8658.2983
-11706.129
14014.241
13306.04
-3144.2669
14365.237
20779.74
-2065.3892
17539.136
17036.183
-2258.7257
14494.115
20058.905
-133.98559
18141.677
18962.259
3559.8443
13321.498
20264.743
2492.967
14972.247
17523.324
3297.3445
12824.716
14860.431
8048.0564
11367.735
15851.198
8142.7653
11653.387
12244.603
8807.8384
11761.501
12624.889
6910.7562
12783.476
11817.331
10195.644
-354130.15
-437618.91
-356708.47
-315240.56
-246139.34
-299374.36
-274702.54
-384664.22
-328205.82
-344139.81
-283031.33
-346636.25
-273117.17
-318548.15
-301454.2
-260339.38
-280437.64
-301171.16
-246806.65
-268208.2
-286521.26
-219008.15
-257494.46
-261836.25
-208744.76
-227096.17
-243743.77
-189989.07
-215062.85
-227844.49
-167998.23
-193579.37
-204796.22
-151863.57
-172436.66
-184394.32
-129382.72
-159337.51
-165540.77
-115781.38
-137014.86
-146261.85
-97285.907
-119552.4
-128158.81
-83868.282
-101473.61
-109293.02
-68213.133
-84274.337
-92033.407
-53134.185
-68484.587
-74225.516
-41721.97
-51954.832
-55804.706
-30364.39
-38029.893
-41435.806
-22558.187
-26009.733
-30239.905
-5585.4662
-11612.872
-11821.765
-2701.9318
-6967.9484
-4504.7668
)
;

boundaryField
{
    free
    {
        type            calculated;
    }
    bottom
    {
        type            calculated;
    }
    traction
    {
        type            calculated;
    }
}


// ************************************************************************* //
