/*--------------------------------*- C++ -*----------------------------------*\
  =========                 |
  \\      /  F ield         | OpenFOAM: The Open Source CFD Toolbox
   \\    /   O peration     | Website:  https://openfoam.org
    \\  /    A nd           | Version:  6
     \\/     M anipulation  |
\*---------------------------------------------------------------------------*/
FoamFile
{
    version     2.0;
    format      ascii;
    class       pointVectorField;
    location    "2.5999815893017475";
    object      u;
}
// * * * * * * * * * * * * * * * * * * * * * * * * * * * * * * * * * * * * * //

dimensions      [0 1 0 0 0 0 0];

internalField   nonuniform List<vector> 
625
(
(0 0 0)
(0 0 0)
(2.9005354 -0.48847941 0.031952594)
(2.6595612 -1.137852 -0.0051071766)
(0 0 0)
(0 0 0)
(2.6832496 -1.1676009 -0.0071234733)
(2.9238071 -0.51866308 0.030796212)
(0 0 0)
(0 0 0)
(0 0 0)
(2.839542 -0.65133856 0.021812676)
(2.7794174 -0.81246693 0.013350865)
(2.720003 -0.97434161 0.0039131785)
(0.0061789036 0.026465223 0.025705081)
(0.026476937 0.056253769 0.02698469)
(0.06566706 0.083495588 0.028991159)
(0.1208638 0.10742919 0.028345587)
(0.18975936 0.12596756 0.027881682)
(0.27396586 0.14016886 0.027203998)
(0.36872376 0.14743648 0.026290019)
(0.47528405 0.14950312 0.025633278)
(0.59165101 0.1448168 0.025207335)
(0.71661646 0.13403747 0.024346548)
(0.84935239 0.11751311 0.02414049)
(0.98875091 0.094659155 0.023470204)
(1.1339817 0.066649513 0.02344545)
(1.2839102 0.033162483 0.023368485)
(1.4379432 -0.004957825 0.023595556)
(1.5952709 -0.047683976 0.023814399)
(1.7549139 -0.09387633 0.024551635)
(1.9167976 -0.14391807 0.025150372)
(2.0799169 -0.19697005 0.025949048)
(2.2437065 -0.25207743 0.027040176)
(2.4081587 -0.30945903 0.028088565)
(2.5725627 -0.3677135 0.029335743)
(2.7363941 -0.42770416 0.031003443)
(-0.0062435182 -0.024940114 -0.034643468)
(0.015442327 -0.04895529 -0.030490456)
(0.04443717 -0.080961806 -0.036963427)
(0.091328205 -0.11158794 -0.034464252)
(0.14646287 -0.14185255 -0.035878209)
(0.21742247 -0.17814595 -0.035389377)
(0.29537957 -0.21218875 -0.035949824)
(0.38665252 -0.25156093 -0.034967847)
(0.4855502 -0.29285379 -0.035327872)
(0.59411371 -0.33586456 -0.034334979)
(0.71050504 -0.38292673 -0.033691676)
(0.83439767 -0.43161168 -0.032338711)
(0.96487525 -0.48337102 -0.031090352)
(1.1012932 -0.53705548 -0.029410273)
(1.2431235 -0.5929578 -0.027592184)
(1.389513 -0.65049991 -0.025498968)
(1.5401345 -0.70965453 -0.023168)
(1.6937205 -0.76989023 -0.02097192)
(1.850838 -0.83088202 -0.018162931)
(2.0096534 -0.89232324 -0.015704416)
(2.1706234 -0.95409017 -0.012873938)
(2.332746 -1.0156027 -0.010384533)
(2.4958386 -1.0768177 -0.0079655843)
(0 0 0)
(0 0 0)
(0 0 0)
(0.004484665 -0.014818656 0.022568229)
(0.02288139 -0.060970172 0.025460417)
(0.058326342 -0.077877011 0.019310631)
(0.10450844 -0.11194586 0.014348641)
(0.16637071 -0.15066058 0.013369471)
(0.23652707 -0.17982481 0.0068263313)
(0.31776166 -0.22255465 0.0062171779)
(0.40945406 -0.26108531 0.0021429798)
(0.509799 -0.30461252 -0.0004273016)
(0.61901122 -0.35069784 -0.0028138098)
(0.73589565 -0.39927559 -0.0052169658)
(0.8598874 -0.45028364 -0.0067210405)
(0.99039098 -0.50391366 -0.008535395)
(1.1268122 -0.55949479 -0.0097896588)
(1.2683224 -0.61688283 -0.010710849)
(1.4144523 -0.67606599 -0.011317039)
(1.5646513 -0.73623973 -0.01167266)
(1.718236 -0.79752262 -0.011678639)
(1.8747089 -0.85934554 -0.01139428)
(2.0336184 -0.92141805 -0.010923987)
(2.1942276 -0.98363755 -0.010194704)
(2.3565263 -1.0453529 -0.0092125494)
(2.5192409 -1.1068178 -0.0080438316)
(2.743734 -1.0043971 0.0023299399)
(2.8026545 -0.8424186 0.012207864)
(2.862603 -0.68183606 0.022080197)
(2.7598887 -0.45779385 0.027937923)
(2.5954178 -0.39760335 0.025419108)
(2.4310243 -0.33886529 0.022660276)
(2.2664132 -0.28062281 0.019581683)
(2.1023705 -0.22449584 0.016598394)
(1.9391915 -0.17056361 0.013478492)
(1.7774298 -0.11936503 0.010547305)
(1.6175814 -0.071391662 0.007536962)
(1.4602494 -0.027267795 0.0047740941)
(1.306232 0.012783794 0.0020458531)
(1.1560505 0.047865515 -0.00047667271)
(1.0105482 0.078259392 -0.0033215199)
(0.87095798 0.10259858 -0.0049397348)
(0.73762369 0.12130499 -0.0072496495)
(0.61181083 0.13409394 -0.0093217788)
(0.49457472 0.14046871 -0.011178302)
(0.38695573 0.14114966 -0.013426734)
(0.28967503 0.13475842 -0.014514615)
(0.20602586 0.12290875 -0.017114089)
(0.13287777 0.10426779 -0.017558259)
(0.076391391 0.083428861 -0.021326009)
(0.033303725 0.055038195 -0.021373012)
(0.017137896 0.026858105 -0.016714824)
(0 0 0)
(0 0 0)
(0 0 0)
(0 0 0)
(0 0 0)
(0 0 0)
(2.6651955 -1.1455965 -0.0060219054)
(2.6712019 -1.1532724 -0.0059984143)
(2.6768689 -1.1606158 -0.0066212814)
(2.9069729 -0.49582364 0.03167409)
(2.9127522 -0.50343858 0.031240068)
(2.9187337 -0.51081014 0.03095216)
(-0.0063101059 0.015732232 0.017799717)
(0.015104926 0.031487074 0.013629545)
(0.051627446 0.045063377 0.014588775)
(0.10450387 0.055358405 0.013576112)
(0.17118617 0.061942501 0.013068832)
(0.25177665 0.063897966 0.012271087)
(0.34350452 0.060407127 0.011762789)
(0.44665899 0.052207845 0.011239903)
(0.55916512 0.038249634 0.01058473)
(0.68037617 0.0193121 0.010316099)
(0.80950664 -0.0049256393 0.010075866)
(0.9456925 -0.034662337 0.010007573)
(1.0876013 -0.068765696 0.010144425)
(1.234614 -0.1076685 0.0103988)
(1.3859949 -0.15050433 0.010991978)
(1.5409498 -0.19718891 0.011567339)
(1.6987134 -0.24707779 0.012658608)
(1.8589513 -0.29978216 0.013519991)
(2.0209091 -0.35512111 0.014779059)
(2.1837636 -0.41205652 0.016239396)
(2.3477119 -0.47063197 0.017580982)
(2.5116651 -0.52998604 0.019186766)
(2.6756734 -0.59084246 0.020854481)
(-0.012809907 0.0029733859 -0.0012806742)
(0.0099437725 0.0024967446 -0.0037888239)
(0.043925163 0.0036732558 -0.0026783687)
(0.093944027 0.0013636022 -0.0034009916)
(0.15848572 -0.0057498544 -0.0035697171)
(0.23525863 -0.015031393 -0.0038204219)
(0.32333785 -0.029066194 -0.0041980128)
(0.42258493 -0.047437493 -0.0044809764)
(0.53088342 -0.069931214 -0.0046370332)
(0.64870535 -0.097492844 -0.0042471964)
(0.77368185 -0.1288966 -0.0046380832)
(0.90616126 -0.16513886 -0.0038436514)
(1.0444635 -0.2051573 -0.0034023258)
(1.1884237 -0.24898095 -0.0025959244)
(1.3368234 -0.29633425 -0.0015601526)
(1.4892833 -0.34667851 -0.00054317521)
(1.6449173 -0.39991978 0.0011187135)
(1.8032691 -0.4550847 0.0022479838)
(1.96352 -0.51236553 0.0042319427)
(2.1252854 -0.57097247 0.005950314)
(2.2884045 -0.6308366 0.0076353707)
(2.4519094 -0.6912951 0.0096304721)
(2.6162009 -0.75224475 0.011367122)
(-0.014832289 -0.011973729 -0.01429141)
(0.0077978478 -0.022425114 -0.01440815)
(0.038509401 -0.034655218 -0.017223192)
(0.088310759 -0.050814827 -0.01737196)
(0.14884867 -0.070760453 -0.01822612)
(0.22205283 -0.090794372 -0.01869722)
(0.30704451 -0.11713452 -0.018940608)
(0.40163935 -0.14472478 -0.019111584)
(0.50654124 -0.17701511 -0.018930922)
(0.61950345 -0.21278025 -0.018850956)
(0.7410065 -0.25166236 -0.018458063)
(0.86947106 -0.29479832 -0.017618384)
(1.004176 -0.34057042 -0.016909208)
(1.144712 -0.38976013 -0.015687133)
(1.2899595 -0.44154413 -0.014374003)
(1.4397155 -0.49591581 -0.01281704)
(1.5927404 -0.55217866 -0.011008632)
(1.7491147 -0.61023834 -0.00921989)
(1.9077364 -0.66967698 -0.007030812)
(2.0684308 -0.73013244 -0.0050996451)
(2.230378 -0.79132529 -0.0028462454)
(2.3931983 -0.85243792 -0.0006091482)
(2.5566177 -0.91371538 0.0015860833)
(0 0 0)
(0 0 0)
(0 0 0)
(0 0 0)
(0 0 0)
(0 0 0)
(0 0 0)
(0 0 0)
(0 0 0)
(0.008093923 -0.0089420829 -0.014803951)
(0.011550327 -0.012660906 -0.0054805811)
(0.011436436 -0.010417855 0.0069974912)
(0.03061004 -0.056318713 -0.018569632)
(0.032979717 -0.058347454 -0.0061899142)
(0.034625499 -0.05769518 0.011018939)
(0.059757744 -0.081218007 -0.022250462)
(0.066067494 -0.079763779 -0.0086217783)
(0.067753054 -0.083887003 0.0077555786)
(0.10446795 -0.11385027 -0.0211525)
(0.11080746 -0.11661021 -0.0097662053)
(0.11042477 -0.11445967 0.0035885148)
(0.16228821 -0.14809538 -0.02358919)
(0.16783573 -0.14884721 -0.01330123)
(0.17114371 -0.1533044 0.0015766401)
(0.22954239 -0.18124775 -0.024673004)
(0.23747708 -0.18403809 -0.01304467)
(0.24001416 -0.18417933 -0.0024166933)
(0.30977005 -0.21882965 -0.024730696)
(0.3167435 -0.22274363 -0.016274788)
(0.31950881 -0.22251334 -0.0034078825)
(0.39910413 -0.25803369 -0.026047841)
(0.40650239 -0.25962667 -0.017025252)
(0.4104469 -0.26420578 -0.0063905926)
(0.49804551 -0.29893046 -0.026195918)
(0.50572489 -0.30404582 -0.01827275)
(0.50977851 -0.30594536 -0.0084291147)
(0.60609408 -0.34373109 -0.026431984)
(0.61356173 -0.34762658 -0.019245899)
(0.6180884 -0.35121392 -0.010091499)
(0.72165582 -0.39018459 -0.026581646)
(0.72942758 -0.39558998 -0.019694906)
(0.73423299 -0.39931465 -0.011890694)
(0.84506609 -0.44034335 -0.025987737)
(0.85257593 -0.44500538 -0.020532498)
(0.85770489 -0.4492627 -0.012680117)
(0.97499552 -0.49138902 -0.025479864)
(0.9823635 -0.49723798 -0.020070593)
(0.98737507 -0.50236471 -0.013853841)
(1.1108186 -0.54582307 -0.024430709)
(1.1179921 -0.55189356 -0.020055269)
(1.1234123 -0.55713577 -0.014457364)
(1.2520087 -0.60161801 -0.023386793)
(1.2591106 -0.60802981 -0.019516913)
(1.2644962 -0.61370125 -0.01468422)
(1.3979196 -0.65936701 -0.021912649)
(1.4047503 -0.66603995 -0.018717035)
(1.4102785 -0.67216579 -0.014688463)
(1.5477804 -0.71837844 -0.020328789)
(1.5545822 -0.7253296 -0.017728129)
(1.5600933 -0.73175542 -0.014391952)
(1.7013084 -0.77827597 -0.018552091)
(1.7078192 -0.78570419 -0.016497184)
(1.7134136 -0.79234324 -0.013821358)
(1.8575684 -0.83947176 -0.016482118)
(1.8640428 -0.84673724 -0.01496688)
(1.8696183 -0.85364737 -0.012983288)
(2.0163944 -0.90058217 -0.014488999)
(2.0226034 -0.90816392 -0.01338284)
(2.0282282 -0.91527685 -0.012012252)
(2.1768899 -0.96229797 -0.012284644)
(2.1830152 -0.96977755 -0.011551689)
(2.1887715 -0.9769603 -0.010808755)
(2.3388844 -1.0235782 -0.010140577)
(2.3449172 -1.0311733 -0.009845857)
(2.3506056 -1.0385968 -0.00954781)
(2.5016188 -1.0848302 -0.0080130613)
(2.5075597 -1.0922889 -0.0080641097)
(2.5135378 -1.0997133 -0.0079937488)
(2.8459934 -0.65888094 0.022179457)
(2.8518392 -0.66634889 0.021982183)
(2.857604 -0.67391873 0.021916014)
(2.7851155 -0.82003864 0.013109542)
(2.7913186 -0.827665 0.012646179)
(2.7967627 -0.8350562 0.01231646)
(2.7258151 -0.98229796 0.0034817656)
(2.7319395 -0.98996015 0.00310182)
(2.7376221 -0.9971387 0.0028961587)
(0.0182867 0.022570216 0.01394033)
(0.020480811 0.023719372 0.0042673504)
(0.023045755 0.024910778 -0.0044032197)
(0.039732353 0.052275336 0.013739011)
(0.041445211 0.05400377 0.0035175878)
(0.042788442 0.053425673 -0.01101023)
(0.079321666 0.080902324 0.016633526)
(0.082360569 0.081863149 0.0039377084)
(0.085207327 0.082760229 -0.008666316)
(0.13280402 0.10381691 0.015749916)
(0.13847158 0.10339536 0.0044464742)
(0.13985553 0.10347412 -0.0081269921)
(0.20372193 0.12278812 0.015873962)
(0.20842689 0.12252726 0.0052883856)
(0.21082145 0.12351792 -0.0063639762)
(0.28569827 0.13633254 0.015851171)
(0.29160828 0.13400876 0.0058850351)
(0.29506825 0.13372124 -0.0054096026)
(0.38150562 0.14275719 0.015541419)
(0.38730793 0.1413211 0.0064985586)
(0.39057513 0.14041417 -0.0046450867)
(0.48744271 0.14390962 0.015476122)
(0.49314809 0.141862 0.0068285266)
(0.49738505 0.14076217 -0.0031988051)
(0.60321725 0.13895573 0.015563828)
(0.60955664 0.13638324 0.0073206574)
(0.6137925 0.13455866 -0.0018942673)
(0.72782693 0.12789986 0.015641397)
(0.73421428 0.12472226 0.0080092029)
(0.7386422 0.12247415 -0.00047226993)
(0.85989745 0.11114535 0.01619365)
(0.86668433 0.10691417 0.0084782601)
(0.8713155 0.10384849 0.0013397196)
(0.99933662 0.087776461 0.015993863)
(1.0054086 0.083246984 0.010413764)
(1.0102337 0.080287762 0.0021432578)
(1.143718 0.059306375 0.016669798)
(1.1500578 0.05446577 0.01068483)
(1.1552026 0.051118016 0.0044699481)
(1.2933892 0.0257677 0.017214012)
(1.2995998 0.020514808 0.012261927)
(1.3048236 0.016156913 0.0064728443)
(1.446859 -0.012606071 0.018195513)
(1.4530848 -0.01837282 0.013631581)
(1.4582979 -0.023090684 0.0085994687)
(1.6037484 -0.055323204 0.019074842)
(1.6097812 -0.061480645 0.015243433)
(1.6151384 -0.066652135 0.010872496)
(1.7630206 -0.10198788 0.020503879)
(1.7691031 -0.10825546 0.017105265)
(1.7745291 -0.11401518 0.013375053)
(1.924275 -0.15178872 0.021733745)
(1.9304279 -0.15866459 0.018891611)
(1.9358118 -0.16465866 0.015799781)
(2.087162 -0.20462938 0.02319387)
(2.0930461 -0.21167997 0.020950021)
(2.0985602 -0.21803727 0.018487473)
(2.2506227 -0.25988721 0.024809634)
(2.2566648 -0.26697828 0.022998574)
(2.2621616 -0.27378453 0.021047539)
(2.4148981 -0.31692004 0.026414603)
(2.4206888 -0.32456358 0.025010998)
(2.4262455 -0.33138416 0.023800471)
(2.5787715 -0.37569958 0.028159262)
(2.5847539 -0.38303291 0.027252547)
(2.5904981 -0.39018928 0.026283255)
(2.7431601 -0.43514057 0.0301939)
(2.7488453 -0.44278384 0.029387716)
(2.754704 -0.45020777 0.028828996)
(0.00091654407 0.0085609032 -0.011104199)
(0.023666071 0.035878163 -0.013144234)
(0.061458939 0.041058917 -0.0091323233)
(0.11779725 0.053344662 -0.010646615)
(0.18669082 0.05762317 -0.0096912226)
(0.26868246 0.05758434 -0.0083934794)
(0.36210107 0.053152785 -0.0082884019)
(0.46605362 0.042462241 -0.0073561053)
(0.57980596 0.026835779 -0.006590068)
(0.70171406 0.0056550573 -0.0055480713)
(0.83170597 -0.020585561 -0.0047113142)
(0.96777466 -0.051824805 -0.0031198945)
(1.1097956 -0.088222035 -0.0020601698)
(1.2570031 -0.12895718 -0.00014368979)
(1.4084079 -0.17343211 0.0014321839)
(1.56329 -0.22165826 0.0034303617)
(1.7211122 -0.2730343 0.0055261135)
(1.8812439 -0.32698226 0.0076680811)
(2.0430878 -0.38313128 0.0099990961)
(2.2061957 -0.44113544 0.012254539)
(2.3701638 -0.50027158 0.014621027)
(2.5342951 -0.56025634 0.016950073)
(2.6988038 -0.62115699 0.019341653)
(-0.0089378155 0.0054802051 0.00069984945)
(0.016484748 0.0075660669 -2.7325041e-05)
(0.054249743 0.0017726599 -0.00039453715)
(0.10948185 -4.4618884e-05 -0.0016878095)
(0.17420971 -0.0081236435 -0.0027789879)
(0.25422465 -0.020208488 -0.0030726507)
(0.34324573 -0.035808043 -0.0037812162)
(0.44407929 -0.056115542 -0.0042496717)
(0.5535685 -0.081114317 -0.0046796258)
(0.6719701 -0.11031457 -0.0048094887)
(0.7975997 -0.14442242 -0.0047781825)
(0.93033827 -0.18217719 -0.0047037836)
(1.0687512 -0.22455473 -0.0041221376)
(1.2128095 -0.27013197 -0.0034985008)
(1.3611523 -0.31914939 -0.0027609697)
(1.5134195 -0.37125599 -0.001557396)
(1.6689011 -0.42563392 -0.00032682944)
(1.8270599 -0.48221424 0.0011040089)
(1.9872512 -0.54046626 0.0027745554)
(2.149022 -0.59994709 0.0044083331)
(2.3121664 -0.66019669 0.0064026513)
(2.4753956 -0.72097965 0.0081496515)
(2.6400216 -0.78253453 0.010030373)
(-0.012001867 -0.0092015269 0.010641079)
(0.017964337 -0.013676053 0.007259672)
(0.052883776 -0.039419177 0.012053035)
(0.10280867 -0.046089974 0.0057479618)
(0.16757696 -0.071956607 0.0061528509)
(0.24284059 -0.095508104 0.0034961768)
(0.32855999 -0.12093262 0.0017986012)
(0.42548341 -0.1527669 3.7131634e-05)
(0.53084804 -0.18692061 -0.0014175108)
(0.64482435 -0.22492103 -0.0026684328)
(0.76667271 -0.26650514 -0.0039765688)
(0.89501094 -0.31165525 -0.0046198635)
(1.0300188 -0.35955638 -0.0053620592)
(1.1703232 -0.41091126 -0.005729967)
(1.315326 -0.46440948 -0.0057957294)
(1.4646976 -0.5203701 -0.0056251863)
(1.6175881 -0.57815181 -0.0052362379)
(1.7734822 -0.63739348 -0.0046066613)
(1.9318392 -0.69784472 -0.00376899)
(2.0922017 -0.75895325 -0.0026932563)
(2.2539346 -0.82048514 -0.0015083922)
(2.4167596 -0.88221885 -0.00037752404)
(2.5801503 -0.94349005 0.0012997856)
(0.0033344949 0.0077400861 0.0083907115)
(0.0036345323 0.0089250641 0.0032982992)
(0.0065043047 0.0086912535 -0.0025170119)
(0.027209665 0.030862844 0.006247923)
(0.031512011 0.031285018 -0.00031961437)
(0.031426282 0.030651227 -0.0083202245)
(0.064732526 0.042339953 0.0068644711)
(0.067836207 0.040603184 0.00091934424)
(0.070161902 0.041707911 -0.0048800954)
(0.1171201 0.052481 0.0060988439)
(0.12370005 0.05328065 0.00038981642)
(0.12401721 0.051567153 -0.0054028824)
(0.18482645 0.058872783 0.0057755557)
(0.18985108 0.057109255 0.00051487144)
(0.19251409 0.05624714 -0.0041460851)
(0.26437657 0.059237618 0.0053762889)
(0.27052172 0.058377333 0.0009190194)
(0.27330705 0.057004651 -0.0051236078)
(0.35614879 0.055649922 0.0055714441)
(0.36294616 0.053938363 0.00020983629)
(0.36561336 0.052151236 -0.0038881351)
(0.45873883 0.047032409 0.0049379753)
(0.46513541 0.044597192 0.00082650318)
(0.46856801 0.042441787 -0.003896613)
(0.57091324 0.032410981 0.0051304334)
(0.57770016 0.029782064 0.0010153347)
(0.58153235 0.027057442 -0.0031449605)
(0.69179568 0.013394436 0.004945907)
(0.69863296 0.0096087413 0.0011954456)
(0.70251076 0.0063661637 -0.0025318735)
(0.82057875 -0.011781021 0.005066488)
(0.82731136 -0.01602168 0.0019404936)
(0.83170039 -0.019120018 -0.0015263715)
(0.95592864 -0.041590445 0.0055714733)
(0.96289492 -0.046126976 0.0022853022)
(0.96720049 -0.050129621 -0.0008786138)
(1.097452 -0.076082965 0.0060430777)
(1.1041055 -0.080969703 0.0031699493)
(1.1088433 -0.085312442 0.00040061)
(1.2439181 -0.11510865 0.0068122565)
(1.2506351 -0.12041973 0.004353899)
(1.2553601 -0.12555553 0.0016852041)
(1.3948247 -0.15812438 0.0076672905)
(1.4013018 -0.1641171 0.0054608971)
(1.4062293 -0.16934036 0.0032556847)
(1.5492421 -0.20498246 0.0088892528)
(1.5557334 -0.21108588 0.0069201839)
(1.5607265 -0.2169023 0.0049452847)
(1.7067477 -0.25489484 0.0099783881)
(1.7129501 -0.26149402 0.0085035563)
(1.7180739 -0.26764757 0.0067975012)
(1.8662889 -0.30766149 0.011662558)
(1.8726059 -0.31466567 0.010158878)
(1.8777793 -0.32103147 0.0088032068)
(2.0278806 -0.36289276 0.013210196)
(2.0339999 -0.36987548 0.012043076)
(2.0392617 -0.37665889 0.010905326)
(2.19051 -0.41975997 0.014828413)
(2.1965403 -0.4271679 0.01401684)
(2.2019213 -0.43417264 0.013026081)
(2.3541408 -0.47830071 0.016573489)
(2.3601082 -0.48584107 0.01598945)
(2.3656169 -0.49302344 0.015247508)
(2.5178944 -0.53784671 0.018419921)
(2.5238022 -0.54532111 0.018193311)
(2.5293899 -0.55260554 0.017421941)
(2.6818942 -0.59827277 0.020433477)
(2.6877495 -0.60582242 0.020100587)
(2.6935554 -0.61339633 0.019833556)
(-0.0043634347 0.001174071 -0.0017958368)
(-0.0025280448 0.0036699641 -0.0016400567)
(-0.00027162073 0.0026882255 0.00087265716)
(0.020261454 0.0036578226 -0.0051410844)
(0.024380556 0.0040212447 -0.0034853185)
(0.024389158 0.0030127501 -0.0023418182)
(0.056544492 0.0013465378 -0.0041861578)
(0.061609191 0.00088273394 -0.00089026873)
(0.062273046 0.0017910299 -0.001435027)
(0.10673938 -0.0016996083 -0.0050100502)
(0.11364549 -0.0024845556 -0.0034614285)
(0.11355193 -0.004265143 -0.0033229899)
(0.17148473 -0.0084144807 -0.0051669653)
(0.17763892 -0.010492817 -0.0026081899)
(0.17878464 -0.0098201287 -0.0041385537)
(0.24731558 -0.018913048 -0.0053354735)
(0.25505993 -0.021152551 -0.0038706791)
(0.25647592 -0.02222213 -0.0042554745)
(0.33590781 -0.033174412 -0.0060886246)
(0.34295923 -0.036624053 -0.0043664951)
(0.34514338 -0.037466176 -0.0049403254)
(0.43452071 -0.052475478 -0.0059988137)
(0.44198815 -0.055739716 -0.0042007698)
(0.44443673 -0.05712356 -0.0052619346)
(0.54262328 -0.075424349 -0.0061382972)
(0.54995187 -0.079682367 -0.005075374)
(0.5534176 -0.081861705 -0.0057066751)
(0.65973903 -0.10336035 -0.0061010957)
(0.66747553 -0.10806549 -0.0046392202)
(0.67070082 -0.11009547 -0.0057099623)
(0.78474669 -0.1357126 -0.0057010964)
(0.79170858 -0.1403414 -0.0048927087)
(0.79591659 -0.14364166 -0.005733689)
(0.91641796 -0.1719507 -0.0052827439)
(0.92384515 -0.1775235 -0.0045997394)
(0.92794211 -0.18072945 -0.0052868876)
(1.0544988 -0.21239087 -0.0047088229)
(1.0615947 -0.21801507 -0.0038906705)
(1.065855 -0.22215609 -0.0047829691)
(1.197782 -0.25645206 -0.0038462871)
(1.2047303 -0.26280457 -0.0033207734)
(1.2093239 -0.26733178 -0.0039914389)
(1.3458145 -0.30403211 -0.0027550706)
(1.3525818 -0.31050108 -0.0021995545)
(1.35738 -0.31553867 -0.0031321356)
(1.497697 -0.35458998 -0.001489735)
(1.5043747 -0.36143209 -0.0012373477)
(1.509218 -0.36688203 -0.0018910344)
(1.6528857 -0.40775172 -1.7522135e-05)
(1.6593361 -0.41481742 0.0003081778)
(1.6643853 -0.42078142 -0.00048436516)
(1.8107023 -0.46325123 0.0016572448)
(1.8171121 -0.47045217 0.0017102821)
(1.8222795 -0.47671148 0.0010058308)
(1.970691 -0.52058237 0.0034953133)
(1.9770006 -0.52783293 0.00334971)
(1.9821943 -0.53442566 0.0027994281)
(2.1322633 -0.57920379 0.0054288715)
(2.1383622 -0.58648564 0.0050848606)
(2.1438533 -0.5935573 0.0045556721)
(2.294946 -0.63888725 0.007181999)
(2.3012512 -0.64640161 0.0069491858)
(2.3065656 -0.65349516 0.0065590094)
(2.4582033 -0.69916475 0.0091927466)
(2.4641819 -0.70651427 0.0088925533)
(2.4696796 -0.71393448 0.0083442217)
(2.6222625 -0.75997783 0.010992221)
(2.6283802 -0.76755864 0.01074422)
(2.6341077 -0.77489367 0.010337644)
(-0.0054970254 -0.0063710996 -0.0074841668)
(-0.0054088975 -0.0069245688 0.001293707)
(-0.0028714468 -0.0066026281 0.0054148041)
(0.022018054 -0.021402236 -0.0085651764)
(0.026795879 -0.016679321 -0.0018809738)
(0.025835815 -0.018247183 0.0040042734)
(0.053083708 -0.03539357 -0.010789103)
(0.057934666 -0.039788867 -0.0030734288)
(0.059453135 -0.039313805 0.0037627373)
(0.10310906 -0.054584082 -0.012232032)
(0.10758519 -0.052236957 -0.0055378392)
(0.11000191 -0.053337736 0.00098877731)
(0.16328315 -0.072781007 -0.012481032)
(0.16939067 -0.075672676 -0.0058370352)
(0.17226743 -0.075182377 -0.00037159532)
(0.2366369 -0.095939377 -0.014122339)
(0.24224863 -0.097267653 -0.008509369)
(0.24633492 -0.098418009 -0.0027144266)
(0.32089488 -0.12211588 -0.014423892)
(0.32745674 -0.12405612 -0.0082721747)
(0.33124944 -0.12513315 -0.0037981787)
(0.41521168 -0.15048239 -0.014965844)
(0.42150417 -0.15361426 -0.01017366)
(0.42638199 -0.15513396 -0.0055245967)
(0.51949498 -0.18375173 -0.01538994)
(0.52630368 -0.18675115 -0.010657334)
(0.53126635 -0.18877512 -0.0065392994)
(0.63215543 -0.21969763 -0.015519311)
(0.6388363 -0.22339703 -0.011327229)
(0.6441032 -0.22633182 -0.0074236409)
(0.75277992 -0.25923701 -0.015554668)
(0.75964 -0.26394257 -0.011660155)
(0.76532022 -0.26686412 -0.0083230559)
(0.88070442 -0.30270139 -0.01503204)
(0.8875059 -0.30732135 -0.011730068)
(0.89305983 -0.3112723 -0.0087406799)
(1.0147663 -0.34877048 -0.014710922)
(1.0213788 -0.35422636 -0.011770543)
(1.0272699 -0.3585157 -0.0089117422)
(1.1546159 -0.39828216 -0.013809937)
(1.1612408 -0.40388423 -0.011151248)
(1.1671465 -0.40880872 -0.0089554415)
(1.2993313 -0.45024128 -0.012809033)
(1.3057775 -0.45631922 -0.010644112)
(1.3118164 -0.46172586 -0.0086564995)
(1.4483665 -0.50459484 -0.011510794)
(1.4547476 -0.51106425 -0.009692414)
(1.4607064 -0.51677879 -0.0080638419)
(1.6009739 -0.56106565 -0.01009564)
(1.6072459 -0.56763061 -0.0085358493)
(1.6133061 -0.57391226 -0.0072954374)
(1.756676 -0.6189023 -0.0084633978)
(1.7629022 -0.62611879 -0.0072896002)
(1.7688929 -0.63247919 -0.0062898052)
(1.9148849 -0.67845247 -0.0065826198)
(1.9209737 -0.6854708 -0.0057563292)
(1.9269377 -0.69223967 -0.0050513617)
(2.0748469 -0.73847058 -0.0047123841)
(2.0811384 -0.74596828 -0.0042033616)
(2.0869826 -0.75295378 -0.0036454657)
(2.2365239 -0.79925155 -0.0027416639)
(2.2426074 -0.80687485 -0.0023997319)
(2.2484003 -0.8139419 -0.002091121)
(2.3991864 -0.86048397 -0.00055898867)
(2.4051835 -0.86811545 -0.00055684154)
(2.4111496 -0.87526309 -0.00048250421)
(2.5624041 -0.92156499 0.0014331263)
(2.5684111 -0.92899703 0.0013311615)
(2.5742096 -0.93651081 0.0010430157)
)
;

boundaryField
{
    free
    {
        type            calculated;
    }
    bottom
    {
        type            calculated;
    }
    traction
    {
        type            calculated;
    }
}


// ************************************************************************* //
