/*--------------------------------*- C++ -*----------------------------------*\
  =========                 |
  \\      /  F ield         | OpenFOAM: The Open Source CFD Toolbox
   \\    /   O peration     | Website:  https://openfoam.org
    \\  /    A nd           | Version:  6
     \\/     M anipulation  |
\*---------------------------------------------------------------------------*/
FoamFile
{
    version     2.0;
    format      ascii;
    class       pointScalarField;
    location    "2.30012668321227";
    object      p;
}
// * * * * * * * * * * * * * * * * * * * * * * * * * * * * * * * * * * * * * //

dimensions      [1 -1 -2 0 0 0 0];

internalField   nonuniform List<scalar> 
625
(
592185.36
-1021380.7
9421.2738
13618.98
1257704.6
-1673641.1
10385.198
-970.93657
436439.03
-122570.78
-138961.47
-14681.728
2693.4677
6611.0003
244533.53
268896.88
283442.74
278930.99
261855.14
263706.63
244537.86
235706.62
229591.77
217137.49
204967.68
186382.35
175706.98
159407.57
144736.11
129500.04
114429.06
97321.139
82300.116
68009.227
51358.448
36538.445
25546.338
-341545.17
-282728.92
-311896.78
-273415.82
-255123.27
-252888.36
-220972.32
-213675.09
-198213.2
-181526.4
-168028.11
-149686.85
-138898.28
-121581.97
-109515.28
-95386.95
-81174.817
-71156.603
-57174.776
-48952.402
-39131.019
-21865.176
-10255.141
697029.79
-34240.353
-145197.47
-314283.13
-392358.08
-293341.68
-287891.23
-327096.42
-245886.52
-284948.38
-263164.94
-243538.05
-232180.23
-217395.87
-202602.09
-188454.01
-169006.36
-152441.18
-135329.22
-116097.14
-99113.342
-81123.669
-61972.926
-42926.823
-28533.161
-7966.1806
12401.95
-903.09094
-3918.5652
25204.509
29781.379
47179.448
58498.917
75903.994
91487.368
106993.87
124672.95
138685
158099.61
177599.21
199070.43
206614.88
227935.74
243622.08
260873.09
277524.76
281984.53
333616.5
300691.62
369252.14
327042.48
344726.02
630842.21
685322.75
631591.72
-898013.97
-1160442.9
-1144522.8
18465.02
18202.644
19331.55
-4978.4653
2694.8761
-3373.3381
131786.34
170372.76
168978.76
161252.3
157165.47
154754.75
148119.9
144098.14
138182.44
127588.41
119474.99
116326.06
107636.94
98233.068
90787.004
78852.565
70901.085
60839.233
46890.038
36904.394
25684.4
15702.428
14743.238
-68709.346
-59037.208
-58162.398
-33634.888
-41072.291
-25079.89
-27583.65
-20684.137
-16109.228
-11760.861
-8902.0403
-5282.8989
-4365.4304
-1595.4442
837.94325
327.19892
6839.8766
2735.9708
6892.7194
9255.0843
7830.2829
8040.0989
5262.0137
-249098.25
-178819.69
-196176.89
-167112.14
-178828.38
-153363.36
-151640.23
-134161.77
-121591.14
-112524.8
-102158.35
-92101.366
-81901.098
-71749.662
-62450.604
-52731.115
-43749.078
-38330.235
-26351.408
-23589.515
-14983.235
-12041.753
-254.87729
365871.18
399186.15
472980.82
-36558.59
-22704.828
-65005.942
-247476.74
-116800.45
-70168.754
-510884.02
-496937.7
-475203.34
-397788.04
-392339.38
-407932.88
-332021.33
-314485.73
-333045.69
-293583.23
-279788.68
-282458.21
-283081.44
-271872.44
-285826.9
-261312.07
-248308.1
-257883.51
-251341.78
-242748.98
-239092.91
-233881.66
-222103.12
-235272.14
-218086.57
-211358.83
-221004.51
-200071.98
-196203.94
-207474.05
-183518.87
-182721.46
-194526.16
-172939.7
-167523.03
-175352.26
-152874.81
-153989.9
-163496.98
-140027.18
-137363.08
-148708.21
-122804.86
-122499.77
-132342.2
-107713.43
-107432.98
-116402.85
-92388.536
-92241.476
-99516.635
-74582.582
-77233.941
-82823.82
-61627.98
-63120.417
-67650.062
-47333.311
-48629.715
-51376.504
-31538.769
-33216.851
-34173.179
-20053.438
-21407.913
-24027.977
-10521.869
-7697.9964
-8459.1057
-15126.176
-17859.201
-18251.516
6843.4989
1673.3205
2351.0202
11860.144
13510.917
13107.346
324990.82
322343.68
360795.05
354276.08
293740.63
349321.02
334190.88
305900.83
342602.58
311999.07
280998.46
318802.23
304998.17
280312.28
299013.41
286117.01
259497.02
284316.88
278817.48
250060.37
269755.64
264025.13
232766.24
253400.25
251059.71
221746.59
238276.52
230391.86
208961.99
222202.22
215123.36
197428.31
207267.01
206961.16
180481.05
180586.73
187025.01
164932.82
170985.02
172641.51
150329.03
156943.96
155106.73
135404.11
139831.22
137799.62
119963.25
123067.93
117229.56
103975.89
107808.72
99828.236
91411.976
91082.187
82437.245
75249.89
74790.675
64850.66
59779.883
59640.107
46998.626
46002.005
44829.055
33541.148
34500.544
30596.997
26906.821
29657.905
28389.463
180183.97
222816.58
176514.54
194793.74
180138.06
173959.47
166883.37
153140.14
142427.02
129597.31
118567.6
109607.89
104004.27
88457.751
81431.784
70960.797
60971.765
52677.549
43794.18
37180.613
25921.5
21643.044
12617.03
-27391.199
35184.823
16470.423
35252.227
38534.258
30908.56
29757.173
26294.339
24059.969
19618.69
19017.972
17818.829
12531.639
12090.625
13082.915
10175.791
10363.74
11035.627
9665.2007
9104.205
8887.4575
8367.8996
9854.1828
-126564.94
-79615.006
-175348.69
-128003.29
-150699.95
-153289.18
-143123.76
-136531.2
-134327.24
-126878.1
-119775.69
-116422.66
-106098.84
-98222.856
-88160.59
-79573.601
-69460.013
-58342.539
-48221.657
-39451.698
-27229.723
-14007.835
-11647.23
224606.57
258889.33
248374.47
170784.76
243222.42
219578.07
151529.34
176220.92
198255.41
142311.24
187534.36
173720.18
146377.01
158249.72
167289.64
141276.26
159667.17
163537.77
127179.69
148035.98
148313.45
129617.26
142862.07
141756.36
116672.33
134473.83
130335.99
114988.67
124317.31
125575.6
111407.22
123176.21
107672.3
99779.617
101900.96
106683.57
92253.057
99534.086
95671.342
85799.654
90753.817
85385.266
76512.8
80449.847
74735.884
69147.242
70641.593
68718.274
59641.071
63552.952
58473.844
55457.906
52014.381
50494.684
42987.542
43172.946
40902.346
36744.306
35752.503
33411.154
25750.072
26050.15
25366.341
20226.582
18398.857
15900.237
-992.52212
5651.1372
6123.8703
-74180.208
-66017.387
-22944.223
-16451.353
301.26108
1657.6622
-12768.408
-10175.437
-1514.1379
-13868.954
4117.2927
-13531.646
3434.7034
3694.7484
5421.8071
-8253.156
9390.9558
-5017.9282
6407.2014
9707.3671
-494.86962
2805.6409
11498.331
-3607.0503
7659.849
9921.6047
-1341.9575
8790.3615
15779.767
-3065.5896
13994.751
8439.5933
-3652.9423
12147.913
10764.36
-283.51578
13108.917
15233.392
-836.04296
14805.351
12533.815
-1064.9189
12549.531
14574.209
-1172.1036
15375.909
13493.981
1587.391
10826.275
14873.897
183.11891
12268.474
12938.314
173.60743
9676.0396
10850.741
4074.836
7903.3166
11804.188
4386.925
8263.8085
9050.0297
5160.8052
8698.9781
10144.294
4205.5934
10298.12
9980.2243
8480.2895
-199419.24
-232560.68
-180167.97
-183464.4
-134207.39
-153731.99
-160637.33
-209408.21
-175175.07
-190019.39
-156057.58
-177394.85
-157256.92
-178748.9
-161672.13
-150576.39
-158666.31
-163632.56
-143337.48
-155315.43
-157968.1
-130407.02
-148869.7
-149655.34
-123994.66
-136674.58
-142191.85
-115858.52
-130248.7
-135399.15
-104443.09
-119593.18
-126227.11
-95364.186
-109680.78
-116731.72
-83531.972
-103731.52
-107595.67
-76581.145
-92307.177
-98379.187
-66088.414
-82882.381
-88975.848
-58920.815
-73148.174
-78230.299
-49948.886
-63099.966
-68805.752
-40172.02
-53625.581
-57607.2
-33561.853
-43169.284
-45271.735
-25583.817
-33125.751
-35929.454
-20828.446
-24760.711
-27440.138
-6533.2788
-13313.417
-12807.554
-4272.1698
-9119.7979
-6333.282
)
;

boundaryField
{
    free
    {
        type            calculated;
    }
    bottom
    {
        type            calculated;
    }
    traction
    {
        type            calculated;
    }
}


// ************************************************************************* //
