/*--------------------------------*- C++ -*----------------------------------*\
  =========                 |
  \\      /  F ield         | OpenFOAM: The Open Source CFD Toolbox
   \\    /   O peration     | Website:  https://openfoam.org
    \\  /    A nd           | Version:  6
     \\/     M anipulation  |
\*---------------------------------------------------------------------------*/
FoamFile
{
    version     2.0;
    format      ascii;
    class       pointVectorField;
    location    "2.30012668321227";
    object      u;
}
// * * * * * * * * * * * * * * * * * * * * * * * * * * * * * * * * * * * * * //

dimensions      [0 1 0 0 0 0 0];

internalField   nonuniform List<vector> 
625
(
(0 0 0)
(0 0 0)
(1.743981 -0.080077742 -0.014263283)
(1.65102 -0.50015974 -0.033832786)
(0 0 0)
(0 0 0)
(1.6686079 -0.50933764 -0.035083347)
(1.7613171 -0.089728711 -0.014766885)
(0 0 0)
(0 0 0)
(0 0 0)
(1.7201374 -0.18583673 -0.020106467)
(1.6967004 -0.28962282 -0.024117148)
(1.6741235 -0.39388213 -0.029212178)
(0.0021208374 0.013897708 0.01391792)
(0.012189899 0.029188735 0.014432384)
(0.032385679 0.044433387 0.014176922)
(0.061276297 0.058540189 0.012543697)
(0.097852274 0.070874997 0.010639375)
(0.14291118 0.082088274 0.0084145464)
(0.19447659 0.09079039 0.0059701136)
(0.25313357 0.09790609 0.0036463413)
(0.31811128 0.1025189 0.0013742191)
(0.38895709 0.10493595 -0.0010290181)
(0.46513948 0.10518458 -0.0030715249)
(0.54637298 0.1028515 -0.0052641734)
(0.63210448 0.098448231 -0.0069299232)
(0.72179645 0.091537841 -0.0085566845)
(0.8151158 0.082537141 -0.0098232052)
(0.91157028 0.071203526 -0.010987191)
(1.0105607 0.058134427 -0.011786134)
(1.1118967 0.0427975 -0.012415958)
(1.215111 0.025688302 -0.013016466)
(1.3194403 0.0071355916 -0.013281595)
(1.4250179 -0.013012495 -0.013574237)
(1.5310082 -0.033923053 -0.013765685)
(1.6370446 -0.056515826 -0.013582181)
(-0.0022286144 -0.014394783 -0.018876046)
(0.0098440632 -0.029075366 -0.01787475)
(0.026555967 -0.046664524 -0.021995044)
(0.052691783 -0.063545547 -0.022700466)
(0.084651501 -0.079970877 -0.025010749)
(0.12527789 -0.098058088 -0.026895459)
(0.17090966 -0.11517067 -0.029164652)
(0.22426444 -0.13363209 -0.030910701)
(0.28295879 -0.15265126 -0.033140594)
(0.34766236 -0.171895 -0.034759194)
(0.4177002 -0.19237087 -0.036430276)
(0.49288945 -0.21325892 -0.0375264)
(0.57271155 -0.23513215 -0.0386308)
(0.65678843 -0.25749618 -0.039290807)
(0.74490304 -0.28063354 -0.03971635)
(0.83647715 -0.30425121 -0.039807069)
(0.9313712 -0.32844633 -0.039604515)
(1.0286976 -0.35306874 -0.03933944)
(1.1288845 -0.37768364 -0.038541571)
(1.2305716 -0.40258717 -0.037872538)
(1.3342046 -0.42742067 -0.036838055)
(1.4388971 -0.45198195 -0.035987217)
(1.544521 -0.47618308 -0.035150423)
(0 0 0)
(0 0 0)
(0 0 0)
(0.0022284553 -0.0073837106 0.011719028)
(0.01319535 -0.031209242 0.012326892)
(0.032661638 -0.040196367 0.0081680122)
(0.0599315 -0.058003751 0.004380237)
(0.095331657 -0.076049349 0.002263968)
(0.13602744 -0.090902202 -0.0027438537)
(0.18417182 -0.11082615 -0.0050497377)
(0.23827526 -0.12897367 -0.0089492849)
(0.29812533 -0.14873439 -0.012180624)
(0.36376439 -0.16939005 -0.015355947)
(0.43451018 -0.1909007 -0.01842515)
(0.51008831 -0.21313159 -0.020937307)
(0.59028077 -0.23636836 -0.023548734)
(0.67463728 -0.26011551 -0.025723161)
(0.76277326 -0.28450273 -0.027618621)
(0.85439405 -0.30946873 -0.029204285)
(0.94912275 -0.3346402 -0.030576231)
(1.0465844 -0.36014475 -0.031651018)
(1.1463848 -0.38567023 -0.032483516)
(1.2482492 -0.41109774 -0.033196073)
(1.3516308 -0.43641919 -0.033708616)
(1.4565142 -0.46112219 -0.034115947)
(1.5618593 -0.48565881 -0.034403674)
(1.6918568 -0.40330706 -0.030034553)
(1.7139166 -0.29914727 -0.024577807)
(1.7373114 -0.19587595 -0.019036204)
(1.6545882 -0.066038741 -0.016137124)
(1.5478655 -0.043458509 -0.017045439)
(1.4418551 -0.022148881 -0.018033845)
(1.335987 -0.0012381497 -0.019281312)
(1.2313241 0.018068959 -0.020292253)
(1.1280289 0.035988911 -0.021322368)
(1.0265695 0.052264509 -0.022039432)
(0.92731734 0.066732374 -0.022686307)
(0.83073271 0.079177237 -0.022986026)
(0.73723953 0.089610222 -0.023097727)
(0.64729811 0.097616712 -0.022903578)
(0.56116512 0.10359721 -0.022762799)
(0.47975732 0.10683723 -0.021681685)
(0.40299562 0.10771971 -0.020924082)
(0.33156554 0.10624943 -0.019956349)
(0.26590775 0.10218281 -0.018773522)
(0.20645384 0.096021696 -0.017784035)
(0.15340274 0.087105318 -0.016306602)
(0.10843847 0.076209226 -0.015619811)
(0.069668825 0.062735535 -0.014130869)
(0.039714301 0.048816309 -0.014545513)
(0.017612259 0.031788792 -0.013257808)
(0.0097930002 0.015441106 -0.0095931781)
(0 0 0)
(0 0 0)
(0 0 0)
(0 0 0)
(0 0 0)
(0 0 0)
(1.6552394 -0.50282898 -0.034556928)
(1.6597806 -0.50531748 -0.034318754)
(1.6639238 -0.50763041 -0.034757861)
(1.748892 -0.082108562 -0.014386941)
(1.7531671 -0.08463741 -0.014641639)
(1.7576453 -0.08679601 -0.014783422)
(-0.0042323128 0.0080265776 0.0090609055)
(0.0065096445 0.015382081 0.0065870682)
(0.025575212 0.022749399 0.0058462518)
(0.053753783 0.029040599 0.0040856545)
(0.08963003 0.034302776 0.0020754393)
(0.13345633 0.038323705 -9.432921e-05)
(0.18412894 0.040439818 -0.002335582)
(0.24165449 0.041162229 -0.0045986138)
(0.30532314 0.039842342 -0.006949347)
(0.37477721 0.036830531 -0.0090951317)
(0.44967203 0.031891 -0.011134434)
(0.52981811 0.024782324 -0.012953748)
(0.61425721 0.015930525 -0.014585457)
(0.70286166 0.0050217703 -0.016009251)
(0.79511626 -0.0076468805 -0.017074346)
(0.89060962 -0.022126664 -0.018094761)
(0.98879234 -0.038285763 -0.018582455)
(1.0894718 -0.055891459 -0.019174517)
(1.1921715 -0.075099513 -0.019446427)
(1.2960825 -0.095390999 -0.019468125)
(1.4014442 -0.11678216 -0.019619607)
(1.5072368 -0.13886822 -0.019567421)
(1.6136094 -0.16245582 -0.019421147)
(-0.0072022696 0.00070000163 -0.001076534)
(0.0045285637 -0.00053328195 -0.0030262729)
(0.023019672 -0.00024100915 -0.0037398338)
(0.050034969 -0.0014500816 -0.0055479836)
(0.085359576 -0.0038756706 -0.0072867134)
(0.12785676 -0.006734324 -0.0093030979)
(0.17716906 -0.011122632 -0.011477051)
(0.23335774 -0.016676158 -0.013656385)
(0.29543825 -0.023659436 -0.015797265)
(0.36374093 -0.032247478 -0.017557282)
(0.43705854 -0.042206967 -0.019720871)
(0.51569415 -0.053952876 -0.021103568)
(0.59869292 -0.06710876 -0.022565161)
(0.68604647 -0.081774573 -0.023674712)
(0.77702662 -0.097973635 -0.024502324)
(0.87143036 -0.11545479 -0.02523925)
(0.96871406 -0.13440501 -0.025355217)
(1.0684645 -0.15419063 -0.025822916)
(1.1702168 -0.17525587 -0.025532396)
(1.2735789 -0.19708183 -0.025367507)
(1.3785476 -0.21970768 -0.02521957)
(1.4841946 -0.24287974 -0.024745559)
(1.5908926 -0.26636719 -0.024540108)
(-0.007588977 -0.007516617 -0.0082480755)
(0.0045696534 -0.014336519 -0.0093730822)
(0.021616247 -0.022003286 -0.011706429)
(0.048847233 -0.030858554 -0.013324841)
(0.08268941 -0.040683141 -0.015520972)
(0.12385152 -0.0502037 -0.017604209)
(0.17221417 -0.061615151 -0.01980878)
(0.22665765 -0.073200079 -0.021914597)
(0.28757994 -0.086239228 -0.023908364)
(0.35397148 -0.10030715 -0.025880687)
(0.42605184 -0.11531173 -0.027641182)
(0.50311604 -0.13180574 -0.029013852)
(0.58469595 -0.14919375 -0.030335866)
(0.67064401 -0.16784509 -0.031239263)
(0.76027659 -0.18749608 -0.031925496)
(0.85354458 -0.20820446 -0.03232111)
(0.94954499 -0.22971887 -0.032420326)
(1.0484598 -0.25201219 -0.032436128)
(1.1494355 -0.2750083 -0.03202493)
(1.2524429 -0.29846838 -0.031767305)
(1.356761 -0.32243783 -0.031176387)
(1.4620352 -0.34627047 -0.030582086)
(1.5680601 -0.37030168 -0.029933513)
(0 0 0)
(0 0 0)
(0 0 0)
(0 0 0)
(0 0 0)
(0 0 0)
(0 0 0)
(0 0 0)
(0 0 0)
(0.0049100556 -0.0051486388 -0.0077603492)
(0.0065101652 -0.0069241954 -0.0026798241)
(0.0060788496 -0.0056070092 0.0038415383)
(0.017907984 -0.03109963 -0.011022809)
(0.019079613 -0.031354308 -0.0040601871)
(0.019571953 -0.030201226 0.0048122295)
(0.034280879 -0.044791096 -0.013641458)
(0.037311239 -0.043077473 -0.0062912448)
(0.037967917 -0.043861004 0.0021054026)
(0.060166961 -0.062673542 -0.015037049)
(0.063626673 -0.06252097 -0.0086313923)
(0.063345163 -0.060291643 -0.0014406814)
(0.093392795 -0.080057929 -0.017931451)
(0.096489846 -0.078650833 -0.011964223)
(0.098173456 -0.07874792 -0.0040534053)
(0.13262236 -0.097123424 -0.020456533)
(0.13702753 -0.096198989 -0.013881998)
(0.1385243 -0.0949014 -0.0078622358)
(0.1794833 -0.11518862 -0.022621016)
(0.18374951 -0.11485902 -0.017580967)
(0.18530751 -0.11275414 -0.010434155)
(0.23222553 -0.13384292 -0.02538865)
(0.23662731 -0.13237265 -0.019989188)
(0.23919077 -0.13232062 -0.013899681)
(0.29102264 -0.15264506 -0.027560184)
(0.29586956 -0.15258232 -0.022774258)
(0.29844875 -0.15149293 -0.016936497)
(0.35564421 -0.17267047 -0.029788993)
(0.36048561 -0.17230018 -0.025284816)
(0.36347005 -0.17178734 -0.01979132)
(0.42542649 -0.19320288 -0.031830661)
(0.43061789 -0.19339918 -0.027458402)
(0.43380472 -0.19303739 -0.022607294)
(0.50053477 -0.21493413 -0.033360237)
(0.50550645 -0.21484196 -0.029781176)
(0.50897683 -0.21472022 -0.024782902)
(0.58001728 -0.23657265 -0.034831474)
(0.58514678 -0.2371964 -0.031230818)
(0.58867525 -0.23770569 -0.027101141)
(0.66393131 -0.2595674 -0.035826235)
(0.66896474 -0.26042266 -0.032787457)
(0.67274606 -0.26100041 -0.028948637)
(0.75165735 -0.28285819 -0.036665101)
(0.75672024 -0.28399102 -0.033916607)
(0.76054643 -0.28488751 -0.030475767)
(0.84300208 -0.30681478 -0.037120969)
(0.84793745 -0.30819902 -0.034734307)
(0.85190183 -0.30942197 -0.031731698)
(0.93737906 -0.3311345 -0.037335873)
(0.94234659 -0.33275481 -0.035320601)
(0.9463253 -0.33424138 -0.032720365)
(1.0346228 -0.35558385 -0.037340901)
(1.0394825 -0.35766195 -0.035649845)
(1.0435322 -0.35931303 -0.033439734)
(1.1342238 -0.38064355 -0.037020732)
(1.1390296 -0.38262759 -0.0356679)
(1.143091 -0.38451387 -0.03391109)
(1.2358835 -0.40533026 -0.036669749)
(1.240555 -0.40763223 -0.03559645)
(1.2446656 -0.4096817 -0.034276113)
(1.3391156 -0.43026169 -0.036121785)
(1.3436981 -0.43254263 -0.035295288)
(1.3478938 -0.43462919 -0.034444435)
(1.4436325 -0.45471158 -0.035559144)
(1.4481948 -0.4570896 -0.035081478)
(1.4523981 -0.45942995 -0.034613865)
(1.5489665 -0.47905713 -0.034977596)
(1.5533799 -0.48135022 -0.034836136)
(1.5577962 -0.48359616 -0.034581695)
(1.725104 -0.18806652 -0.019489287)
(1.7294016 -0.19040001 -0.019520271)
(1.7337237 -0.19283864 -0.019404619)
(1.7009086 -0.29209952 -0.024179845)
(1.7056457 -0.29451401 -0.024480661)
(1.7095687 -0.29688729 -0.024625674)
(1.6785994 -0.39670358 -0.029455914)
(1.6832408 -0.39912852 -0.02962262)
(1.6873309 -0.40124624 -0.029659633)
(0.0090381777 0.011828033 0.0075690501)
(0.010859698 0.013154065 0.0024634108)
(0.012431487 0.013942295 -0.0024627918)
(0.020205102 0.028209815 0.0071850419)
(0.021597528 0.029803004 0.0013350824)
(0.022722105 0.030037233 -0.0071093853)
(0.040476488 0.044535806 0.0074109678)
(0.042623619 0.046142934 0.00031804612)
(0.044420778 0.047674421 -0.0071895309)
(0.068701961 0.058531909 0.0056084685)
(0.072298701 0.059855645 -0.00088835183)
(0.073428316 0.061126043 -0.0083416008)
(0.10626716 0.071511227 0.0038728303)
(0.10936046 0.073202872 -0.0022432344)
(0.1108644 0.07519877 -0.0092729526)
(0.15031613 0.082661321 0.0019975165)
(0.15421202 0.083425381 -0.0038893938)
(0.15644596 0.085099727 -0.01076351)
(0.20259227 0.091128919 -0.00025885457)
(0.20628451 0.092610626 -0.0056044108)
(0.20851237 0.093975211 -0.012394454)
(0.26103981 0.097844706 -0.0023317532)
(0.26478987 0.099051469 -0.0075809943)
(0.26748276 0.10055848 -0.013824731)
(0.32583312 0.10234356 -0.0043951245)
(0.32993504 0.10342672 -0.0094367476)
(0.33273173 0.10466838 -0.015260913)
(0.39649625 0.10461857 -0.0063895041)
(0.4007064 0.10544148 -0.011160346)
(0.4035972 0.10647137 -0.016623357)
(0.4723756 0.10473457 -0.0080165011)
(0.47696571 0.10493551 -0.012993668)
(0.48006476 0.10555657 -0.017600402)
(0.55378862 0.10205727 -0.010068563)
(0.55787732 0.10202273 -0.013681726)
(0.56105636 0.10274718 -0.019161983)
(0.63907598 0.09722064 -0.011379294)
(0.64340619 0.096991447 -0.01533983)
(0.64679007 0.097526372 -0.019581794)
(0.72866659 0.090175606 -0.012680815)
(0.73293946 0.08965142 -0.016061718)
(0.73647235 0.089569747 -0.020071541)
(0.82167824 0.080866071 -0.013559894)
(0.82602063 0.079995319 -0.016726137)
(0.82957685 0.079619839 -0.020296719)
(0.91789639 0.069421466 -0.014361294)
(0.92217042 0.068152175 -0.017101761)
(0.92584311 0.067544234 -0.020297102)
(1.0166773 0.055801753 -0.014695734)
(1.020957 0.054560536 -0.01717552)
(1.0247588 0.05345316 -0.019954893)
(1.1176087 0.040557838 -0.015022377)
(1.1221027 0.038757698 -0.017164999)
(1.1258662 0.037514704 -0.019558943)
(1.2206211 0.02345981 -0.015145084)
(1.2249095 0.021490628 -0.016862086)
(1.2287963 0.01998157 -0.018822951)
(1.3247392 0.004719483 -0.015047609)
(1.3291679 0.0027492193 -0.016504648)
(1.3331187 0.0008667181 -0.018111762)
(1.430152 -0.015186014 -0.014968295)
(1.4345148 -0.017697893 -0.01611705)
(1.4384606 -0.019544893 -0.017114732)
(1.5358188 -0.036713598 -0.014784332)
(1.540265 -0.038901684 -0.015496107)
(1.5444259 -0.040997329 -0.016311446)
(1.6423631 -0.058588199 -0.014267823)
(1.646539 -0.061148961 -0.014936012)
(1.6509293 -0.063448809 -0.015332259)
(0.00045744672 0.0051659473 -0.0069249368)
(0.012130255 0.021154168 -0.008768202)
(0.032037204 0.025508514 -0.0080331477)
(0.062318981 0.033999824 -0.010043498)
(0.099529885 0.039432622 -0.011485964)
(0.1444616 0.043196614 -0.0125428)
(0.19613337 0.045437554 -0.01451889)
(0.25447838 0.045434884 -0.016119601)
(0.31901653 0.043453775 -0.017738079)
(0.38910713 0.039401663 -0.019200723)
(0.46476728 0.033360479 -0.020711951)
(0.54492427 0.025252839 -0.021636464)
(0.62969966 0.014844613 -0.022781783)
(0.7185563 0.0026413227 -0.023247929)
(0.81099546 -0.011312002 -0.023765604)
(0.9065608 -0.027068433 -0.023876467)
(1.0049484 -0.044406614 -0.023785255)
(1.105674 -0.063128088 -0.02352012)
(1.2083245 -0.083076157 -0.023029117)
(1.3125716 -0.10422814 -0.022496898)
(1.4179904 -0.1261424 -0.021800827)
(1.5240065 -0.14875584 -0.021079251)
(1.630791 -0.17225106 -0.020233581)
(-0.0050042727 0.0037233646 -0.00031754273)
(0.0085194461 0.0055905968 -0.0018549497)
(0.029053025 0.0035400061 -0.0029064868)
(0.059123168 0.0041659993 -0.0051861729)
(0.094837871 0.0022773596 -0.0072890619)
(0.13938014 -0.0012098345 -0.0092578944)
(0.18959111 -0.0055343576 -0.011609817)
(0.24697101 -0.011833751 -0.013769602)
(0.3100216 -0.019673504 -0.016035127)
(0.37894604 -0.029119638 -0.018025354)
(0.45298014 -0.040505422 -0.01992501)
(0.53195386 -0.053224801 -0.021627479)
(0.61533475 -0.067937503 -0.023020194)
(0.70292246 -0.083888548 -0.024150682)
(0.79407965 -0.10137123 -0.025153447)
(0.88855658 -0.12024626 -0.025719813)
(0.98585432 -0.14016292 -0.026130581)
(1.0856641 -0.1611756 -0.026336403)
(1.1875317 -0.18304652 -0.026267058)
(1.2910458 -0.20565927 -0.026180758)
(1.3961021 -0.22857918 -0.025751577)
(1.5015818 -0.25212121 -0.025529306)
(1.6087491 -0.27605184 -0.025180241)
(-0.0061420218 -0.0044891143 0.0049811634)
(0.0097384709 -0.0070245086 0.0025966728)
(0.029091053 -0.018935399 0.0039201301)
(0.056995803 -0.022423405 -0.0006921391)
(0.093002636 -0.033768593 -0.0019233633)
(0.13604137 -0.043688377 -0.0052349811)
(0.18507541 -0.054624832 -0.0078496294)
(0.24115086 -0.067357144 -0.010777497)
(0.30283736 -0.081257452 -0.013435477)
(0.37016529 -0.096364513 -0.01601784)
(0.4428233 -0.11280741 -0.018540292)
(0.52015179 -0.13064331 -0.020623866)
(0.60219612 -0.14938928 -0.022654799)
(0.68830104 -0.16961276 -0.024347761)
(0.77802908 -0.19062084 -0.025771828)
(0.87122874 -0.21263648 -0.026908311)
(0.96737015 -0.23540455 -0.027828815)
(1.0660985 -0.25878235 -0.028511499)
(1.1670382 -0.2826844 -0.028985012)
(1.2698695 -0.30681985 -0.02925627)
(1.3740486 -0.33112177 -0.02944503)
(1.4794872 -0.35553269 -0.029709502)
(1.5854664 -0.37946679 -0.029523033)
(0.0011377634 0.0039896396 0.0043036139)
(0.0016703217 0.0048128729 0.0016791775)
(0.0033490053 0.0049375064 -0.0016502729)
(0.013447318 0.01607775 0.0028219344)
(0.016117669 0.017054503 -0.0010282008)
(0.016324468 0.01731901 -0.0057362541)
(0.033184773 0.022955307 0.0018095975)
(0.03533803 0.023129748 -0.0017605454)
(0.036766197 0.024857726 -0.0052580695)
(0.0612874 0.029520907 1.9357367e-05)
(0.065119093 0.031504244 -0.0034348785)
(0.06571926 0.031858453 -0.0069050587)
(0.097755326 0.035199402 -0.0018794002)
(0.10096668 0.036070695 -0.0050599759)
(0.10270809 0.037222932 -0.0080559918)
(0.1413238 0.038568891 -0.0039613485)
(0.14511843 0.040153172 -0.0068252693)
(0.14706048 0.04129398 -0.010365263)
(0.19204062 0.04086448 -0.0058952715)
(0.19625355 0.042210757 -0.0091509837)
(0.19813867 0.043159107 -0.01183498)
(0.2494429 0.041418843 -0.0082342697)
(0.25355478 0.042478081 -0.010885139)
(0.25592243 0.04349451 -0.013838934)
(0.31307217 0.039849525 -0.01025077)
(0.31739143 0.040896488 -0.012923445)
(0.3200434 0.041672744 -0.015575798)
(0.3824051 0.036767464 -0.012353138)
(0.38691188 0.037272814 -0.014791059)
(0.38963271 0.037738598 -0.017229688)
(0.45730769 0.031248925 -0.014282329)
(0.46181272 0.031441623 -0.016402999)
(0.46479258 0.032128904 -0.018643486)
(0.53700988 0.023952153 -0.015806159)
(0.54168659 0.024056749 -0.018009444)
(0.544648 0.02409388 -0.020163898)
(0.62131085 0.01477505 -0.017274863)
(0.62582371 0.014573737 -0.019271097)
(0.62914495 0.014485339 -0.021153361)
(0.70963011 0.0036296325 -0.018435714)
(0.71424458 0.0031640818 -0.020183504)
(0.71760525 0.0025181944 -0.022000979)
(0.80163666 -0.0092867507 -0.019386928)
(0.80619806 -0.010268988 -0.020960649)
(0.80965889 -0.0109792 -0.022530411)
(0.89683651 -0.024074925 -0.01998061)
(0.90140379 -0.025171325 -0.021443229)
(0.90497097 -0.026311391 -0.022824062)
(0.99489168 -0.040357649 -0.020557512)
(0.99931994 -0.041838592 -0.021636548)
(1.0029966 -0.043245177 -0.022895288)
(1.0950649 -0.058186446 -0.020561201)
(1.0997049 -0.060042143 -0.021729295)
(1.103404 -0.061597542 -0.022714568)
(1.1975011 -0.077448786 -0.020659126)
(1.201965 -0.079299209 -0.021528828)
(1.2057487 -0.081184903 -0.022387672)
(1.3012197 -0.097739132 -0.020568361)
(1.305706 -0.09997092 -0.021204137)
(1.3096219 -0.10202741 -0.021956815)
(1.40634 -0.11916551 -0.020406846)
(1.4108175 -0.12156359 -0.020831598)
(1.4148079 -0.12371843 -0.021363049)
(1.5120296 -0.14151659 -0.020127298)
(1.5164248 -0.14378759 -0.020198759)
(1.5204898 -0.14606739 -0.020795764)
(1.6182976 -0.16464944 -0.019670522)
(1.6226457 -0.16706711 -0.019828565)
(1.6269834 -0.16950152 -0.019920474)
(-0.0027064873 0.00036207178 -0.0010095805)
(-0.0015264552 0.0019662977 -0.00080663707)
(-0.00029549558 0.0015123763 0.00031622665)
(0.010506924 0.0010448418 -0.0033918553)
(0.0128645 0.0019800934 -0.0026928519)
(0.012997701 0.0022267952 -0.0026564771)
(0.030046326 0.00025207921 -0.0043821157)
(0.032982392 0.0011920377 -0.002887479)
(0.033346239 0.0026383366 -0.003244387)
(0.057493594 -0.0008975838 -0.0062010586)
(0.061458613 0.00032770333 -0.0053594898)
(0.061692204 0.00075522182 -0.0055577784)
(0.092964144 -0.0028623621 -0.0080049695)
(0.096771824 -0.0019967277 -0.0068004245)
(0.097594327 -0.00014033392 -0.0077740996)
(0.13520139 -0.0061019073 -0.010089647)
(0.13985878 -0.0050834425 -0.0093349695)
(0.14083952 -0.0038719643 -0.0097219513)
(0.18491609 -0.010384349 -0.012407468)
(0.18939397 -0.0097975156 -0.011499226)
(0.19089118 -0.0082423289 -0.011954133)
(0.2409268 -0.016341114 -0.014515148)
(0.24571159 -0.015610581 -0.013594568)
(0.24737312 -0.014284001 -0.014277342)
(0.3030745 -0.023493605 -0.016619293)
(0.30790079 -0.023170933 -0.015992947)
(0.31016245 -0.022093697 -0.016459106)
(0.37107302 -0.032340648 -0.018651963)
(0.37621306 -0.03227602 -0.017835913)
(0.37838411 -0.031101806 -0.018511672)
(0.44460872 -0.042797877 -0.020381918)
(0.44935505 -0.042739271 -0.019874178)
(0.45216333 -0.042192995 -0.020452221)
(0.52283458 -0.054686713 -0.021983954)
(0.52792838 -0.055152517 -0.021559599)
(0.53068414 -0.054577868 -0.021995378)
(0.60579125 -0.068164859 -0.023419666)
(0.61076458 -0.068759531 -0.022867205)
(0.61370059 -0.068758919 -0.023438255)
(0.69281467 -0.083157445 -0.024485764)
(0.6978009 -0.08425935 -0.024089522)
(0.70092193 -0.084473721 -0.024531164)
(0.78363128 -0.099618738 -0.025309501)
(0.78849779 -0.10088581 -0.024870767)
(0.79182949 -0.10145569 -0.025457562)
(0.87771008 -0.11742875 -0.025864931)
(0.88260813 -0.11900151 -0.025608982)
(0.88596024 -0.11988218 -0.026021278)
(0.9746974 -0.13646132 -0.02614787)
(0.97944504 -0.13826551 -0.025815711)
(0.9830178 -0.13949902 -0.026330426)
(1.0741773 -0.15668315 -0.0262052)
(1.0789327 -0.15862245 -0.02605323)
(1.082576 -0.16008983 -0.026503758)
(1.1757872 -0.1778777 -0.026008508)
(1.1804568 -0.17990238 -0.026024827)
(1.1841587 -0.18162475 -0.026343231)
(1.2790667 -0.19980274 -0.025683677)
(1.2835483 -0.20192252 -0.025832474)
(1.2875729 -0.20400497 -0.026166967)
(1.3836674 -0.22240846 -0.025467049)
(1.3883948 -0.2246438 -0.025554876)
(1.3922133 -0.22677498 -0.025724185)
(1.4890442 -0.24548755 -0.025006363)
(1.4934674 -0.24770186 -0.025127395)
(1.4975095 -0.25010411 -0.025482714)
(1.5955131 -0.26890181 -0.024728929)
(1.6001377 -0.27129313 -0.024806411)
(1.6043111 -0.27353047 -0.025040716)
(-0.0026736261 -0.0037917168 -0.0040885401)
(-0.0025478469 -0.0039295555 0.00050416199)
(-0.0013452593 -0.003545466 0.0025750558)
(0.012323348 -0.012566442 -0.0056981842)
(0.014764409 -0.0098705315 -0.002123875)
(0.014028466 -0.0097584285 0.00096182859)
(0.02953244 -0.020639321 -0.0079729674)
(0.032155398 -0.021332696 -0.0038966322)
(0.03283316 -0.020038023 -0.00028003139)
(0.057196925 -0.030231777 -0.0099716183)
(0.059856407 -0.027943771 -0.00641033)
(0.061084427 -0.026889111 -0.003017798)
(0.090977435 -0.0391666 -0.012094902)
(0.094511906 -0.038739552 -0.008531993)
(0.095870373 -0.036895289 -0.0055892021)
(0.13252685 -0.049733246 -0.014663713)
(0.13594291 -0.048474394 -0.011549387)
(0.13818641 -0.046887823 -0.0083594094)
(0.18069199 -0.06102558 -0.016986733)
(0.18463585 -0.059817515 -0.013580698)
(0.18688789 -0.058311713 -0.011064893)
(0.23519856 -0.072930578 -0.019293997)
(0.23920928 -0.072148128 -0.016507354)
(0.24204729 -0.07068083 -0.013818486)
(0.29601155 -0.086390147 -0.0216032)
(0.30030189 -0.085552297 -0.018840886)
(0.30334266 -0.084188075 -0.016416002)
(0.36239842 -0.10064836 -0.0237252)
(0.36676372 -0.1000566 -0.021192915)
(0.37009361 -0.099218852 -0.018829908)
(0.43415211 -0.1160934 -0.025700997)
(0.43872918 -0.11606711 -0.023279755)
(0.44234165 -0.11516011 -0.021200698)
(0.51102144 -0.13290826 -0.027257369)
(0.51562473 -0.13287822 -0.025151233)
(0.51928567 -0.13258444 -0.023222611)
(0.59234552 -0.15064679 -0.028809781)
(0.59693273 -0.15113142 -0.026846635)
(0.60085549 -0.15105436 -0.024973532)
(0.67796839 -0.16967189 -0.029881914)
(0.68259087 -0.17031219 -0.028069556)
(0.68660972 -0.17064135 -0.026531477)
(0.76735934 -0.18964062 -0.030762011)
(0.77193079 -0.19060867 -0.029193314)
(0.77611379 -0.19131009 -0.027769664)
(0.86018102 -0.21054366 -0.031292968)
(0.86477307 -0.21186513 -0.029928749)
(0.86893282 -0.21280363 -0.028695875)
(0.95599332 -0.23240361 -0.031643076)
(0.96051427 -0.23380734 -0.030407359)
(0.96481858 -0.23516296 -0.029402229)
(1.0544025 -0.2547406 -0.031742419)
(1.0590156 -0.25666992 -0.030734872)
(1.0632788 -0.25812789 -0.029869864)
(1.1551361 -0.27799376 -0.031545633)
(1.1595944 -0.2798247 -0.030758493)
(1.1638921 -0.28161433 -0.030092377)
(1.2574817 -0.30137621 -0.031319074)
(1.2622074 -0.30353038 -0.030752386)
(1.266449 -0.30551243 -0.030152231)
(1.3614752 -0.32509047 -0.030951809)
(1.3660845 -0.32746379 -0.030473848)
(1.3702526 -0.32951998 -0.030079815)
(1.4666505 -0.34912698 -0.030357076)
(1.4711784 -0.35153435 -0.030183043)
(1.4755262 -0.35358928 -0.029951746)
(1.5724379 -0.37300884 -0.029904549)
(1.5769153 -0.37522422 -0.029836747)
(1.5812073 -0.37766879 -0.029941763)
)
;

boundaryField
{
    free
    {
        type            calculated;
    }
    bottom
    {
        type            calculated;
    }
    traction
    {
        type            calculated;
    }
}


// ************************************************************************* //
