/*--------------------------------*- C++ -*----------------------------------*\
  =========                 |
  \\      /  F ield         | OpenFOAM: The Open Source CFD Toolbox
   \\    /   O peration     | Website:  https://openfoam.org
    \\  /    A nd           | Version:  6
     \\/     M anipulation  |
\*---------------------------------------------------------------------------*/
FoamFile
{
    version     2.0;
    format      ascii;
    class       pointScalarField;
    location    "5.00005990787636989";
    object      p;
}
// * * * * * * * * * * * * * * * * * * * * * * * * * * * * * * * * * * * * * //

dimensions      [1 -1 -2 0 0 0 0];

internalField   nonuniform List<scalar> 
625
(
561905.65
-735839.7
9022.2127
12412.982
981109.62
-1703858.1
9674.4756
-1168.5556
456890.36
14185.625
503.13993
-15280.861
2571.6991
5836.6541
250860.02
260754.55
275881.59
267563.18
246778.56
249069.53
228488.02
219278.93
214265.75
198068.7
188024.17
170714.77
159827.55
145746.05
131707.88
118237.24
104554.89
89470.163
76286.922
63484.75
48400.381
35280.57
24524.283
-258806.08
-203597.45
-229737.92
-188190.95
-182360.33
-182531.58
-155635.9
-155610.8
-144320.14
-131826.75
-126719.23
-112259.48
-106913.53
-95089.97
-87683.326
-77870.238
-68143.916
-61735.905
-51216.049
-44851.252
-37064.411
-21994.6
-11090.167
516694.68
-135814.14
-209431.9
-315369.15
-375412.4
-282176
-260397.22
-309347.25
-237373.58
-271493.96
-242655.4
-220538.55
-210963.54
-197130.69
-180748.46
-168540.74
-150951.36
-135890.5
-122073.7
-103999.9
-90149.185
-74682.357
-57181.711
-40824.035
-27137.412
-8992.7245
11487.544
-582.98946
-4395.6477
24736.439
29105.715
44922.694
54051.983
68767.736
80584.409
93050.386
105653.54
114814.29
130687.36
142757.53
160043.88
162004.14
179157.03
187054.17
202310.81
214075.58
211338.84
260838.98
217736.92
292125.56
242012.18
262723.36
599501.83
560274.54
517457.4
-652259.62
-967498.65
-1010677.7
17240.632
17113.432
18112.812
-4935.944
3147.3538
-3210.6243
147520.42
182370.98
177174.26
164455.72
159977.27
154490.98
145954.52
140946.94
132226.53
122067.05
113946.83
109283.81
101070.38
91473.59
84352.311
73333.757
66532.711
56600.593
44309.979
34842.239
24627.455
14713.304
14142.612
-25630.744
-3304.9508
-13568.518
8546.4299
-3026.9747
8488.1715
3649.5459
5522.0439
8662.1612
8406.7125
8126.5244
8759.8198
7097.3951
7536.1813
7505.7541
5540.2984
9421.1591
4421.0354
7426.5247
9095.809
7398.4994
7415.5108
4473.6585
-177273.17
-106499.67
-135622.92
-94086.71
-123335.15
-94952.053
-103996.27
-87797.103
-80155.28
-77241.293
-68780.755
-65619.637
-58744.867
-52801.533
-47250.29
-41216.583
-34963.676
-32355.08
-22738.995
-21133.687
-13538.877
-11665.023
-585.66169
342547.07
342673.73
375231.47
15761.459
-6099.7093
-81372.914
-137286.83
-69965.26
-70619.569
-424608.09
-443028.02
-439683.3
-298602.74
-318023.69
-350285.98
-264276.98
-275809.76
-305864.13
-224234.86
-230970.5
-254228.73
-217765.1
-234386.5
-260713.17
-199803.02
-206270.28
-223140.03
-194413.72
-205089.2
-212114.57
-180901.24
-185404.96
-206103.26
-169900.49
-177809.99
-194863.42
-156944.34
-163613.57
-180743.87
-143770.6
-153011.33
-169876.17
-137799.14
-141447.1
-154525.39
-123410.19
-130657.91
-143746.91
-115008.6
-117125.98
-131738.92
-101814.9
-105668.45
-117571.58
-91467.321
-93706.62
-104639.53
-79591.755
-81757.322
-90170.014
-65977.186
-69602.686
-76075.37
-55955.644
-57750.923
-63475.28
-44426.245
-45823.723
-49302.576
-31088.895
-32166.074
-34078.154
-20797.59
-21507.469
-24741.035
-11992.929
-8917.3259
-9669.6083
-15700.517
-18639.875
-19311.595
6698.6549
1714.3295
2389.8275
10775.879
12716.302
12386.936
305268.62
284704.67
306570.43
319522.61
248027.19
276788.17
305243.76
266270.48
277468.94
281288.94
239295.91
252584.1
273845.75
241814.12
239343.95
257469.69
221681.92
226050.8
248219.35
214091.12
213552.05
232836.9
198357.67
202688.32
222245.8
190575.72
190247.16
201533.11
177326.7
178045.95
190260.55
169599.75
167925.89
181650.62
155763.49
147437.31
164542
142141.29
139933.62
152705.25
130852.71
131428.15
137317.78
118750.48
118390.26
123493.63
106354.45
105432.77
106115.79
92797.77
94305.814
90981.659
82753.537
81159.666
76535.996
69443.188
68010.218
60905.079
55853.234
55235.397
45216.469
44200.114
42593.721
33016.853
34035.417
29640.956
26715.683
29052.893
27979.426
105877.89
155638.73
123014.31
143985.41
134389.43
124090.54
125939.21
111431.62
108010.72
97176.237
91622.786
84428.27
82603.245
70411.247
65991.832
59674.478
51596.209
45787.622
39049.998
33806.26
24410.604
20326.81
11875.982
-59777.841
-11239.014
-8590.7509
-2945.4506
12164.008
2516.2647
5419.8206
7203.9509
3601.959
6723.2791
4088.5341
8128.2026
4126.3996
4850.2492
8509.3059
6264.5288
7708.077
9113.3855
8654.6172
8460.2266
8621.4474
8075.7323
8986.3749
-158871.28
-125792.14
-183508.02
-153860.2
-155660.84
-163323.03
-142142.97
-140673.19
-130939.31
-123207.72
-113663.02
-108125.34
-98614.652
-89133.29
-79775.184
-71392.818
-62142.382
-52008.425
-42991.851
-35563.176
-24571.951
-12990.32
-11401.4
220439.88
229612.12
187520.16
176478.87
208889.12
172425.37
151241.91
156015.23
154525.22
142976.3
159205.11
128209.78
146459.8
134194.64
129371.43
138095.48
135293.24
124444.77
122244.05
123171.49
114282.01
126488.78
121301.17
110212.63
108464.67
112831.18
100173.77
110274.62
105257.37
98661.37
102928.25
104721.31
85957.417
92950.055
85671.774
83869.326
85598.24
85323.506
78492.101
78741.306
78536.483
70555.942
70854.472
70308.182
62163.373
63920.7
62423.63
58682.008
54726.916
56608.133
51250.61
51774.95
47664.168
45065.44
40082.41
39619.982
37307.469
34691.51
33553.63
31395.057
24701.914
25018.688
23771.279
19546.153
16748.091
15429.46
-1118.3909
6041.8293
6069.5087
-15264.639
-58953.938
-34417.287
18250.316
6478.7578
-15767.016
19476.508
-5131.804
-19557.259
13024.179
5467.5191
-20391.415
27980.044
9908.3746
-7530.4452
11975.517
10176.044
-11895.897
26948.278
15942.788
-9641.6833
18166.721
12701.313
-9881.1547
22247.87
13502.258
-7234.4812
20921.461
17688.393
-7695.2529
22559.531
10129.431
-8261.9565
20110.909
12533.419
-3742.29
18379.22
15718.275
-2855.6308
18944.585
13643.591
-3710.5803
15693.211
14180.876
-2827.5671
16692.823
13346.321
264.69104
11751.253
14521.992
-725.15196
12691.007
12391.592
-613.80493
9578.1809
10272.574
3041.1387
7571.8085
11177.394
3926.7573
7507.2255
8170.9632
4490.7196
7705.7758
9775.7614
4392.0355
9563.3305
9112.4493
7582.3878
-149106.7
-209926.61
-190960.43
-123382.78
-117012.84
-149108.88
-113697.71
-178912.71
-161329.91
-145400.84
-130089.16
-168849.74
-113545.15
-149821.73
-150038.35
-108722.49
-131814.48
-150463.29
-103566.32
-128148.86
-144917.46
-93139.843
-126949.4
-132306.93
-91812.099
-108991.55
-127751.04
-85021.739
-110426.48
-120288.96
-77883.129
-97415.683
-110815.86
-70805.057
-90821.513
-101430.59
-62555.781
-86084.264
-93426.527
-58394.639
-76695.218
-85452.659
-51353.714
-69629.598
-76702.415
-46753.609
-61284.415
-68107.804
-40239.863
-54055.18
-59636.225
-32694.778
-46381.16
-50574.258
-28135.164
-38418.759
-39628.001
-21934.117
-29628.517
-31798.972
-18695.667
-23045.933
-25178.063
-5816.8923
-12720.274
-11774.42
-3935.7855
-8849.0442
-6456.9547
)
;

boundaryField
{
    free
    {
        type            calculated;
    }
    bottom
    {
        type            calculated;
    }
    traction
    {
        type            calculated;
    }
}


// ************************************************************************* //
