/*--------------------------------*- C++ -*----------------------------------*\
  =========                 |
  \\      /  F ield         | OpenFOAM: The Open Source CFD Toolbox
   \\    /   O peration     | Website:  https://openfoam.org
    \\  /    A nd           | Version:  6
     \\/     M anipulation  |
\*---------------------------------------------------------------------------*/
FoamFile
{
    version     2.0;
    format      ascii;
    class       pointVectorField;
    location    "0";
    object      lm;
}
// * * * * * * * * * * * * * * * * * * * * * * * * * * * * * * * * * * * * * //

dimensions      [1 -2 -1 0 0 0 0];

internalField   nonuniform List<vector> 
625
(
(0 0 0)
(0 0 0)
(-57750 0 57750)
(-57750 0 -57750)
(0 0 0)
(0 0 0)
(57750 0 -57750)
(57750 0 57750)
(0 0 0)
(0 0 0)
(0 0 0)
(-57750 0 28875)
(-57750 0 0)
(-57750 0 -28875)
(-3777.0307 0 3777.0307)
(-7537.8876 0 7537.8876)
(-11266.466 0 11266.466)
(-14946.8 0 14946.8)
(-18563.129 0 18563.129)
(-22099.968 0 22099.968)
(-25542.172 0 25542.172)
(-28875 0 28875)
(-32084.181 0 32084.181)
(-35155.973 0 35155.973)
(-38077.221 0 38077.221)
(-40835.417 0 40835.417)
(-43418.749 0 43418.749)
(-45816.155 0 45816.155)
(-48017.37 0 48017.37)
(-50012.967 0 50012.967)
(-51794.401 0 51794.401)
(-53354.043 0 53354.043)
(-54685.215 0 54685.215)
(-55782.216 0 55782.216)
(-56640.35 0 56640.35)
(-57255.941 0 57255.941)
(-57626.353 0 57626.353)
(-3777.0307 0 -3777.0307)
(-7537.8876 0 -7537.8876)
(-11266.466 0 -11266.466)
(-14946.8 0 -14946.8)
(-18563.129 0 -18563.129)
(-22099.968 0 -22099.968)
(-25542.172 0 -25542.172)
(-28875 0 -28875)
(-32084.181 0 -32084.181)
(-35155.973 0 -35155.973)
(-38077.221 0 -38077.221)
(-40835.417 0 -40835.417)
(-43418.749 0 -43418.749)
(-45816.155 0 -45816.155)
(-48017.37 0 -48017.37)
(-50012.967 0 -50012.967)
(-51794.401 0 -51794.401)
(-53354.043 0 -53354.043)
(-54685.215 0 -54685.215)
(-55782.216 0 -55782.216)
(-56640.35 0 -56640.35)
(-57255.941 0 -57255.941)
(-57626.353 0 -57626.353)
(0 0 0)
(0 0 0)
(0 0 0)
(3777.0307 0 -3777.0307)
(7537.8876 0 -7537.8876)
(11266.466 0 -11266.466)
(14946.8 0 -14946.8)
(18563.129 0 -18563.129)
(22099.968 0 -22099.968)
(25542.172 0 -25542.172)
(28875 0 -28875)
(32084.181 0 -32084.181)
(35155.973 0 -35155.973)
(38077.221 0 -38077.221)
(40835.417 0 -40835.417)
(43418.749 0 -43418.749)
(45816.155 0 -45816.155)
(48017.37 0 -48017.37)
(50012.967 0 -50012.967)
(51794.401 0 -51794.401)
(53354.043 0 -53354.043)
(54685.215 0 -54685.215)
(55782.216 0 -55782.216)
(56640.35 0 -56640.35)
(57255.941 0 -57255.941)
(57626.353 0 -57626.353)
(57750 0 -28875)
(57750 0 0)
(57750 0 28875)
(57626.353 0 57626.353)
(57255.941 0 57255.941)
(56640.35 0 56640.35)
(55782.216 0 55782.216)
(54685.215 0 54685.215)
(53354.043 0 53354.043)
(51794.401 0 51794.401)
(50012.967 0 50012.967)
(48017.37 0 48017.37)
(45816.155 0 45816.155)
(43418.749 0 43418.749)
(40835.417 0 40835.417)
(38077.221 0 38077.221)
(35155.973 0 35155.973)
(32084.181 0 32084.181)
(28875 0 28875)
(25542.172 0 25542.172)
(22099.968 0 22099.968)
(18563.129 0 18563.129)
(14946.8 0 14946.8)
(11266.466 0 11266.466)
(7537.8876 0 7537.8876)
(3777.0307 0 3777.0307)
(0 0 0)
(0 0 0)
(0 0 0)
(0 0 0)
(0 0 0)
(0 0 0)
(-28875 0 -57750)
(0 0 -57750)
(28875 0 -57750)
(-28875 0 57750)
(0 0 57750)
(28875 0 57750)
(-3777.0307 0 1888.5154)
(-7537.8876 0 3768.9438)
(-11266.466 0 5633.233)
(-14946.8 0 7473.3999)
(-18563.129 0 9281.5646)
(-22099.968 0 11049.984)
(-25542.172 0 12771.086)
(-28875 0 14437.5)
(-32084.181 0 16042.09)
(-35155.973 0 17577.986)
(-38077.221 0 19038.61)
(-40835.417 0 20417.708)
(-43418.749 0 21709.374)
(-45816.155 0 22908.078)
(-48017.37 0 24008.685)
(-50012.967 0 25006.484)
(-51794.401 0 25897.2)
(-53354.043 0 26677.022)
(-54685.215 0 27342.607)
(-55782.216 0 27891.108)
(-56640.35 0 28320.175)
(-57255.941 0 28627.97)
(-57626.353 0 28813.176)
(-3777.0307 0 0)
(-7537.8876 0 0)
(-11266.466 0 0)
(-14946.8 0 0)
(-18563.129 0 0)
(-22099.968 0 0)
(-25542.172 0 0)
(-28875 0 0)
(-32084.181 0 0)
(-35155.973 0 0)
(-38077.221 0 0)
(-40835.417 0 0)
(-43418.749 0 0)
(-45816.155 0 0)
(-48017.37 0 0)
(-50012.967 0 0)
(-51794.401 0 0)
(-53354.043 0 0)
(-54685.215 0 0)
(-55782.216 0 0)
(-56640.35 0 0)
(-57255.941 0 0)
(-57626.353 0 0)
(-3777.0307 0 -1888.5154)
(-7537.8876 0 -3768.9438)
(-11266.466 0 -5633.233)
(-14946.8 0 -7473.3999)
(-18563.129 0 -9281.5646)
(-22099.968 0 -11049.984)
(-25542.172 0 -12771.086)
(-28875 0 -14437.5)
(-32084.181 0 -16042.09)
(-35155.973 0 -17577.986)
(-38077.221 0 -19038.61)
(-40835.417 0 -20417.708)
(-43418.749 0 -21709.374)
(-45816.155 0 -22908.078)
(-48017.37 0 -24008.685)
(-50012.967 0 -25006.484)
(-51794.401 0 -25897.2)
(-53354.043 0 -26677.022)
(-54685.215 0 -27342.607)
(-55782.216 0 -27891.108)
(-56640.35 0 -28320.175)
(-57255.941 0 -28627.97)
(-57626.353 0 -28813.176)
(0 0 0)
(0 0 0)
(0 0 0)
(0 0 0)
(0 0 0)
(0 0 0)
(0 0 0)
(0 0 0)
(0 0 0)
(-1888.5154 0 -3777.0307)
(0 0 -3777.0307)
(1888.5154 0 -3777.0307)
(-3768.9438 0 -7537.8876)
(0 0 -7537.8876)
(3768.9438 0 -7537.8876)
(-5633.233 0 -11266.466)
(0 0 -11266.466)
(5633.233 0 -11266.466)
(-7473.3999 0 -14946.8)
(0 0 -14946.8)
(7473.3999 0 -14946.8)
(-9281.5646 0 -18563.129)
(0 0 -18563.129)
(9281.5646 0 -18563.129)
(-11049.984 0 -22099.968)
(0 0 -22099.968)
(11049.984 0 -22099.968)
(-12771.086 0 -25542.172)
(0 0 -25542.172)
(12771.086 0 -25542.172)
(-14437.5 0 -28875)
(0 0 -28875)
(14437.5 0 -28875)
(-16042.09 0 -32084.181)
(0 0 -32084.181)
(16042.09 0 -32084.181)
(-17577.986 0 -35155.973)
(0 0 -35155.973)
(17577.986 0 -35155.973)
(-19038.61 0 -38077.221)
(0 0 -38077.221)
(19038.61 0 -38077.221)
(-20417.708 0 -40835.417)
(0 0 -40835.417)
(20417.708 0 -40835.417)
(-21709.374 0 -43418.749)
(0 0 -43418.749)
(21709.374 0 -43418.749)
(-22908.078 0 -45816.155)
(0 0 -45816.155)
(22908.078 0 -45816.155)
(-24008.685 0 -48017.37)
(0 0 -48017.37)
(24008.685 0 -48017.37)
(-25006.484 0 -50012.967)
(0 0 -50012.967)
(25006.484 0 -50012.967)
(-25897.2 0 -51794.401)
(0 0 -51794.401)
(25897.2 0 -51794.401)
(-26677.022 0 -53354.043)
(0 0 -53354.043)
(26677.022 0 -53354.043)
(-27342.607 0 -54685.215)
(0 0 -54685.215)
(27342.607 0 -54685.215)
(-27891.108 0 -55782.216)
(0 0 -55782.216)
(27891.108 0 -55782.216)
(-28320.175 0 -56640.35)
(0 0 -56640.35)
(28320.175 0 -56640.35)
(-28627.97 0 -57255.941)
(0 0 -57255.941)
(28627.97 0 -57255.941)
(-28813.176 0 -57626.353)
(0 0 -57626.353)
(28813.176 0 -57626.353)
(-28875 0 28875)
(0 0 28875)
(28875 0 28875)
(-28875 0 0)
(0 0 0)
(28875 0 0)
(-28875 0 -28875)
(0 0 -28875)
(28875 0 -28875)
(-1888.5154 0 3777.0307)
(0 0 3777.0307)
(1888.5154 0 3777.0307)
(-3768.9438 0 7537.8876)
(0 0 7537.8876)
(3768.9438 0 7537.8876)
(-5633.233 0 11266.466)
(0 0 11266.466)
(5633.233 0 11266.466)
(-7473.3999 0 14946.8)
(0 0 14946.8)
(7473.3999 0 14946.8)
(-9281.5646 0 18563.129)
(0 0 18563.129)
(9281.5646 0 18563.129)
(-11049.984 0 22099.968)
(0 0 22099.968)
(11049.984 0 22099.968)
(-12771.086 0 25542.172)
(0 0 25542.172)
(12771.086 0 25542.172)
(-14437.5 0 28875)
(0 0 28875)
(14437.5 0 28875)
(-16042.09 0 32084.181)
(0 0 32084.181)
(16042.09 0 32084.181)
(-17577.986 0 35155.973)
(0 0 35155.973)
(17577.986 0 35155.973)
(-19038.61 0 38077.221)
(0 0 38077.221)
(19038.61 0 38077.221)
(-20417.708 0 40835.417)
(0 0 40835.417)
(20417.708 0 40835.417)
(-21709.374 0 43418.749)
(0 0 43418.749)
(21709.374 0 43418.749)
(-22908.078 0 45816.155)
(0 0 45816.155)
(22908.078 0 45816.155)
(-24008.685 0 48017.37)
(0 0 48017.37)
(24008.685 0 48017.37)
(-25006.484 0 50012.967)
(0 0 50012.967)
(25006.484 0 50012.967)
(-25897.2 0 51794.401)
(0 0 51794.401)
(25897.2 0 51794.401)
(-26677.022 0 53354.043)
(0 0 53354.043)
(26677.022 0 53354.043)
(-27342.607 0 54685.215)
(0 0 54685.215)
(27342.607 0 54685.215)
(-27891.108 0 55782.216)
(0 0 55782.216)
(27891.108 0 55782.216)
(-28320.175 0 56640.35)
(0 0 56640.35)
(28320.175 0 56640.35)
(-28627.97 0 57255.941)
(0 0 57255.941)
(28627.97 0 57255.941)
(-28813.176 0 57626.353)
(0 0 57626.353)
(28813.176 0 57626.353)
(3777.0307 0 1888.5154)
(7537.8876 0 3768.9438)
(11266.466 0 5633.233)
(14946.8 0 7473.3999)
(18563.129 0 9281.5646)
(22099.968 0 11049.984)
(25542.172 0 12771.086)
(28875 0 14437.5)
(32084.181 0 16042.09)
(35155.973 0 17577.986)
(38077.221 0 19038.61)
(40835.417 0 20417.708)
(43418.749 0 21709.374)
(45816.155 0 22908.078)
(48017.37 0 24008.685)
(50012.967 0 25006.484)
(51794.401 0 25897.2)
(53354.043 0 26677.022)
(54685.215 0 27342.607)
(55782.216 0 27891.108)
(56640.35 0 28320.175)
(57255.941 0 28627.97)
(57626.353 0 28813.176)
(3777.0307 0 0)
(7537.8876 0 0)
(11266.466 0 0)
(14946.8 0 0)
(18563.129 0 0)
(22099.968 0 0)
(25542.172 0 0)
(28875 0 0)
(32084.181 0 0)
(35155.973 0 0)
(38077.221 0 0)
(40835.417 0 0)
(43418.749 0 0)
(45816.155 0 0)
(48017.37 0 0)
(50012.967 0 0)
(51794.401 0 0)
(53354.043 0 0)
(54685.215 0 0)
(55782.216 0 0)
(56640.35 0 0)
(57255.941 0 0)
(57626.353 0 0)
(3777.0307 0 -1888.5154)
(7537.8876 0 -3768.9438)
(11266.466 0 -5633.233)
(14946.8 0 -7473.3999)
(18563.129 0 -9281.5646)
(22099.968 0 -11049.984)
(25542.172 0 -12771.086)
(28875 0 -14437.5)
(32084.181 0 -16042.09)
(35155.973 0 -17577.986)
(38077.221 0 -19038.61)
(40835.417 0 -20417.708)
(43418.749 0 -21709.374)
(45816.155 0 -22908.078)
(48017.37 0 -24008.685)
(50012.967 0 -25006.484)
(51794.401 0 -25897.2)
(53354.043 0 -26677.022)
(54685.215 0 -27342.607)
(55782.216 0 -27891.108)
(56640.35 0 -28320.175)
(57255.941 0 -28627.97)
(57626.353 0 -28813.176)
(-1888.5154 0 1888.5154)
(0 0 1888.5154)
(1888.5154 0 1888.5154)
(-3768.9438 0 3768.9438)
(0 0 3768.9438)
(3768.9438 0 3768.9438)
(-5633.233 0 5633.233)
(0 0 5633.233)
(5633.233 0 5633.233)
(-7473.3999 0 7473.3999)
(0 0 7473.3999)
(7473.3999 0 7473.3999)
(-9281.5646 0 9281.5646)
(0 0 9281.5646)
(9281.5646 0 9281.5646)
(-11049.984 0 11049.984)
(0 0 11049.984)
(11049.984 0 11049.984)
(-12771.086 0 12771.086)
(0 0 12771.086)
(12771.086 0 12771.086)
(-14437.5 0 14437.5)
(0 0 14437.5)
(14437.5 0 14437.5)
(-16042.09 0 16042.09)
(0 0 16042.09)
(16042.09 0 16042.09)
(-17577.986 0 17577.986)
(0 0 17577.986)
(17577.986 0 17577.986)
(-19038.61 0 19038.61)
(0 0 19038.61)
(19038.61 0 19038.61)
(-20417.708 0 20417.708)
(0 0 20417.708)
(20417.708 0 20417.708)
(-21709.374 0 21709.374)
(0 0 21709.374)
(21709.374 0 21709.374)
(-22908.078 0 22908.078)
(0 0 22908.078)
(22908.078 0 22908.078)
(-24008.685 0 24008.685)
(0 0 24008.685)
(24008.685 0 24008.685)
(-25006.484 0 25006.484)
(0 0 25006.484)
(25006.484 0 25006.484)
(-25897.2 0 25897.2)
(0 0 25897.2)
(25897.2 0 25897.2)
(-26677.022 0 26677.022)
(0 0 26677.022)
(26677.022 0 26677.022)
(-27342.607 0 27342.607)
(0 0 27342.607)
(27342.607 0 27342.607)
(-27891.108 0 27891.108)
(0 0 27891.108)
(27891.108 0 27891.108)
(-28320.175 0 28320.175)
(0 0 28320.175)
(28320.175 0 28320.175)
(-28627.97 0 28627.97)
(0 0 28627.97)
(28627.97 0 28627.97)
(-28813.176 0 28813.176)
(0 0 28813.176)
(28813.176 0 28813.176)
(-1888.5154 0 0)
(0 0 0)
(1888.5154 0 0)
(-3768.9438 0 0)
(0 0 0)
(3768.9438 0 0)
(-5633.233 0 0)
(0 0 0)
(5633.233 0 0)
(-7473.3999 0 0)
(0 0 0)
(7473.3999 0 0)
(-9281.5646 0 0)
(0 0 0)
(9281.5646 0 0)
(-11049.984 0 0)
(0 0 0)
(11049.984 0 0)
(-12771.086 0 0)
(0 0 0)
(12771.086 0 0)
(-14437.5 0 0)
(0 0 0)
(14437.5 0 0)
(-16042.09 0 0)
(0 0 0)
(16042.09 0 0)
(-17577.986 0 0)
(0 0 0)
(17577.986 0 0)
(-19038.61 0 0)
(0 0 0)
(19038.61 0 0)
(-20417.708 0 0)
(0 0 0)
(20417.708 0 0)
(-21709.374 0 0)
(0 0 0)
(21709.374 0 0)
(-22908.078 0 0)
(0 0 0)
(22908.078 0 0)
(-24008.685 0 0)
(0 0 0)
(24008.685 0 0)
(-25006.484 0 0)
(0 0 0)
(25006.484 0 0)
(-25897.2 0 0)
(0 0 0)
(25897.2 0 0)
(-26677.022 0 0)
(0 0 0)
(26677.022 0 0)
(-27342.607 0 0)
(0 0 0)
(27342.607 0 0)
(-27891.108 0 0)
(0 0 0)
(27891.108 0 0)
(-28320.175 0 0)
(0 0 0)
(28320.175 0 0)
(-28627.97 0 0)
(0 0 0)
(28627.97 0 0)
(-28813.176 0 0)
(0 0 0)
(28813.176 0 0)
(-1888.5154 0 -1888.5154)
(0 0 -1888.5154)
(1888.5154 0 -1888.5154)
(-3768.9438 0 -3768.9438)
(0 0 -3768.9438)
(3768.9438 0 -3768.9438)
(-5633.233 0 -5633.233)
(0 0 -5633.233)
(5633.233 0 -5633.233)
(-7473.3999 0 -7473.3999)
(0 0 -7473.3999)
(7473.3999 0 -7473.3999)
(-9281.5646 0 -9281.5646)
(0 0 -9281.5646)
(9281.5646 0 -9281.5646)
(-11049.984 0 -11049.984)
(0 0 -11049.984)
(11049.984 0 -11049.984)
(-12771.086 0 -12771.086)
(0 0 -12771.086)
(12771.086 0 -12771.086)
(-14437.5 0 -14437.5)
(0 0 -14437.5)
(14437.5 0 -14437.5)
(-16042.09 0 -16042.09)
(0 0 -16042.09)
(16042.09 0 -16042.09)
(-17577.986 0 -17577.986)
(0 0 -17577.986)
(17577.986 0 -17577.986)
(-19038.61 0 -19038.61)
(0 0 -19038.61)
(19038.61 0 -19038.61)
(-20417.708 0 -20417.708)
(0 0 -20417.708)
(20417.708 0 -20417.708)
(-21709.374 0 -21709.374)
(0 0 -21709.374)
(21709.374 0 -21709.374)
(-22908.078 0 -22908.078)
(0 0 -22908.078)
(22908.078 0 -22908.078)
(-24008.685 0 -24008.685)
(0 0 -24008.685)
(24008.685 0 -24008.685)
(-25006.484 0 -25006.484)
(0 0 -25006.484)
(25006.484 0 -25006.484)
(-25897.2 0 -25897.2)
(0 0 -25897.2)
(25897.2 0 -25897.2)
(-26677.022 0 -26677.022)
(0 0 -26677.022)
(26677.022 0 -26677.022)
(-27342.607 0 -27342.607)
(0 0 -27342.607)
(27342.607 0 -27342.607)
(-27891.108 0 -27891.108)
(0 0 -27891.108)
(27891.108 0 -27891.108)
(-28320.175 0 -28320.175)
(0 0 -28320.175)
(28320.175 0 -28320.175)
(-28627.97 0 -28627.97)
(0 0 -28627.97)
(28627.97 0 -28627.97)
(-28813.176 0 -28813.176)
(0 0 -28813.176)
(28813.176 0 -28813.176)
)
;

boundaryField
{
    free
    {
        type            zeroGradient;
    }
    fixed
    {
        type            fixedValue;
        value           uniform (0 0 0);
    }
    freeTop
    {
        type            zeroGradient;
    }
}


// ************************************************************************* //
