/*--------------------------------*- C++ -*----------------------------------*\
  =========                 |
  \\      /  F ield         | OpenFOAM: The Open Source CFD Toolbox
   \\    /   O peration     | Website:  https://openfoam.org
    \\  /    A nd           | Version:  6
     \\/     M anipulation  |
\*---------------------------------------------------------------------------*/
FoamFile
{
    version     2.0;
    format      ascii;
    class       pointScalarField;
    location    "2.400078318575429";
    object      p;
}
// * * * * * * * * * * * * * * * * * * * * * * * * * * * * * * * * * * * * * //

dimensions      [1 -1 -2 0 0 0 0];

internalField   nonuniform List<scalar> 
625
(
961460.81
-1424938
10271.008
13621.372
1740120.1
-2756140
10131.058
37.842621
710920.74
-92290.979
-94122.843
-12440.797
3942.6308
7772.4355
385865.88
413941.21
414996.93
392811.52
352396.12
340363.37
301101.34
276311.99
257392.18
231287.58
210058.89
183075.83
165936.9
145995.59
128111.97
113454.12
98425.961
83154.087
70444.509
58875.404
45677.585
34100.09
24800.133
-478827.62
-374357.67
-417330.95
-345636.09
-319819.27
-314771.03
-264202.84
-255204.01
-230004.81
-207040.86
-189575.28
-164774.42
-149856.1
-129123.31
-114341.7
-97511.02
-81848.144
-69755.044
-55428.57
-45353.233
-36110.093
-19670.536
-7950.1826
946659.32
-142124.12
-270587.81
-500426.68
-593062.23
-416387.01
-388170.44
-437140.53
-308789.72
-345107.85
-298498.14
-261123.4
-237832.04
-211395.32
-187593.12
-167312.31
-144153.26
-125102.75
-108624.21
-90733.875
-76373
-62420.713
-47625.639
-33351.055
-22698.37
-6213.3757
12678.141
357.05081
-2942.3382
25139.683
30146.703
47542.533
59887.007
78215.707
95093.917
112824.68
132902.77
149873.34
172971.5
197577.65
222295.85
238421.38
266823.35
290634.42
318553.18
345865.53
358558.72
434894.44
393354.62
500233.76
446509.69
479488.08
997005.44
1030480.7
944080.6
-1289389.8
-1743771.1
-1765207.2
18175.511
16933.973
18735.456
-3051.3615
3501.7101
-2398.8825
221258.33
267297.8
252032.02
228151.77
212188.09
198880.83
178571.08
165702.45
151046.6
132071.88
117517.44
108640.17
97179.121
85252.324
76577.751
66104.132
57147.455
50111.797
39023.263
31639.5
23249.451
15170.257
15032.099
-74022.392
-55840.319
-61059.693
-29469.477
-44985.298
-25740.245
-33136.16
-26453.263
-23504.895
-21537.907
-18218.637
-15544.647
-14701.29
-11398.638
-8946.0958
-6855.2846
-2122.872
-1444.0903
2535.9163
6390.9871
6502.0357
8371.097
6734.5378
-329006.03
-215116.16
-250270.78
-200625.09
-224334.32
-183257.91
-184814.13
-159389.9
-144681.09
-132686.52
-119014.72
-106842.45
-94735.803
-82225.263
-71317.372
-59425.657
-50104.955
-40205.536
-28878.968
-22968.765
-13471.921
-9633.0963
1381.805
567790.39
594248.69
680192.14
-18331.259
-32506.493
-119607.23
-300048.1
-132352.89
-101562.18
-760960.35
-761951.42
-736534.5
-551694.19
-562020.88
-598477.84
-450437.88
-439859.48
-472120.93
-377527.71
-367244.82
-376696.15
-359124.55
-351408.28
-374175.29
-319693.5
-306121
-312649.65
-301192.72
-289318.36
-281678.3
-272191.91
-253042.42
-265199.24
-246730.2
-232881.6
-238240.16
-221333.23
-207413.03
-213970.58
-197737.97
-186999.79
-192902.72
-180630.3
-163463.76
-166250.68
-156186.67
-146887.57
-150230.3
-140840.57
-126838.66
-132508.23
-120445.29
-109916.45
-114218.58
-103958.08
-94355.79
-98036.094
-88000.619
-79227.572
-82186.13
-69371.273
-65435.033
-67385.69
-56347.105
-53232.669
-54220.176
-42438.364
-40962.979
-40913.505
-28293.038
-28018.297
-26857.642
-17209.905
-17980.936
-19038.171
-9044.6734
-6008.2157
-5972.6291
-13068.823
-15764.893
-16719.173
7929.8915
2674.0671
3207.3989
12170.642
13519.219
12659.883
493212.14
474800.6
519764.61
517456.37
423809.76
490124.74
474461.65
432023.02
471311.65
427211.3
381836.74
425044.57
402961.99
373269.4
392517.88
365090.92
332515.74
359390.81
339832.14
312100.6
333103.49
310034.63
280700.44
304690.51
282581.59
257611.97
278556.93
251201.28
236768.28
254589.84
225631.1
214930.61
229461.03
207707.83
192173.13
196867.28
182963.6
171058.9
181872.72
163790.21
151874.03
163816.88
143885.65
134209.69
143098.8
125897.95
116321.51
124483.65
105127.23
100004.95
107795.27
89586.042
86268.403
90371.605
74000.647
70499.676
74082.794
58618.521
56221.764
59202.766
43907.308
43969.149
44634.629
31559.054
33107.989
30630.114
26373.463
29049.323
28534.021
224958.86
296135.22
232892.37
259279.28
234621.19
223624.19
214099.43
193153.56
178102.86
160437.64
144526.18
134466.01
124107.84
105884.41
96233.795
83128.691
70935.479
60498.639
49666.575
40912.767
28337.825
22449.715
12596.944
-63639.58
29923.757
12273.088
37982.483
49978.946
43513.202
43501.978
44237.449
41688.361
39195.418
39071.807
38473.348
30674.986
31400.585
29214.009
25161.505
23123.683
21166.546
17647.243
14569.949
12685.403
9822.1408
10093.392
-218058.56
-134168.72
-266223.29
-185336.53
-200648.84
-197975.9
-167312.95
-153539.98
-140675.82
-124238.18
-110154.83
-101676.44
-86908.08
-76772.446
-66394.34
-57495.517
-49145.862
-40540.307
-33483.801
-27675.17
-19475.122
-9628.5631
-9105.3069
346264.78
380082.6
342639.88
254886.43
345393.16
299115.79
216841.87
242107.34
261419.58
197120.54
253288.76
227430.01
196969.96
204159.65
214384.33
178815.91
201163.81
207040.8
156482.36
181554.96
183693.56
153468.46
168601.43
172521.72
130320.78
155810.13
157032.71
125098.51
139593.13
147262.61
114749.93
131885.99
126718.49
101075.43
109699.47
122079.16
90405.756
102691.05
108385.84
81028.702
92398.551
95510.2
71866.832
79766.075
83321.26
62678.287
69517.088
75431.491
54300.18
61864.079
63582.77
50015.191
50253.021
54331.386
38670.857
42310.844
44153.389
34126.14
35323.888
35702.758
24398.121
25392.07
26716.39
19812.685
18368.05
17576.995
756.12177
6632.6543
7429.5405
-82350.286
-102628.23
-54702.639
-6637.0713
4416.0344
-12156.647
-5664.7056
-13103.914
-10593.548
-10785.639
8814.8955
-24901.265
10421.71
8262.4648
6080.5972
-7760.5503
18184.229
-3962.9339
10615.637
17731.685
3893.5474
2419.222
19859.369
3705.2432
7648.4067
17743.462
8132.4882
6371.7037
23617.053
7112.7295
11713.925
16397.929
7805.5871
8549.0505
17024.513
11344.614
8793.8396
19590.615
10987.561
9892.6649
17804.504
11081.801
8626.4402
17626.487
10531.092
9955.7809
16685.09
11779.918
8323.2247
16861.695
9827.5075
9263.7825
14177.563
8789.3906
8065.787
12000.602
10713.837
7301.3571
12054.679
9176.7972
7899.8953
9782.1418
8916.7466
8913.7226
10714.698
7344.5461
10374.224
10667.159
9826.421
-271262.69
-345179.92
-279489.02
-245933.67
-186435.73
-231600.65
-207215.76
-297827.93
-253419.25
-255932.37
-207780.89
-250791.97
-197230.93
-233386.37
-214083.88
-187834.6
-199178.21
-208542.27
-174230.49
-188490.65
-191835.26
-152796.88
-175021.4
-170918.29
-143776.14
-153933.41
-155148.86
-128636.38
-140877.22
-140220.71
-113368.75
-126326.38
-123611.74
-102338.66
-112083.65
-109739.38
-86813.109
-101424.34
-95477.204
-77834.846
-87522.738
-84252.071
-65910.704
-76745.252
-73520.518
-57447.233
-65245.519
-62678.119
-47050.707
-55152.32
-53707.438
-38941.938
-45744.335
-44206.421
-31343.662
-35771.638
-34205.07
-23595.593
-26820.886
-26511.247
-18986.985
-19325.155
-20405.593
-5555.6202
-9789.5641
-9221.6948
-2662.7198
-5852.0226
-3917.4401
)
;

boundaryField
{
    free
    {
        type            calculated;
    }
    bottom
    {
        type            calculated;
    }
    traction
    {
        type            calculated;
    }
}


// ************************************************************************* //
