/*--------------------------------*- C++ -*----------------------------------*\
  =========                 |
  \\      /  F ield         | OpenFOAM: The Open Source CFD Toolbox
   \\    /   O peration     | Website:  https://openfoam.org
    \\  /    A nd           | Version:  6
     \\/     M anipulation  |
\*---------------------------------------------------------------------------*/
FoamFile
{
    version     2.0;
    format      ascii;
    class       pointScalarField;
    location    "3.799814236946284";
    object      p;
}
// * * * * * * * * * * * * * * * * * * * * * * * * * * * * * * * * * * * * * //

dimensions      [1 -1 -2 0 0 0 0];

internalField   nonuniform List<scalar> 
625
(
84885.656
-133829.1
6764.2846
8651.0599
146609.49
-228502.49
5875.0854
-3294.5066
66039.041
-9415.1611
-17468.483
-16806.887
768.09768
3303.7487
32520.03
35662.759
36803.036
35458.486
33993.611
33366.361
32091.717
31279.194
31268.283
32682.763
33063.887
32292.148
34375.972
35472.393
35685.231
38080.546
37395.943
38690.913
36531.716
35847.077
31700.725
27409.734
20714.143
-41860.148
-41722.294
-47793.302
-48899.927
-48551.829
-51357.191
-51960.138
-52838.344
-54409.451
-55987.198
-56543.946
-55287.441
-56209.519
-55215.266
-54520.05
-52909.537
-49942.773
-48379.647
-44072.587
-39877.729
-37703.45
-24991.262
-14263.673
87665.793
-6461.3454
-42945.738
-41492.07
-54376.485
-38919.584
-43989.363
-43476.746
-32673.419
-39769.255
-38456.777
-37633.919
-37418.274
-37749.289
-39194.034
-41038.539
-40744.919
-41672.937
-42385.543
-42402.288
-41332.438
-39896.706
-36354.159
-31206.26
-22912.146
-12773.465
7196.4097
-1608.5586
-6553.7246
23207.705
25520.574
37965.496
42565.74
50557.44
55634.417
59001.974
62965.361
63460.443
65049.742
67364.391
65578.705
64716.88
64900.422
62694.942
61776.491
59256.534
56985.188
58282.463
52702.763
55646.336
47328.647
46297.687
82956.018
87426.301
78854.599
-118911.58
-155180
-134002.38
13220.618
12074.748
13261.153
-6519.2015
-159.47577
-6437.8696
20755.101
23646.155
23276.301
21445.958
20376.508
19771.744
18553.417
18116.906
18541.847
17696.277
16529.342
18775.624
19607.577
20149.828
21151.204
22022.527
21078.139
22141.464
19693.393
17521.874
13935.278
8103.9715
10465.742
-6029.2323
-8939.4116
-11912.179
-10699.269
-13356.379
-14071.735
-15989.666
-16465.004
-17244.521
-18487.747
-16654.753
-17508.666
-17378.419
-16510.323
-15545.941
-13872.902
-12298.807
-9654.0351
-6302.6896
-2001.4565
-656.0031
2491.5812
1630.8717
-28763.146
-25013.2
-29773.894
-32049.134
-35010.53
-36379.091
-37975.129
-38783.584
-40064.429
-39739.883
-41858.732
-41831.903
-41502.931
-40548.389
-39208.802
-36969.776
-35970.286
-29965.671
-26102.936
-22175.755
-15893.977
-14051.682
-3215.852
50626.758
55948.432
65369.957
-1997.2157
-6880.7341
-11083.306
-44795.518
-21680.76
-22552.125
-60185.06
-60872.627
-52564.78
-58815.069
-58859.434
-58366.541
-47006.065
-43560.342
-44715.464
-48534.61
-44612.094
-42518.231
-48954.301
-42559.624
-42997.718
-49563.098
-43156.297
-41839.772
-51075.481
-42783.121
-39032.019
-52006.111
-42374.851
-41739.836
-52330.782
-43318.695
-40906.957
-52957.739
-43869.678
-42383.171
-53325.376
-45562.681
-42620.742
-54680.764
-43849.246
-42037.63
-54666.408
-45876.968
-44006.579
-55609.309
-45877.21
-45255.679
-54313.107
-45637.375
-45359.433
-53304.713
-45473.063
-45423.424
-51492.624
-44257.82
-44657.373
-47187.557
-42438.349
-43082.147
-42911.113
-40280.214
-40242.165
-38476.02
-36573.908
-36034.221
-31051.137
-30676.24
-29071.066
-22985.917
-23889.2
-24932.345
-16412.22
-13522.174
-13104.571
-17493.647
-20263.105
-23469.811
4750.0865
-837.34593
-1072.1517
7899.931
8553.22
7140.7953
43533.571
42370.842
45676.661
49449.976
39996.69
50510.131
47075.108
41984.704
51144.451
45005.077
42078.778
52296.581
45140.793
42580.219
50285.392
43598.189
42103.722
52470.349
43550.677
43070.921
52969.963
44363.007
43299.645
53872.289
44113.05
42918.656
54811.023
45081.716
45786.718
56465.821
43720.301
45077.169
56303.951
45881.531
46560.409
54430.362
47814.686
46575.99
56958.047
48182.791
46774.474
57537.747
49337.406
46749.846
56598.046
49356.575
46578.715
55463.396
48183.279
44911.171
54073.253
44188.965
44791.484
50719.543
43376.971
41260.732
46631.386
38297.972
36918.304
41223.445
32706.252
33535.716
35170.555
25621.101
28214.959
25224.542
24870.048
27007.334
27761.023
22749.95
31044.213
26438.534
31631.502
33259.209
37083.993
37440.741
39164.834
39500.662
40643.803
39704.206
43450.056
42264.779
40411.681
40074.45
37783.107
35409.78
32584.695
29310.189
25664.67
18136.355
15290.474
6785.7121
-6360.9023
5418.6377
3010.2682
10908.227
11008.314
13090.654
13148.348
14969.971
15578.086
15914.897
16528.439
15932.885
14674.328
15770.61
14094.291
13256.689
12263.544
11401.347
10181.588
8411.5598
7531.2355
5480.7921
5918.5556
-21006.996
-9691.9376
-22586.655
-11963.227
-16707.49
-15240.332
-14343.128
-11928.792
-13087.698
-12309.805
-13023.49
-14419.62
-13951.062
-15519.134
-16690.577
-17487.205
-18658.244
-18703.247
-18891.514
-18412.044
-15972.836
-10929.422
-11530.57
31861.185
34959.904
33114.707
23058.152
34239.835
32670.987
19881.23
27772.122
31854.135
19669.524
29857.292
30757.304
19377.174
28275.143
31836.895
19897.477
28504.706
33680.213
18588.531
29986.723
34194.223
18932.624
29648.876
34482.195
19217.055
30821.091
36244.563
19012.667
30328.766
36321.627
21332.246
30638.937
36461.97
21256.819
31974.509
37792.691
21078.382
31662.39
37081.884
21368.12
32157.727
36755.773
22272.667
31815.042
35982.076
22149.835
30400.92
35466.527
21463.66
30930.119
33294.774
23959.279
27865.846
31203.983
20341.651
26078.405
26955.372
20517.507
23293.735
24244.509
15815.165
17722.886
18707.406
13686.635
11895.283
12359.23
-3823.9287
2710.311
3669.4533
-7609.1066
-7659.1652
-4790.9942
-4297.3011
982.31735
1273.6663
-3119.5205
-86.908571
1221.5018
-4898.404
1364.2382
-438.90339
-4171.9486
803.60673
3918.2131
-6167.6467
2278.4658
2814.2345
-5584.7917
817.78212
3907.3516
-6000.7692
1900.5262
3298.1379
-6614.3236
700.31788
4411.901
-6767.0133
1949.7801
3437.9659
-5851.4237
1609.5339
4681.0244
-6371.5685
880.04599
4479.5472
-5544.3626
668.97516
2982.0049
-4781.6347
1931.4509
4053.5234
-4046.6448
1375.2761
2740.1739
-3517.895
1925.2945
2844.5065
-2456.8383
2831.4707
1986.9976
-1824.9304
2185.8081
736.90788
-2013.7717
1549.3944
1535.0921
-1895.8831
2026.3465
1548.5772
-302.35214
2041.3778
1044.3496
1774.1097
4269.7516
1975.2053
4962.8392
6160.9677
5418.1038
-24342.318
-26420.684
-20709.461
-27033.023
-16683.07
-21505.508
-23179.196
-27757.194
-23146.241
-28143.052
-22675.465
-21874.792
-27356.484
-26026.276
-20210.138
-27587.788
-25664.227
-21352.993
-28524.142
-26158.893
-20558.607
-29495.006
-27066.147
-20415.551
-30041.159
-27882.792
-19880.15
-31004.691
-27349.083
-19781.766
-30782.748
-28774.381
-20610.639
-31546.315
-29588.794
-21971.265
-30383.595
-29762.334
-20684.146
-30901.167
-30079.123
-22097.48
-29850.896
-30663.184
-22754.492
-29632.242
-29912.954
-22879.822
-26935.075
-29703.291
-23065.99
-26874.949
-28356.1
-22724.334
-24600.412
-25949.09
-20788.518
-21195.307
-21717.562
-19352.057
-19286.152
-18894.515
-17205.852
-9393.7294
-13472.939
-11152.729
-6359.772
-9263.1753
-7292.2524
)
;

boundaryField
{
    free
    {
        type            calculated;
    }
    bottom
    {
        type            calculated;
    }
    traction
    {
        type            calculated;
    }
}


// ************************************************************************* //
