/*--------------------------------*- C++ -*----------------------------------*\
  =========                 |
  \\      /  F ield         | OpenFOAM: The Open Source CFD Toolbox
   \\    /   O peration     | Website:  https://openfoam.org
    \\  /    A nd           | Version:  6
     \\/     M anipulation  |
\*---------------------------------------------------------------------------*/
FoamFile
{
    version     2.0;
    format      ascii;
    class       pointScalarField;
    location    "3.200104424767328";
    object      p;
}
// * * * * * * * * * * * * * * * * * * * * * * * * * * * * * * * * * * * * * //

dimensions      [1 -1 -2 0 0 0 0];

internalField   nonuniform List<scalar> 
625
(
580075.11
-730651.17
9082.1087
11660.145
948877.67
-1771303.7
8641.2062
-1515.4242
468352.91
27697.412
18292.73
-14935.243
2813.4482
6026.5413
250384.97
258914.53
267350.58
254581.96
228687.17
226968.22
203026.93
189832.72
181571.98
163092.5
152958.84
135620.79
125162.25
113362.64
101047.72
91563.114
81410.573
70919.444
61771.639
52905.986
41950.516
32504.173
23614.909
-256898.32
-200705.53
-227666.2
-187172.62
-181469.31
-182097.92
-155667.74
-156490.66
-144148.52
-132858.12
-127786.62
-112853.1
-107126.24
-95516.185
-87870.521
-78025.208
-68569.097
-61543.813
-51229.356
-44133.781
-36971.241
-22751.334
-10915.686
493054.73
-152753.57
-233713.58
-322207.55
-375711.31
-273753.66
-249588.85
-291315.96
-215227.14
-243244.75
-211133.28
-186123.04
-173948.91
-158732.04
-142990.81
-130947.06
-115712.46
-103044.71
-92507.116
-79757.426
-69123.886
-59011.741
-46790.46
-34911.409
-24442.962
-9611.0885
10869.022
-360.71829
-4639.4764
24624.951
28323.48
44217.838
52881.155
67093.496
78695.753
90389.671
103236.53
111817.23
126780.83
138917.96
153327.6
158194.72
174035.97
182112.42
197019.14
208871.23
207120.61
254016.57
212051.19
285146.52
235722.17
255321.77
605545.62
562470.32
520945.37
-656530.1
-986874.57
-1021424.8
16338.939
15365.908
17104.982
-4511.4288
2816.8311
-3597.5833
150075.2
181424.47
171647.88
154625.33
147179.2
138353.5
126259.74
118590.84
108529.67
96873.524
87858.967
82670.262
75187.151
67168.231
61412.17
54029.632
48228.301
42549.865
34022.474
27729.648
20746.361
12841.065
13470.763
-23491.64
-2630.2255
-16243.611
3725.0022
-10202.682
-929.50561
-8082.844
-7089.4304
-5625.3437
-7243.7165
-6815.4274
-6504.8365
-7809.8658
-6502.411
-5861.6331
-5574.1369
-2419.3995
-2920.0721
621.80552
4069.6007
4368.4069
6022.8716
4568.5126
-172077.3
-102076.86
-133756.13
-94210.648
-125053.24
-98587.624
-108384.23
-93116.91
-86977.153
-84175.016
-76871.121
-73194.808
-66733.667
-60106.513
-54291.62
-47639.745
-41480.418
-35893.222
-26682.809
-23009.385
-14380.394
-11422.801
-592.98233
342210.24
338753.59
368666.34
18628.021
-10460.238
-83816.214
-135395.97
-65953.667
-77797.287
-426129.52
-447744.66
-440700.95
-295642.19
-317701.94
-347979.29
-259338.08
-271151.99
-298513.44
-218354.15
-223337.71
-243293.19
-211290.53
-224254.91
-247988.78
-192357.17
-194582.29
-205596.54
-187190.25
-190094.82
-192182.25
-172205.27
-168246.27
-182588.91
-160740.55
-159270.88
-169592.58
-147925.32
-144560.46
-154149.3
-134826.75
-133604.72
-142109.61
-128484.47
-121440.67
-126998.25
-114443.95
-111116.83
-116714.14
-107108.59
-99093.158
-106526.72
-94333.188
-88940.909
-94527.522
-85094.312
-79128.06
-84194.228
-74515.462
-69309.207
-73170.632
-62240.925
-59730.766
-62719.785
-52823.252
-50562.181
-52791.778
-42626.549
-41440.943
-42320.319
-30900.531
-30356.957
-30101.85
-20750.335
-21213.147
-22777.719
-12960.237
-9683.0707
-9746.0834
-15343.869
-18333.862
-20047.681
7078.6526
1529.0589
2029.7797
10259.031
11739.587
11029.005
304194.7
281021.31
302289.29
315802.85
244202.05
272468.81
296274.26
258925.56
270550.25
268447.96
229957.27
245516.86
257354.63
230973.01
230767.77
237964.96
208213.84
215905.18
224749.2
199694.25
203133.66
207325.68
182260.76
191395.39
193994.28
172460.01
178587.55
173705.4
159470.15
166985.7
160726.4
150277.83
155085
151036.01
137704.42
136650.09
135993.23
124067.46
128943.75
125038.84
113760.24
120943.43
112237.61
102984.19
108402.42
101257.79
92119.8
97216.059
87545.509
81107.94
87112.726
75648.156
72462.361
75393.014
65059.346
61401.947
63964.899
52804.199
50165.744
52561.501
40796.23
40870.002
41135.903
30536.89
32158.247
28922.369
26157.218
28494.119
28007.154
96485.086
149391.1
119268.17
140854.53
131802.39
123857.96
125386.36
112504.24
109008.31
99438.057
93232.349
88546.455
84983.36
73532.186
68921.753
61898.636
53965.816
47730.689
40413.765
34566.075
24475.725
19795.239
10553.586
-65496.999
-12835.686
-7514.2328
82.631107
17765.637
10305.751
14368.129
18215.918
15654.106
19575.549
17456.725
21553.676
16459.517
17948.841
18365.254
16069.273
15540.217
14874.359
13122.116
11263.322
10110.734
8218.1301
8400.3146
-166697.75
-128230.42
-181701.11
-146065.79
-144590.56
-147574.21
-122871.15
-118444.23
-106216.99
-96878.275
-86269.842
-80315.297
-71404.166
-62817.691
-56214.398
-49414.783
-43662.441
-37020.94
-31386.785
-26978.607
-19657.323
-10728.058
-10735.887
220869.93
228529.71
181971.44
171987.13
204821.13
167436.9
144472.88
152112.51
150050.86
134760.73
154173.41
125356.78
135447.26
127611.69
125896.17
124773.95
126902.95
121639.48
106873.46
115296.11
111538.95
109573.8
111194.12
107332.8
90288.831
103143.51
98639.05
91197.359
94765.133
95493.614
83942.162
92193.191
85724.232
73967.936
76301.811
81570.564
67901.541
74639.473
76845.659
60959.662
68874.897
69156.106
55724.632
61163.964
61724.092
49686.117
54520.916
57839.889
43428.153
49733.685
50434.09
41820.778
42052.923
44358.625
32501.044
35863.934
36848.36
29494.907
30903.609
30713.455
21709.539
22935.31
23641.664
17617.808
15800.091
15207.528
-1287.8388
5709.5144
6113.7517
-12502.391
-62007.708
-38856.459
17647.371
7042.4773
-17569.831
18158.426
-3822.2162
-20481.977
10552.404
6108.9505
-20065.205
22862.644
10532.621
-5652.9961
5891.6054
11539.203
-8701.4008
19632.755
16531.293
-5050.8744
10194.442
13507.933
-4472.7384
13059.156
13658.39
-778.26821
10960.959
17480.685
-783.31194
11550.735
10963.584
-849.55742
9350.1163
12189.443
3351.7523
8203.4476
14094.094
4191.7499
8808.3225
12678.943
3392.8542
7062.7319
12208.305
4099.0571
7551.8586
11692.613
5368.4794
5993.1817
12029.746
4587.2564
6145.6929
10159.366
3877.4604
5341.4277
8305.429
5733.5996
4269.3897
8876.1248
5807.0331
5002.0593
6695.3577
5090.6286
5936.395
8471.1253
5042.8558
8502.4088
8732.6218
7648.8295
-147118.04
-209664.82
-194446.93
-122732.15
-115801.86
-149986.99
-111608.34
-178146.49
-159433.05
-144157.19
-127854
-162271.95
-112529.11
-145914.6
-140685.84
-107321.38
-126464.62
-138694.06
-102234.12
-122163.73
-130807.02
-92423.195
-119968.84
-116305.79
-91332.987
-101836.84
-109453.99
-83976.103
-100947.17
-100865.1
-76286.682
-89054.719
-90619.216
-70685.462
-82159.309
-81572.447
-62211.395
-76925.732
-73775.75
-58095.783
-67898.064
-66650.384
-51475.07
-61746.04
-59318.242
-46472.096
-53887.648
-52776.953
-39545.778
-47911.319
-45806.259
-33856.14
-40848.745
-39714.147
-28682.8
-34182.471
-31705.698
-22428.626
-26415.584
-25584.354
-19412.915
-20388.707
-21039.319
-7152.8287
-11605.233
-10549.68
-3891.3914
-7522.4908
-5649.9819
)
;

boundaryField
{
    free
    {
        type            calculated;
    }
    bottom
    {
        type            calculated;
    }
    traction
    {
        type            calculated;
    }
}


// ************************************************************************* //
