/*--------------------------------*- C++ -*----------------------------------*\
  =========                 |
  \\      /  F ield         | OpenFOAM: The Open Source CFD Toolbox
   \\    /   O peration     | Website:  https://openfoam.org
    \\  /    A nd           | Version:  6
     \\/     M anipulation  |
\*---------------------------------------------------------------------------*/
FoamFile
{
    version     2.0;
    format      ascii;
    class       pointScalarField;
    location    "4.80015663715026619";
    object      p;
}
// * * * * * * * * * * * * * * * * * * * * * * * * * * * * * * * * * * * * * //

dimensions      [1 -1 -2 0 0 0 0];

internalField   nonuniform List<scalar> 
625
(
1010071.9
-1353171.5
10948.4
14801.88
1700079.7
-3122687.9
10995.165
284.02945
805570.12
-10483.984
-11554.409
-12116.921
4618.1712
8529.1602
439894.67
456126.78
469387.38
446544.74
403079.05
396556.09
354666.47
329860.05
313111.13
281285.8
259366.99
227884.61
206955.71
183343.32
160016.28
140864.17
121774.94
99976.112
84184.823
67998.873
51101.912
35821.798
25165.955
-467395.1
-364705.36
-415889.23
-338526.39
-324270.09
-324504.84
-273752.33
-271652.73
-248745.09
-224778.13
-212505.69
-184139.41
-170540.18
-147641.63
-131802.2
-112513.55
-94536.028
-80178.601
-63016.078
-50882.615
-38692.303
-20259.149
-7882.4246
912170.13
-265221.35
-378540.56
-568206.54
-666274.99
-484482.33
-444284.88
-515556.24
-380317.24
-427744.44
-370617.84
-325919.25
-302090.17
-271791.06
-241697.32
-217459.9
-187691.93
-162676.22
-141137.84
-115610.3
-96434.862
-77076.541
-56398.104
-37977.802
-24533.364
-5052.5323
13848.316
668.17179
-2765.4196
25064.909
31181.867
50473.493
65242.577
86739.385
106217.45
127653.62
150391.4
169228.51
196688.57
222363.91
250974.88
263506.6
295057.02
313331.9
344344.55
367528.77
371666.63
455006.22
391158.72
515658.69
437808.97
474778.11
1067413.2
1018119.8
937482.51
-1225908.4
-1775002.4
-1844734.5
19177.591
18153.092
19930.486
-2329.7264
4359.9671
-1741.2972
263242.1
312092.69
296754.66
269208.76
254200.38
239676.19
217972.02
204814.77
186556.22
165954.69
148346.39
137905.71
123632.61
107772.96
96445.547
82010.838
70655.458
59930.343
45200.983
35603.15
25065.138
16129.403
15390
-52457.563
-24279.894
-40477.954
-5180.7578
-26791.146
-8979.7236
-18503.742
-15401.178
-11833.61
-12215.965
-11049.919
-8823.8183
-9888.9776
-7052.8468
-5165.8951
-4237.2434
1195.2386
78.118698
4466.3566
8092.9078
7554.5432
8787.2361
7017.7534
-318747.06
-193662.43
-247317.45
-180258.86
-227200.79
-179166.19
-191813.84
-164519.98
-150434.62
-142387.1
-127201.02
-117563.47
-104545.39
-91199.523
-79567.815
-66446.469
-55789.316
-45640.332
-31993.855
-25889.979
-15119.014
-10399.299
1273.1826
610263.22
616631.12
684219.09
8621.6864
-43777.751
-164807.87
-257930.75
-120802.41
-120311.29
-787482.93
-817850.56
-807287.65
-552374.12
-584633.4
-642865.83
-471897.42
-483555
-533916.13
-395572.95
-400462.12
-435057.66
-380449.55
-395599.07
-434523.44
-344056.85
-345324.87
-362940.92
-329990.69
-333661.46
-335413.4
-302831.94
-294900.87
-318977.65
-277968.92
-276314.85
-292037.37
-253299.61
-247978.17
-264497.58
-226921.39
-226418.77
-240838.17
-211231.68
-200581.88
-211563.28
-183942.33
-181116.35
-191207.47
-167210.01
-156908.86
-169640.68
-142718.29
-136358.75
-146025.8
-123432.32
-116577.88
-125059.26
-103599.83
-97342.512
-103771.1
-81340.382
-79387.484
-83834.628
-65105.662
-62762.971
-66357.808
-48166.037
-47394.563
-48902.292
-30870.494
-30605.578
-30796.819
-18050.949
-18750.577
-20476.013
-8237.5745
-4800.2548
-5404.3097
-12517.863
-15710.376
-15887.252
8653.1467
3598.8024
4506.3704
13087.638
14992.014
14209.524
539281.25
503229.69
542508.87
555590.7
439354.38
494985.05
523661.9
463603.05
491256.84
474133.5
410984.75
442636.85
453182.26
408302.03
415962.5
416944.07
368292.78
385154.99
392208.85
350122.17
358914
360483.87
318378.51
335241.52
334500.68
296897.45
308195.64
297717.63
273219.99
284768.24
271774.78
252167.72
259559.74
251200.67
228010.5
223512.42
221872.18
202202.28
207216.1
199180.71
180829.61
188770.66
173979.97
159749.44
164495.43
151843.53
137958.48
142474.19
124934.61
117681.9
122801.41
105669.97
100149.45
101954.22
85020.647
80951.602
82281.598
65588.197
62667.924
64644.304
47299.996
47504.284
47554.094
33160.192
34602.289
31980.155
25702.028
28771.905
27774.604
192051.37
281457.4
221995.56
258278.72
236814.29
223536.73
222742.74
198154.16
188830.52
169596.16
155755.65
145171.69
136331.36
115332.07
105419.08
91776.815
77519.446
66324.399
54051.556
44410.212
31011.867
24179.846
14232.588
-102420.81
-13350.248
-13892.401
3126.7713
26449.589
19584.979
19963.811
28630.645
23410.629
27962.338
26256.233
30755.651
22831.099
25026.79
26017.087
21899.594
21453.905
20491.256
17511.19
14871.347
13423.912
10951.167
10661.691
-277062.99
-197377.92
-314161.87
-247515.52
-248277.45
-255926.11
-213921.09
-204464.68
-185808.9
-167392.04
-149466.95
-137744.19
-120274.33
-105156.91
-91256.124
-78421.757
-66278.322
-53599.997
-42974.336
-34387.604
-23033.482
-10889.262
-9462.2778
375942.55
398879.16
330287.79
294041.95
363439.04
301719.62
246907.94
260352.85
263099.64
228099.14
269245.14
224721.49
231305.55
221484.84
220508.47
211997.26
219906.82
212141.44
184290.39
198829.07
192670.64
186242.65
189708.5
182095.94
155385.92
174944.86
166631.03
153765.79
158946.94
158990.36
140272.29
152150.08
138731.15
124019.92
124781.24
132363.17
111205.27
118746.4
120397.66
98987.05
107239.29
105694.85
88006.982
92078.398
91637.32
75795.883
79871.066
83624.608
64691.738
70223.357
70167.34
58825.304
56827.232
59342.912
44316.948
46320.548
48024.277
37899.965
38616.512
38036.595
26025.617
27402.47
27852.086
20760.986
19495.412
18025.042
1063.1862
7316.6179
7765.0831
-51240.765
-116543.7
-79275.304
11204.278
-2644.1835
-39818.71
11179.641
-21085.525
-37709.412
356.93825
-12.830826
-43204.801
25140.071
4875.3612
-14354.018
-642.81132
10250.458
-20468.918
23500.674
16941.931
-13113.897
9785.2196
15818.879
-11934.619
16872.9
15338.097
-5483.8868
14135.707
23758.159
-5384.4946
18738.153
14123.262
-4489.4098
15111.477
16573.626
2424.1038
13610.77
20522.76
3627.1174
15547.636
18812.988
3819.3786
12552.855
18879.284
4958.0525
13998.537
18411.972
7961.8194
10991.274
19106.194
6497.337
11828.532
15906.497
6505.66
9966.9286
13752.442
9865.9081
9000.0932
13843.402
8968.9709
9480.2419
10876.266
9333.8063
10292.812
12009.058
7928.248
11196.491
10816.508
9584.3981
-273098.98
-374784.63
-330059.04
-237224.11
-207072.18
-268523
-207169.11
-320314.61
-285536.15
-267705.96
-230803.88
-297217.14
-207189.41
-258695.27
-253350.29
-197559.07
-225693.94
-250805.54
-186692.09
-214341.19
-234028.3
-165071.92
-207696.89
-208999.01
-160072.55
-178153.36
-193840.56
-144674.02
-171259.92
-177556.18
-128859.16
-152148.72
-157513.25
-117163.56
-137026.45
-140621.32
-99833.405
-125541.59
-123614.71
-90578.776
-108400.4
-109504
-76990.768
-95618.819
-94964.289
-67371.681
-80728.798
-81283.036
-54780.014
-68511.265
-68373.174
-44806.16
-55780.989
-55885.845
-35484.122
-43430.333
-42245.279
-26469.114
-31807.048
-31620.209
-20993.495
-22618.356
-24198.799
-5389.6353
-10685.798
-9585.6971
-2754.9238
-6567.1705
-4535.686
)
;

boundaryField
{
    free
    {
        type            calculated;
    }
    bottom
    {
        type            calculated;
    }
    traction
    {
        type            calculated;
    }
}


// ************************************************************************* //
