/*--------------------------------*- C++ -*----------------------------------*\
  =========                 |
  \\      /  F ield         | OpenFOAM: The Open Source CFD Toolbox
   \\    /   O peration     | Website:  https://openfoam.org
    \\  /    A nd           | Version:  6
     \\/     M anipulation  |
\*---------------------------------------------------------------------------*/
FoamFile
{
    version     2.0;
    format      ascii;
    class       pointVectorField;
    location    "3.6998626015831246";
    object      u;
}
// * * * * * * * * * * * * * * * * * * * * * * * * * * * * * * * * * * * * * //

dimensions      [0 1 0 0 0 0 0];

internalField   nonuniform List<vector> 
625
(
(0 0 0)
(0 0 0)
(0.1505267 0.036707449 -0.00081633419)
(0.14765634 -0.039540888 -0.005889632)
(0 0 0)
(0 0 0)
(0.15256621 -0.044159345 -0.0065595694)
(0.15539455 0.031661778 -0.00094855791)
(0 0 0)
(0 0 0)
(0 0 0)
(0.14951804 0.016763811 -0.0030485702)
(0.14826168 -0.0012779099 -0.003405755)
(0.14781712 -0.019366668 -0.004878674)
(-0.0014545555 -0.0023722502 -0.0014615863)
(-0.0035981332 -0.0040562401 -0.0016694325)
(-0.0061781607 -0.0053583936 -0.0019176024)
(-0.0091721279 -0.0058867542 -0.0025356813)
(-0.012099501 -0.0059413934 -0.0031202833)
(-0.014938479 -0.0052903889 -0.0039020341)
(-0.017183574 -0.0041262463 -0.0047067575)
(-0.018789208 -0.0023290673 -0.0054482565)
(-0.019471383 -0.0001618511 -0.0061099586)
(-0.01894258 0.0025420132 -0.0067052084)
(-0.017200484 0.005562315 -0.0071180125)
(-0.01390378 0.0088651502 -0.0074243403)
(-0.0090212354 0.012407557 -0.0074778179)
(-0.0024596946 0.016000089 -0.007415967)
(0.0058865137 0.019641654 -0.007106063)
(0.01599271 0.023119865 -0.0066811363)
(0.027875073 0.026631393 -0.0061571935)
(0.041403023 0.029513764 -0.0053138242)
(0.056690636 0.032195006 -0.0046577194)
(0.073230318 0.03437697 -0.0037470748)
(0.09120206 0.035972182 -0.0028770024)
(0.11001974 0.037246573 -0.002063972)
(0.12947279 0.037319158 -0.00097506898)
(-0.00022330314 0.00099909211 0.001505398)
(-0.0029980578 0.0017483766 -0.00019133857)
(-0.0057274197 0.0023648056 -0.0013449197)
(-0.0089101774 0.0024320707 -0.0032465394)
(-0.012125387 0.0021334945 -0.0050386641)
(-0.015153069 0.0015470307 -0.0069348879)
(-0.017512524 0.00052569139 -0.0087840603)
(-0.019355054 -0.00079229658 -0.010544929)
(-0.020112153 -0.0023728217 -0.012177015)
(-0.019780701 -0.0042953017 -0.013612135)
(-0.01814466 -0.0064524595 -0.014816286)
(-0.014989004 -0.0088120377 -0.015666887)
(-0.010235413 -0.011453964 -0.016340865)
(-0.0038627299 -0.014163814 -0.016648211)
(0.004320347 -0.017067511 -0.016675239)
(0.014213627 -0.020009101 -0.016382569)
(0.025941092 -0.023057632 -0.015803292)
(0.039255351 -0.026179537 -0.015011909)
(0.054330235 -0.028950118 -0.01386237)
(0.070654286 -0.031843993 -0.012630954)
(0.088508517 -0.034390337 -0.011089253)
(0.10731037 -0.036576801 -0.0095591623)
(0.12695554 -0.038309051 -0.0079784954)
(0 0 0)
(0 0 0)
(0 0 0)
(-0.001351058 0.0014518849 -0.0016805449)
(-0.0034819511 0.005069286 -0.0024494646)
(-0.0055642526 0.0049384682 -0.0026685219)
(-0.0084143295 0.006408229 -0.0035683882)
(-0.011087651 0.0064228698 -0.0046070686)
(-0.013663261 0.0059385532 -0.005534597)
(-0.015608447 0.004928648 -0.0066135483)
(-0.016891309 0.003379698 -0.0076664502)
(-0.017326268 0.0012517681 -0.0085368572)
(-0.016624169 -0.0011615474 -0.0093963098)
(-0.014600853 -0.0041301446 -0.010067995)
(-0.011228515 -0.007254484 -0.010521644)
(-0.0062009305 -0.010782541 -0.01088961)
(0.00039376721 -0.014409949 -0.011005716)
(0.0087088523 -0.018171793 -0.010958915)
(0.018755559 -0.022020766 -0.010732233)
(0.030512217 -0.025773714 -0.010380178)
(0.043949181 -0.029456035 -0.0098929713)
(0.058941431 -0.032948248 -0.0092787333)
(0.075450812 -0.036124613 -0.0086811294)
(0.093183976 -0.039028274 -0.0079837521)
(0.11215266 -0.041232551 -0.007374145)
(0.13170789 -0.043298431 -0.0067195543)
(0.15292788 -0.024126272 -0.0051667981)
(0.15298921 -0.0063581266 -0.0034542569)
(0.1543418 0.011273684 -0.0015701948)
(0.1345032 0.032450491 -0.0031132961)
(0.11445709 0.032105854 -0.0047218653)
(0.095643216 0.031092712 -0.0062547354)
(0.077256058 0.030006552 -0.007959313)
(0.06042017 0.028228225 -0.0093549657)
(0.044979605 0.026189032 -0.010686267)
(0.031164801 0.023856073 -0.011671559)
(0.0190373 0.021302 -0.012509136)
(0.0087143878 0.018628096 -0.012986512)
(0.00013422373 0.015922877 -0.013226432)
(-0.0065964592 0.013134951 -0.013122518)
(-0.011736831 0.010608183 -0.012854669)
(-0.015101968 0.0080259764 -0.012029379)
(-0.017058367 0.0057499678 -0.011148292)
(-0.017678688 0.0036843949 -0.0099950205)
(-0.017116259 0.0019241096 -0.0086332842)
(-0.015612882 0.00040715862 -0.0071323558)
(-0.013390752 -0.00064709676 -0.0055714236)
(-0.010646556 -0.0015437675 -0.0038907649)
(-0.0077250616 -0.0018012661 -0.0024522032)
(-0.0047159186 -0.0020438699 -0.0008883458)
(-0.002167256 -0.001551455 0.00028113653)
(-0.00056140705 -0.0012177962 0.0009292518)
(0 0 0)
(0 0 0)
(0 0 0)
(0 0 0)
(0 0 0)
(0 0 0)
(0.14887051 -0.041065999 -0.0064319109)
(0.15027835 -0.042346223 -0.0060678785)
(0.1513199 -0.043633 -0.006364838)
(0.1521478 0.035989625 -0.00085229818)
(0.15332835 0.034555055 -0.00097905106)
(0.1546018 0.03360252 -0.0010486543)
(-0.00061995101 -0.0011213865 -0.0013286954)
(-0.003179395 -0.0020946775 -0.0011804525)
(-0.0058065677 -0.0028953966 -0.0019245099)
(-0.0091098249 -0.0032310072 -0.0026381845)
(-0.01223094 -0.0033346821 -0.0035458452)
(-0.015311876 -0.0030217392 -0.0045482791)
(-0.017725336 -0.002347792 -0.0055455744)
(-0.019563619 -0.0014168002 -0.0064993412)
(-0.020372611 -0.00014864453 -0.0074151034)
(-0.020065771 0.001357802 -0.008188528)
(-0.01844678 0.0030893935 -0.008790643)
(-0.015213123 0.0049290279 -0.0091992361)
(-0.010456743 0.0068861587 -0.0094293211)
(-0.0039455142 0.0088513386 -0.0094711513)
(0.0043308835 0.010768586 -0.0092411611)
(0.014410955 0.01264713 -0.0089751195)
(0.026245234 0.014242679 -0.0082989708)
(0.039846748 0.015760785 -0.0076733953)
(0.0551868 0.016893474 -0.0069009424)
(0.071801206 0.017672762 -0.0059145372)
(0.089928432 0.018144427 -0.0050998768)
(0.10887605 0.018332638 -0.0041941594)
(0.12893717 0.01740646 -0.0031825385)
(-0.00037050439 -0.00062973717 -0.00033383557)
(-0.0028306256 -0.001002229 -0.0010207489)
(-0.0056968785 -0.0014480889 -0.0018898257)
(-0.0089031948 -0.0017134731 -0.0030049892)
(-0.012254612 -0.001882363 -0.0041598584)
(-0.015322027 -0.0018422103 -0.0054734095)
(-0.017877336 -0.001791684 -0.0067207996)
(-0.019769169 -0.0015172455 -0.0079597721)
(-0.020644453 -0.0012448568 -0.0091019663)
(-0.020370365 -0.00084236585 -0.0099932019)
(-0.018787013 -0.00042745544 -0.010866658)
(-0.015649071 3.4578128e-05 -0.011397467)
(-0.010950025 0.00049470088 -0.011772868)
(-0.0044802904 0.00095557536 -0.011883485)
(0.0037398773 0.0012807983 -0.011737297)
(0.013781299 0.001625371 -0.011461895)
(0.025645527 0.0016775944 -0.010734626)
(0.039134541 0.0018333932 -0.010185456)
(0.054277155 0.0016018367 -0.0091192437)
(0.070829138 0.0012764982 -0.0080722882)
(0.088966582 0.00080777659 -0.0070394663)
(0.10807365 9.06236e-05 -0.0057248218)
(0.12835944 -0.00053603808 -0.0046612399)
(-5.884907e-05 -0.00022064854 0.00019161253)
(-0.0027745621 -0.00039527327 -0.00071256902)
(-0.0054936277 -0.00035412182 -0.0016804349)
(-0.008937489 -0.00052589028 -0.0030894549)
(-0.012234387 -0.00058125389 -0.0045324804)
(-0.015355868 -0.00094980157 -0.0061005573)
(-0.017934742 -0.0012718251 -0.0076098851)
(-0.019847939 -0.0017386909 -0.0091233691)
(-0.020721047 -0.0023741639 -0.010398278)
(-0.020556593 -0.002996799 -0.011649337)
(-0.018933924 -0.0037427523 -0.012623395)
(-0.015846464 -0.004626159 -0.013336544)
(-0.011163226 -0.0055474464 -0.013843783)
(-0.0047138418 -0.0066080539 -0.014056284)
(0.0034291855 -0.0077418338 -0.014011722)
(0.013479155 -0.0089621501 -0.013706066)
(0.025145156 -0.010292038 -0.013137322)
(0.038719969 -0.011617733 -0.01242517)
(0.0538175 -0.013089651 -0.011379252)
(0.070594814 -0.014441781 -0.010368825)
(0.088633302 -0.015972937 -0.0090997362)
(0.10767359 -0.017180304 -0.0077990289)
(0.12764433 -0.018445591 -0.0063470979)
(0 0 0)
(0 0 0)
(0 0 0)
(0 0 0)
(0 0 0)
(0 0 0)
(0 0 0)
(0 0 0)
(0 0 0)
(-0.0010163236 0.00058645228 0.00063345934)
(-0.0013806174 0.00095426599 0.00013243014)
(-0.0014653519 0.00082785777 -0.00050470416)
(-0.0036135557 0.0032015128 -0.00058052535)
(-0.0036729186 0.0036054208 -0.0010091548)
(-0.0038547823 0.0039492596 -0.001672309)
(-0.005828679 0.0033973259 -0.00171687)
(-0.0059691943 0.0037218387 -0.0018703406)
(-0.0059359104 0.004480415 -0.0024003306)
(-0.0088593439 0.0038280686 -0.0033033353)
(-0.0087402848 0.0046639682 -0.0033734093)
(-0.0084767855 0.005228821 -0.0034284949)
(-0.011763109 0.0036617583 -0.0049184616)
(-0.011383028 0.0043766684 -0.0046675895)
(-0.011362244 0.0053977309 -0.0046499612)
(-0.014358695 0.0030055355 -0.0066012004)
(-0.014047526 0.0039693221 -0.0062870096)
(-0.013578159 0.0047920007 -0.0058547104)
(-0.016609271 0.0019873367 -0.0082806245)
(-0.015943142 0.0028228075 -0.0076992405)
(-0.015670915 0.0038162931 -0.0071379187)
(-0.018091242 0.00059396561 -0.0098563262)
(-0.017378037 0.0015012557 -0.0091978569)
(-0.016904435 0.0023341395 -0.0084128637)
(-0.018605666 -0.001187402 -0.01131995)
(-0.017761266 -0.0004770123 -0.010487417)
(-0.017231855 0.00032864315 -0.0094722926)
(-0.01813042 -0.0032460516 -0.012610856)
(-0.017132971 -0.0026017092 -0.011657917)
(-0.016522868 -0.0019688312 -0.010473274)
(-0.016253723 -0.0056869874 -0.013686463)
(-0.015089899 -0.0052620962 -0.012546601)
(-0.014471569 -0.004718162 -0.011280946)
(-0.012897684 -0.0084098602 -0.014467311)
(-0.011794317 -0.0080135736 -0.013323671)
(-0.011085108 -0.0076625528 -0.011827984)
(-0.0081155047 -0.011161563 -0.015037253)
(-0.0068292083 -0.011037791 -0.013790047)
(-0.0060815647 -0.010977985 -0.012280178)
(-0.0015668869 -0.014249928 -0.015280446)
(-0.00028370622 -0.014338627 -0.0140301)
(0.00053321442 -0.014410066 -0.012433697)
(0.0066118253 -0.017408396 -0.015274112)
(0.0079736518 -0.017670996 -0.014015283)
(0.0088105628 -0.017946166 -0.012382219)
(0.016579297 -0.020666663 -0.015001572)
(0.017926626 -0.021113344 -0.013726425)
(0.018821185 -0.021592566 -0.012136937)
(0.028190531 -0.023936975 -0.014427141)
(0.02959185 -0.024535906 -0.013255686)
(0.030503897 -0.025203899 -0.011704473)
(0.041460866 -0.027045071 -0.013706198)
(0.042915137 -0.027940485 -0.012589174)
(0.043845941 -0.02872166 -0.011121399)
(0.056361026 -0.030257351 -0.012702287)
(0.057776939 -0.031134719 -0.011676528)
(0.05873394 -0.032082752 -0.010373518)
(0.072681714 -0.033066054 -0.011604787)
(0.074098496 -0.034175583 -0.010703318)
(0.075074272 -0.035217762 -0.0096086815)
(0.090292172 -0.035768581 -0.010361683)
(0.091649604 -0.036907256 -0.0095521442)
(0.092651775 -0.037961154 -0.008731597)
(0.10894054 -0.037975068 -0.0090385783)
(0.11034026 -0.039158066 -0.0084691857)
(0.1114458 -0.040422336 -0.0079314777)
(0.12844093 -0.039934344 -0.0076630626)
(0.1296756 -0.041085853 -0.0073973273)
(0.13085665 -0.042197534 -0.007051156)
(0.1512429 0.015873425 -0.0023052353)
(0.15237131 0.014644161 -0.0022386437)
(0.15361004 0.013372175 -0.0020293273)
(0.14936869 -0.0026440073 -0.0033623237)
(0.15095962 -0.0038236765 -0.0035493695)
(0.15179778 -0.0051908905 -0.0035736795)
(0.14932649 -0.020938152 -0.0049905769)
(0.15077313 -0.022114765 -0.0050056579)
(0.15168226 -0.023228441 -0.0049434443)
(-0.0020303331 -0.0020396497 -0.00057296295)
(-0.0015880709 -0.0017824544 1.4929365e-05)
(-0.001463584 -0.0014866316 0.0005209457)
(-0.0038075548 -0.0034920386 -0.00087352138)
(-0.0034362095 -0.0028057862 -0.00046659675)
(-0.0030533329 -0.0024739376 0.00011877029)
(-0.0061542313 -0.0046197507 -0.0015337924)
(-0.0057618872 -0.0038717182 -0.0011711432)
(-0.0054005734 -0.0032124829 -0.00098982105)
(-0.0088706878 -0.0050247065 -0.002315939)
(-0.008554286 -0.0040375583 -0.0022377857)
(-0.0080766989 -0.0031883475 -0.0022878853)
(-0.0116505 -0.005010343 -0.003260155)
(-0.011251041 -0.0038747849 -0.0033778861)
(-0.010876917 -0.0028887217 -0.0036502416)
(-0.014251646 -0.0042364653 -0.0042521665)
(-0.013816093 -0.003100337 -0.0046292659)
(-0.013398353 -0.0020903933 -0.0051630139)
(-0.016264523 -0.0031291989 -0.0053561766)
(-0.015865795 -0.0020123847 -0.005834892)
(-0.015447775 -0.00092338179 -0.0065743563)
(-0.017748651 -0.001402993 -0.0062807898)
(-0.017251979 -0.00032407252 -0.0069958185)
(-0.016841284 0.00068802958 -0.0079391062)
(-0.018188719 0.00065960313 -0.0071824792)
(-0.017650061 0.0016359377 -0.0080700164)
(-0.017243144 0.0026014143 -0.0091840701)
(-0.017592971 0.0032194134 -0.0079378821)
(-0.016980581 0.0041131804 -0.0089582834)
(-0.016610279 0.0049298555 -0.01024713)
(-0.015716557 0.0061189628 -0.0084345353)
(-0.014937141 0.0067083271 -0.0098395429)
(-0.014498153 0.007311836 -0.011012541)
(-0.012143547 0.0092045031 -0.0089635707)
(-0.011509242 0.0095510365 -0.010068229)
(-0.011107446 0.010159902 -0.0117949)
(-0.00723869 0.012481411 -0.0090770194)
(-0.006456551 0.012688204 -0.010448377)
(-0.0060030416 0.013117864 -0.012007791)
(-0.00052858226 0.01589436 -0.0090674747)
(0.00026368428 0.01590806 -0.010431168)
(0.00079127096 0.016051925 -0.012052654)
(0.0078475323 0.019314335 -0.0087827511)
(0.0087341052 0.01910488 -0.010182324)
(0.0093044468 0.019022825 -0.011807391)
(0.01802876 0.022665977 -0.0083649548)
(0.018994854 0.022130027 -0.0097261723)
(0.019555088 0.021970636 -0.011343979)
(0.029968476 0.025689019 -0.0076733101)
(0.030837051 0.025260742 -0.0089971064)
(0.031584907 0.024724446 -0.010532334)
(0.043385124 0.028672426 -0.006881158)
(0.04459623 0.027833845 -0.0081594575)
(0.045274036 0.027241283 -0.0096205866)
(0.058651527 0.031226864 -0.0060006621)
(0.059733283 0.030268715 -0.0070791028)
(0.060497901 0.029508106 -0.0083837696)
(0.075116581 0.033270626 -0.0049300011)
(0.076305649 0.032350857 -0.0059580409)
(0.077179418 0.031343695 -0.0071227592)
(0.093018479 0.035039004 -0.0039212951)
(0.094316054 0.033717236 -0.0047844115)
(0.095113546 0.032749421 -0.0055548594)
(0.11176428 0.035766163 -0.0029034147)
(0.11303133 0.034697403 -0.003437729)
(0.11401755 0.033599732 -0.0040962868)
(0.1315373 0.036686893 -0.0015470104)
(0.13261509 0.03521392 -0.0020966972)
(0.13389777 0.03405809 -0.0023767332)
(-7.9010191e-05 6.4020963e-05 0.00016835192)
(-0.0021291744 0.00012165325 -0.00063912912)
(-0.0046290039 0.00061921668 -0.0017199536)
(-0.0078484811 0.00080652891 -0.002823825)
(-0.010821858 0.0012138722 -0.0042278013)
(-0.013705713 0.00172107 -0.0056124285)
(-0.016083549 0.0022740299 -0.0070105829)
(-0.017702043 0.0030143076 -0.0083475757)
(-0.018346658 0.0037689968 -0.009532647)
(-0.017871183 0.0046717748 -0.010586447)
(-0.015968672 0.005625807 -0.011430087)
(-0.012698707 0.0066792526 -0.011984847)
(-0.0076842418 0.0076420634 -0.012399704)
(-0.00101239 0.0086966831 -0.012418304)
(0.0075127375 0.0097146191 -0.012259108)
(0.017748008 0.010662661 -0.01182083)
(0.029832994 0.011491161 -0.011126771)
(0.04363075 0.012201823 -0.010239079)
(0.059007924 0.012767121 -0.0091436786)
(0.075955408 0.013030797 -0.0079495732)
(0.094184157 0.013094513 -0.0065810985)
(0.11334912 0.012931625 -0.0051276674)
(0.13365107 0.012190105 -0.0035324082)
(-1.0487693e-05 0.0003819897 -0.00055093482)
(-0.0025781025 0.0011236611 -0.00118171)
(-0.0049568342 0.001659647 -0.0019643474)
(-0.008226291 0.0021972007 -0.003133649)
(-0.01101665 0.002329676 -0.0042245257)
(-0.013942542 0.0026211551 -0.0055528136)
(-0.016192374 0.0025926405 -0.0068164489)
(-0.017772976 0.0025733329 -0.0080125889)
(-0.018388625 0.0023886275 -0.0091625969)
(-0.017867204 0.0022391393 -0.01011903)
(-0.015987602 0.0018509951 -0.010887501)
(-0.012661227 0.0016053802 -0.011482888)
(-0.0076974554 0.0011300655 -0.011851602)
(-0.001012973 0.00068047824 -0.011900412)
(0.0074268052 0.00022093425 -0.011848043)
(0.017650074 -0.00039195149 -0.011467008)
(0.029648108 -0.00096091438 -0.010891957)
(0.043363627 -0.0016211975 -0.010193583)
(0.058716173 -0.0023218026 -0.0092499145)
(0.075542475 -0.0031561698 -0.0082916955)
(0.093789606 -0.0037431703 -0.0070596096)
(0.11286665 -0.0047392723 -0.0059951515)
(0.13366332 -0.005560237 -0.0048255873)
(-9.8584552e-05 0.00090365729 -0.0012579052)
(-0.0029606699 0.0018429512 -0.0016954553)
(-0.0052271564 0.003447186 -0.0027939354)
(-0.0081900714 0.0033579033 -0.0033525761)
(-0.011070522 0.0040318599 -0.0045216464)
(-0.013907694 0.0038475774 -0.0056351024)
(-0.016063468 0.0034162003 -0.0066729304)
(-0.017663389 0.0027323397 -0.0078113863)
(-0.018204675 0.0017278805 -0.0087791839)
(-0.017681263 0.00043780457 -0.0096179882)
(-0.015783419 -0.0010044914 -0.010343534)
(-0.012468235 -0.0027157217 -0.01083796)
(-0.0075168323 -0.0045070144 -0.01114342)
(-0.00086560214 -0.0064844311 -0.011264017)
(0.0074743876 -0.0085053571 -0.011169947)
(0.017637384 -0.010603713 -0.010859804)
(0.029551026 -0.012698332 -0.010404648)
(0.04316295 -0.014770527 -0.0098080729)
(0.058399447 -0.016808537 -0.0090608415)
(0.075168837 -0.018665262 -0.008225797)
(0.093145883 -0.020406943 -0.0073616744)
(0.11247833 -0.021982483 -0.0066120557)
(0.13234671 -0.023081907 -0.0055577684)
(-0.0008640201 -0.00032263094 -0.00046424967)
(-0.00063549041 -0.00027671232 -0.00014849699)
(-0.00061098729 -9.2405181e-05 0.00011335816)
(-0.0033143867 -0.001665869 -0.00082191394)
(-0.0031950247 -0.0010424067 -0.00060950716)
(-0.0028046637 -0.00073055688 -0.00045970785)
(-0.0058046063 -0.0020376497 -0.0015939335)
(-0.0054177831 -0.0013004886 -0.0015506224)
(-0.0051952379 -0.0006158347 -0.0015715355)
(-0.0088009305 -0.0023670978 -0.0025387336)
(-0.0085661957 -0.0014307069 -0.0026284412)
(-0.0081541168 -0.0005594776 -0.0027128026)
(-0.011812637 -0.0022631218 -0.0035761814)
(-0.011375171 -0.0012095871 -0.0037739867)
(-0.011090633 -0.00020834337 -0.0040221578)
(-0.014564527 -0.0019189874 -0.0047891189)
(-0.014141808 -0.000813649 -0.0051025541)
(-0.01375873 0.00019742497 -0.0053785895)
(-0.016857563 -0.0012641769 -0.0059167092)
(-0.01633517 -0.0002105072 -0.006345851)
(-0.015946693 0.00087270662 -0.0067216916)
(-0.018470031 -0.00036481126 -0.0070264297)
(-0.017893482 0.00069467901 -0.0075421176)
(-0.017483694 0.0016476909 -0.0080404344)
(-0.019088918 0.00080337056 -0.0080664671)
(-0.018445304 0.0017073896 -0.0086589859)
(-0.018017097 0.002626819 -0.0091856554)
(-0.018648592 0.0021795692 -0.0089532789)
(-0.017899082 0.0029651106 -0.0096017887)
(-0.017453215 0.0036353149 -0.010209385)
(-0.016780149 0.0036422197 -0.0096911882)
(-0.015959872 0.0041896426 -0.010356644)
(-0.015534366 0.0048856121 -0.010960847)
(-0.013490547 0.0052706233 -0.010141861)
(-0.01261579 0.0057372045 -0.010902597)
(-0.012188494 0.0060303402 -0.011606472)
(-0.008595437 0.0070201687 -0.010422721)
(-0.0077117394 0.0072789428 -0.011210411)
(-0.0071494055 0.0074928404 -0.011909122)
(-0.0020092828 0.0087371376 -0.010475347)
(-0.001054575 0.0088257866 -0.011266379)
(-0.00046799169 0.0086839523 -0.011974349)
(0.0063173457 0.010473408 -0.010315631)
(0.0073629652 0.010242123 -0.011068414)
(0.0079553383 0.01000602 -0.011794258)
(0.016464911 0.012047281 -0.0098948457)
(0.017520504 0.011713902 -0.010694403)
(0.018186071 0.011216676 -0.011338249)
(0.028365064 0.013547251 -0.0093947845)
(0.029387491 0.012989465 -0.0099979719)
(0.030135652 0.012280649 -0.010702675)
(0.041789243 0.014824742 -0.0084901285)
(0.043086011 0.01400009 -0.0092534925)
(0.043815722 0.01319323 -0.0098023213)
(0.057066865 0.015836722 -0.0076912893)
(0.058238289 0.015006616 -0.0082246818)
(0.05902858 0.013988146 -0.0087716372)
(0.0735708 0.016601176 -0.0066459474)
(0.074860332 0.015530876 -0.0071193794)
(0.0757583 0.014384059 -0.0076270197)
(0.091574259 0.017039277 -0.0056581018)
(0.092917372 0.015787869 -0.0059618122)
(0.093827878 0.014620549 -0.0062959001)
(0.11054994 0.01696277 -0.0045622171)
(0.1117696 0.0158906 -0.0045471845)
(0.11274495 0.01459172 -0.0049835796)
(0.13039036 0.016443081 -0.0033105604)
(0.13159325 0.015155643 -0.0033543156)
(0.13283184 0.013877987 -0.0033469313)
(-0.0007454801 -0.00016892006 -7.9147566e-05)
(-0.00061511787 -0.00019240292 2.2303082e-07)
(-0.00061920682 -2.6439021e-05 -0.00015452098)
(-0.0030842469 -0.00044437721 -0.00079761999)
(-0.0030884442 -4.1209285e-05 -0.00081939595)
(-0.0028080536 0.00044022517 -0.00096796419)
(-0.0057489076 -0.00062064375 -0.0017286816)
(-0.0055001506 5.682385e-05 -0.0019292078)
(-0.0053579945 0.00074889757 -0.0018401755)
(-0.0087786721 -0.0006097438 -0.0029217514)
(-0.0086577575 0.0002485959 -0.0029451593)
(-0.0082871344 0.0011909252 -0.0029542121)
(-0.011894259 -0.00076756265 -0.0041847933)
(-0.011437616 0.00025776637 -0.0042559616)
(-0.011176376 0.0012299109 -0.0042328257)
(-0.014699793 -0.00064527038 -0.0055269598)
(-0.014276323 0.0004158743 -0.0055417252)
(-0.013893203 0.0014415945 -0.0055515617)
(-0.01707918 -0.00060554014 -0.0068569657)
(-0.016397059 0.00041136781 -0.0068866604)
(-0.016134484 0.0015036361 -0.0068884701)
(-0.018714194 -0.00043807545 -0.0081603522)
(-0.017995847 0.00057229266 -0.00810174)
(-0.017675339 0.0015554092 -0.0081388215)
(-0.019421073 -0.00023629227 -0.0093169954)
(-0.018557042 0.00057202745 -0.0092763093)
(-0.018209818 0.0014726763 -0.009321051)
(-0.018979332 -7.7475487e-05 -0.01032669)
(-0.017993816 0.00065933428 -0.010217913)
(-0.017705152 0.001510636 -0.010313936)
(-0.017155147 0.00021628815 -0.011138179)
(-0.016197519 0.00077334415 -0.011055141)
(-0.015766803 0.0013439107 -0.011147137)
(-0.013963786 0.00046851164 -0.011734002)
(-0.012819573 0.00076349731 -0.011647406)
(-0.01245999 0.0012414141 -0.01169877)
(-0.0090998641 0.00070514357 -0.012141009)
(-0.0079218318 0.00083982374 -0.011950395)
(-0.0075082677 0.0010524575 -0.012098003)
(-0.0025714746 0.00089239855 -0.012237749)
(-0.0012838008 0.00074475203 -0.012092415)
(-0.00087447653 0.00075690887 -0.012178715)
(0.0057476332 0.0010290962 -0.012121305)
(0.0070188442 0.00069275742 -0.011888285)
(0.0075390006 0.00051757645 -0.012068539)
(0.015792916 0.001062788 -0.011753794)
(0.017177141 0.00053963224 -0.0115992)
(0.017657586 0.00013799359 -0.011709566)
(0.027623497 0.00099562811 -0.011138017)
(0.02895524 0.00029130322 -0.010900226)
(0.029588136 -0.00032555484 -0.011088982)
(0.041172196 0.0008076491 -0.010369025)
(0.042552997 -2.2633445e-05 -0.010202277)
(0.043199999 -0.00078935158 -0.010366653)
(0.05633441 0.00047138647 -0.0093340921)
(0.057675859 -0.00044433996 -0.0092790614)
(0.058373332 -0.001363845 -0.0093684521)
(0.072966645 6.6344532e-05 -0.0082019024)
(0.074178982 -0.00098566273 -0.0082048198)
(0.075163972 -0.002113399 -0.008350745)
(0.090903826 -0.00048300218 -0.007111927)
(0.092336418 -0.0015167283 -0.0071147121)
(0.093111896 -0.0026973388 -0.0070953938)
(0.10976896 -0.0011951784 -0.0058436448)
(0.1109997 -0.0023136727 -0.005839245)
(0.11200522 -0.0036816849 -0.0060282414)
(0.1298669 -0.0018253189 -0.0047187575)
(0.13132533 -0.0030196561 -0.0046887995)
(0.1323415 -0.0041960799 -0.0047920589)
(-0.00050994986 0.00012688936 0.00017443758)
(-0.000384817 0.00023660396 -0.00032916384)
(-0.00058005103 0.00040111805 -0.00055263658)
(-0.0032295248 0.00053031087 -0.00070372401)
(-0.003318105 0.00059660897 -0.00098312787)
(-0.0033000635 0.0012457484 -0.0012881447)
(-0.0057198385 0.00076479751 -0.0017269463)
(-0.0055456835 0.0016411473 -0.0019130564)
(-0.0055950229 0.0024265852 -0.0021776367)
(-0.0088656246 0.00097121878 -0.0030079859)
(-0.0086112859 0.0016303181 -0.0031104826)
(-0.0085467979 0.0025894382 -0.0032194662)
(-0.01185739 0.00083050608 -0.0044195551)
(-0.01145129 0.0018424811 -0.0043889391)
(-0.011320494 0.0028201948 -0.0043553623)
(-0.014698755 0.00065938031 -0.0059019379)
(-0.014221916 0.0016350593 -0.0057749377)
(-0.013989712 0.0027054794 -0.0056649048)
(-0.017012349 0.0002348356 -0.0073776815)
(-0.016366716 0.0012048757 -0.0071476499)
(-0.016114379 0.0022899037 -0.0068961768)
(-0.01862461 -0.00033163234 -0.0088114842)
(-0.017995862 0.00065251789 -0.0084493525)
(-0.017575318 0.001595347 -0.0081232806)
(-0.019296818 -0.0010710528 -0.010054199)
(-0.018494024 -0.00020978246 -0.0096815334)
(-0.018057384 0.00074065594 -0.0092633076)
(-0.018852988 -0.0018815005 -0.011261476)
(-0.01802874 -0.0011049201 -0.010730147)
(-0.01747709 -0.00041673508 -0.010201698)
(-0.017080888 -0.0028876241 -0.01217291)
(-0.016131536 -0.0023210579 -0.011583792)
(-0.015515091 -0.0017134159 -0.011040508)
(-0.01383403 -0.0039939642 -0.012853418)
(-0.012816809 -0.0035700576 -0.012240664)
(-0.012184864 -0.0032015653 -0.011631945)
(-0.0090014411 -0.0052127539 -0.013350109)
(-0.0079622415 -0.0050230713 -0.012657401)
(-0.0072149825 -0.0048384887 -0.011993094)
(-0.0024822559 -0.0065538651 -0.013527587)
(-0.0013852312 -0.0065288041 -0.012814743)
(-0.00058987986 -0.0065638019 -0.012141881)
(0.0057710111 -0.0079752007 -0.013492054)
(0.0068749133 -0.0081458701 -0.012746812)
(0.0077765863 -0.0084124431 -0.01208477)
(0.015782539 -0.0094518397 -0.0131574)
(0.016955044 -0.0098705598 -0.012458596)
(0.017847691 -0.010294112 -0.011777076)
(0.027554859 -0.011079714 -0.012643966)
(0.028683598 -0.011558917 -0.011907708)
(0.029698578 -0.012233839 -0.011284775)
(0.040947526 -0.012594003 -0.011930023)
(0.042233212 -0.013390982 -0.011260617)
(0.043223182 -0.014141506 -0.010656066)
(0.056056418 -0.014314962 -0.010964975)
(0.057212132 -0.01509749 -0.010349149)
(0.058276559 -0.016055447 -0.0098255362)
(0.072451518 -0.015854472 -0.0099522051)
(0.073858966 -0.016774641 -0.0094482071)
(0.074918089 -0.017842188 -0.0089135775)
(0.090218236 -0.017309195 -0.0088306351)
(0.091639862 -0.018447385 -0.0083142679)
(0.092599744 -0.019576042 -0.007927057)
(0.10925928 -0.018756093 -0.0074814355)
(0.11061772 -0.019928479 -0.0072061012)
(0.11173901 -0.020966532 -0.0069043495)
(0.12897249 -0.019940913 -0.0062112553)
(0.13025453 -0.020978142 -0.0060498424)
(0.13142156 -0.022346091 -0.0060325484)
)
;

boundaryField
{
    free
    {
        type            calculated;
    }
    bottom
    {
        type            calculated;
    }
    traction
    {
        type            calculated;
    }
}


// ************************************************************************* //
