/*--------------------------------*- C++ -*----------------------------------*\
  =========                 |
  \\      /  F ield         | OpenFOAM: The Open Source CFD Toolbox
   \\    /   O peration     | Website:  https://openfoam.org
    \\  /    A nd           | Version:  6
     \\/     M anipulation  |
\*---------------------------------------------------------------------------*/
FoamFile
{
    version     2.0;
    format      ascii;
    class       pointScalarField;
    location    "0.199903";
    object      p;
}
// * * * * * * * * * * * * * * * * * * * * * * * * * * * * * * * * * * * * * //

dimensions      [1 -1 -2 0 0 0 0];

internalField   nonuniform List<scalar> 
625
(
-9844.9
-14222.388
7088.7439
12623.338
21732.909
27881.065
9160.0816
-4363.7334
10031.65
-10182.272
-32849.338
-18823.89
246.06754
3600.6896
7929.6985
12337.978
23549.898
32226.137
40294.079
49452.844
56599.59
65377.54
73779.017
82725.408
88483.795
91222.678
97752.199
99250.297
99605.171
99428.067
93582.263
87375.504
78496.392
67574.394
52731.655
37741.788
25598.326
-3867.2565
-19077.766
-26281.62
-38652.965
-43537.842
-51544.894
-60299.552
-64621.286
-73727.244
-79255.373
-84044.139
-86765.969
-92289.522
-92583.575
-93728.048
-91990.909
-86410.64
-84676.292
-73382.256
-66200.465
-55105.558
-33124.423
-18256.551
33448.933
12149.996
-21220.072
-2299.2714
-20451.178
-30689.865
-44297.313
-51795.278
-54008.946
-70379.526
-81081.233
-87892.175
-96117.996
-101999.88
-108997.16
-114088.9
-113712.55
-113813.12
-110894.68
-104400.09
-95962.592
-83971.741
-69315.628
-52020.25
-33891.602
-13654.45
10011.206
-4478.5446
-7705.48
26310.191
32192.7
55493.52
66426.856
82677.515
94330.602
102015.81
108445.84
109379.06
110018.88
110405.55
107841.65
97283.026
94068.66
84835.026
77572.791
68006.585
57805.779
52494.034
43432.005
34879.707
23854.129
17141.382
-5201.0797
-4378.6108
-8894.6312
643.25932
3763.993
18047.307
17699.603
17227.582
18564.87
-8389.7922
-1571.3391
-7848.1349
6662.2569
10670.163
17500.202
23295.491
28314.029
33860.524
40249.728
44683.754
49768.185
52396.644
54640.761
60756.103
61911.719
61964.228
62367.374
58155.405
55010.55
50362.672
40342.442
31887.836
22541.586
12724.22
13167.906
-1430.7898
-6247.0284
-5700.5212
-6671.8915
-7200.7009
-8384.3872
-8994.3561
-10014.922
-10017.659
-10371.892
-10142.336
-11187.029
-12119.917
-12068.234
-11242.287
-12012.995
-8660.5794
-8750.6273
-4070.6739
795.33508
1792.0999
3604.2334
2131.3078
-10440.893
-16253.131
-20906.385
-27708.492
-30705.32
-38067.508
-40618.866
-46231.938
-48383.549
-51820.134
-56780.097
-58563.027
-59525.365
-59827.769
-58480.069
-56582.18
-52903.187
-47199.27
-39038.458
-34172.79
-25322.48
-20418.148
-5062.8344
9699.0833
14100.025
19919.638
-4131.0594
-8981.0057
-5445.6659
-35417.911
-22390.913
-19952.815
-853.0494
-956.01488
2246.6696
-29235.351
-27612.703
-27765.771
-31377.228
-27655.534
-29783.596
-42600.979
-40207.486
-42267.474
-49146.908
-45649.275
-47716.568
-57751.171
-55013.265
-59927.637
-65435.365
-62821.281
-64772.523
-73624.744
-70507.519
-75512.314
-80480.155
-77682.076
-82528.553
-85651.548
-84563.97
-90586.173
-90574.128
-91133.903
-96891.956
-98524.539
-94729.881
-99918.641
-100507.02
-99109.994
-105347.12
-103629.62
-100446.82
-107779.09
-102994.84
-100174.52
-107411.65
-100791.9
-98194.006
-104670.21
-96229.236
-92724.801
-98796.299
-85420.947
-85250.214
-89871.628
-75789.915
-75097.863
-78520.625
-62429.012
-62446.454
-63546.448
-45759.34
-46048.099
-45368.671
-29558.16
-30315.035
-32242.879
-16515.099
-13490.579
-13833.992
-18976.438
-22211.259
-24148.543
5303.866
-1570.5383
-1160.0746
10571.562
11480.337
10318.647
9507.0387
9645.5531
12091.192
21732.046
16919.511
23054.904
32637.527
25216.337
32867.151
41670.991
34974.687
42182.782
50991.314
41010.471
47706.596
59305.128
50629.001
59843.528
69882.28
57399.162
65858.034
78437.958
65106.578
74704.151
87153.807
72896.896
82240.834
92197.145
80315.47
88601.117
97237.957
87160.898
96551.142
107000.15
91345.891
94901.488
109748.74
94790.291
103783.67
112523.78
97635.794
106954.5
112945.99
97924.945
107067.32
109645.83
96997.542
104756.78
103375.34
91393.077
100765.54
93069.305
87413.551
92331.99
82461.152
76457.365
81054.29
67613.653
63626.683
67509.559
50333.971
50112.83
51156.009
34565.187
36469.429
33387.317
26829.98
29676.162
28884.138
13166.747
17678.877
16770.915
22376.997
28159.498
34838.48
38166.487
43213.908
47151.189
51105.128
53572.098
58760.864
61214.726
59503.796
60621.808
57983.026
54507.949
50067.881
43869.326
38415.175
25554.891
21683.457
10467.799
-1966.1955
1188.4299
-2869.2689
3650.3401
331.97677
2919.6406
2694.3208
3068.9801
4881.5271
4478.5037
6108.637
5931.3659
6499.4854
8087.7187
10039.241
9691.4313
11073.496
12122.066
11346.148
10164.761
9821.7791
7591.0565
7812.9037
-2613.7447
-949.63336
-11018.253
-13521.165
-22659.075
-27982.998
-35266.6
-37740.134
-44676.127
-48344.8
-52858.027
-57524.418
-58325.841
-60195.089
-59584.006
-58775.836
-55890.739
-51244.402
-45886.993
-40363.001
-30823.031
-19266.418
-16569.533
5024.2373
8180.5381
10411.764
11386.037
15755.251
17348.108
14813.898
19334.093
21467.573
18488.992
24060.24
24041.823
23575.673
32137.993
30602.533
31303.774
36136.832
34054.57
32839.211
41022.889
40503.724
38359.265
47663.027
44042.55
43012.765
50889.453
47854.882
46382.494
54225.611
53601.461
53239.274
60598.395
53002.502
52178.374
58559.656
59259.186
53200.84
63086.941
59959.817
54430.943
63134.926
59564.877
52874.187
61950.026
58673.801
51616.796
58390.547
58332.967
46869.576
56676.86
53958.169
47033.093
48800.891
49743.124
37401.153
42743.364
42017.018
32723.638
35517.735
34808.195
23207.28
25647.667
27323.787
17939.382
17547.784
16139.117
-4441.8703
3237.6421
5018.6794
-5356.7172
166.74617
-759.36021
-4403.9004
-4138.4705
193.17151
-5372.0766
-3367.1775
-1489.2084
-2814.5679
-1352.4364
-657.14203
-2234.5791
-2222.306
-1587.5484
-2604.3122
-1591.9177
-2469.4113
-1318.5294
-1602.2213
-2625.9194
-523.95578
-253.84162
-5008.0077
-800.22082
-1229.9954
-4660.477
376.95558
1270.594
-6260.2901
1328.5424
-1516.7103
-5789.0614
655.7838
-304.46071
-5012.2138
1319.211
1829.2197
-6705.6207
2331.9057
1485.9112
-5949.5146
1154.304
3181.0911
-5944.1516
3043.724
3656.4506
-3835.0648
1323.0077
5795.7112
-4037.9458
2318.6252
5667.2163
-3541.2293
1067.5969
4472.5727
140.19595
916.17142
6380.4853
2012.4997
2702.0641
5386.9774
1655.9414
4145.1835
6511.9309
2107.7838
7822.2852
8442.0842
6558.6464
-9552.6153
-1487.2242
-2212.2796
-15333.488
-7781.5602
-11156.659
-15991.891
-11659.06
-14019.056
-19623.305
-19603.936
-20653.919
-28155.886
-24507.968
-26088.326
-29045.477
-30752.026
-32305.904
-34690.692
-36399.735
-37134.473
-39505.796
-42035.457
-43011.944
-42254.137
-47511.764
-47724.056
-48978.355
-52486.583
-51733.444
-50334.522
-55560.343
-56567.47
-52649.546
-59471.111
-59841.813
-53318.043
-63497.075
-60749.025
-55706.956
-64129.432
-62504.537
-54625.174
-64530.335
-62716.378
-54783.738
-63130.62
-60836.731
-50479.938
-60146.155
-58438.052
-46783.282
-56502.801
-53239.61
-42550.441
-48353.249
-45923.467
-35203.878
-39918.406
-39322.562
-29579.623
-31793.886
-32058.785
-14029.401
-20923.595
-17937.281
-9687.2218
-13010.781
-10272.322
)
;

boundaryField
{
    free
    {
        type            calculated;
    }
    bottom
    {
        type            calculated;
    }
    traction
    {
        type            calculated;
    }
}


// ************************************************************************* //
