/*--------------------------------*- C++ -*----------------------------------*\
  =========                 |
  \\      /  F ield         | OpenFOAM: The Open Source CFD Toolbox
   \\    /   O peration     | Website:  https://openfoam.org
    \\  /    A nd           | Version:  6
     \\/     M anipulation  |
\*---------------------------------------------------------------------------*/
FoamFile
{
    version     2.0;
    format      ascii;
    class       pointVectorField;
    location    "4.39993707241143461";
    object      u;
}
// * * * * * * * * * * * * * * * * * * * * * * * * * * * * * * * * * * * * * //

dimensions      [0 1 0 0 0 0 0];

internalField   nonuniform List<vector> 
625
(
(0 0 0)
(0 0 0)
(2.8442264 -0.46273347 0.0057063712)
(2.6152969 -1.0976635 -0.032988317)
(0 0 0)
(0 0 0)
(2.6461891 -1.1214326 -0.0349895)
(2.8747304 -0.48691569 0.0045185944)
(0 0 0)
(0 0 0)
(0 0 0)
(2.7862606 -0.62199491 -0.0048282476)
(2.7291293 -0.77953905 -0.013711431)
(2.6726979 -0.93778372 -0.02356086)
(0.0063478947 0.026734111 0.025906653)
(0.026952668 0.056430602 0.027346239)
(0.066237555 0.08352859 0.029303542)
(0.12148389 0.10712766 0.028597924)
(0.19016378 0.12520841 0.028038648)
(0.27383014 0.13888779 0.027080803)
(0.36771841 0.14567968 0.025863921)
(0.47300289 0.14729245 0.024709559)
(0.58768515 0.14234257 0.023662649)
(0.71054646 0.13146906 0.022073329)
(0.84080572 0.11513428 0.020918687)
(0.97735678 0.092752666 0.019198581)
(1.1194168 0.065537027 0.017917485)
(1.2659269 0.033209978 0.01645807)
(1.4163006 -0.0034325071 0.015140802)
(1.5698319 -0.044325112 0.013703584)
(1.7255919 -0.088384808 0.012611967)
(1.8834766 -0.13600864 0.011356621)
(2.0426335 -0.18638705 0.010169923)
(2.2024861 -0.23865124 0.0092164959)
(2.3630466 -0.29303357 0.0082088127)
(2.5236383 -0.34821751 0.0073310561)
(2.6837441 -0.4050612 0.0068734665)
(-0.0061040483 -0.025105813 -0.034712511)
(0.015806513 -0.049191746 -0.030567352)
(0.045170155 -0.081170184 -0.036869989)
(0.092175556 -0.11171606 -0.034436358)
(0.14747069 -0.14184068 -0.035875311)
(0.21824216 -0.17773656 -0.035615413)
(0.2959204 -0.2113917 -0.036442263)
(0.38654949 -0.25003922 -0.035952763)
(0.48457666 -0.29046078 -0.03687658)
(0.59193438 -0.33238225 -0.036681713)
(0.70679934 -0.37804351 -0.036976946)
(0.82885625 -0.42512597 -0.036766473)
(0.95717061 -0.47496872 -0.036838125)
(1.0911447 -0.52649957 -0.036651313)
(1.2302516 -0.58000671 -0.036494136)
(1.3736565 -0.6349288 -0.036217908)
(1.5211068 -0.69128145 -0.035840189)
(1.6713308 -0.74852759 -0.035689134)
(1.824934 -0.80645764 -0.035046722)
(1.9801275 -0.86474041 -0.034767515)
(2.1374258 -0.9233422 -0.03418026)
(2.2958424 -0.98167947 -0.033904831)
(2.4552332 -1.0397464 -0.033670905)
(0 0 0)
(0 0 0)
(0 0 0)
(0.0047508549 -0.01494884 0.022684458)
(0.023562968 -0.060928943 0.025289258)
(0.059374868 -0.077951308 0.019010916)
(0.10617694 -0.11166805 0.01366963)
(0.16815362 -0.14967653 0.012461527)
(0.23850596 -0.17842846 0.0054982459)
(0.31969258 -0.22013971 0.0043976584)
(0.41108801 -0.25761939 -0.0002321502)
(0.51093757 -0.29980102 -0.0034742789)
(0.61937783 -0.34425639 -0.0066981386)
(0.73519007 -0.39098284 -0.010025268)
(0.85784347 -0.43989109 -0.012652433)
(0.9866917 -0.49116261 -0.015689697)
(1.1211732 -0.54418154 -0.018334568)
(1.2604567 -0.59880281 -0.020784583)
(1.4040831 -0.65506991 -0.023048021)
(1.5515266 -0.71218615 -0.025186356)
(1.7021225 -0.77032998 -0.027082036)
(1.8554037 -0.82896396 -0.02876084)
(2.0109544 -0.88781584 -0.030345525)
(2.1680713 -0.94683939 -0.031692594)
(2.3267757 -1.0053845 -0.032839033)
(2.4858445 -1.0637346 -0.033796618)
(2.7036508 -0.96183364 -0.025141027)
(2.759593 -0.80348061 -0.014881733)
(2.8165693 -0.6464831 -0.0045974365)
(2.7144503 -0.42915606 0.0038015246)
(2.5536985 -0.37213344 0.0034594353)
(2.3930716 -0.31655338 0.0029225585)
(2.2322467 -0.26142706 0.0020460344)
(2.0719885 -0.20833197 0.0012427834)
(1.9125688 -0.15728331 0.00024360732)
(1.754495 -0.10878364 -0.00065101929)
(1.5982149 -0.063274258 -0.0017372821)
(1.4443158 -0.021347855 -0.0027063455)
(1.2935099 0.01681655 -0.0038039501)
(1.1463116 0.050327322 -0.0048670495)
(1.003504 0.079478862 -0.0064089566)
(0.86628568 0.10289764 -0.0069719714)
(0.73495444 0.12101199 -0.0083908558)
(0.61079448 0.13346193 -0.0097524326)
(0.49480237 0.13972316 -0.011085074)
(0.38805314 0.14048026 -0.012971641)
(0.2912848 0.13425227 -0.01388246)
(0.20778859 0.12270502 -0.016416746)
(0.13454438 0.10428393 -0.016937201)
(0.07771472 0.083573777 -0.020802834)
(0.034214018 0.055322863 -0.021102711)
(0.017606117 0.027072209 -0.016603246)
(0 0 0)
(0 0 0)
(0 0 0)
(0 0 0)
(0 0 0)
(0 0 0)
(2.6227491 -1.1038951 -0.033884386)
(2.630567 -1.1100699 -0.033854439)
(2.6380298 -1.1159395 -0.034484863)
(2.8524596 -0.46856943 0.005408131)
(2.8600361 -0.4746856 0.0049773381)
(2.8678281 -0.48055252 0.0046764714)
(-0.0061559004 0.015839876 0.017936916)
(0.015561503 0.031471203 0.013860846)
(0.052270003 0.044947772 0.014719593)
(0.10524156 0.055033267 0.013744871)
(0.17182037 0.061250798 0.013022192)
(0.25201037 0.062937887 0.012032302)
(0.34302635 0.059157504 0.01116055)
(0.44507692 0.050790945 0.010158394)
(0.55612243 0.036838814 0.0089120424)
(0.67546792 0.018113659 0.0078580746)
(0.80237682 -0.0056523742 0.0066956298)
(0.93594838 -0.034617308 0.0055517884)
(1.0749527 -0.067633129 0.0044334166)
(1.2187737 -0.10511646 0.0032952635)
(1.3667293 -0.14622892 0.0023269023)
(1.5180743 -0.19085321 0.0012259477)
(1.6721149 -0.23842753 0.00047662485)
(1.8284952 -0.28855451 -0.00053085979)
(1.9865802 -0.34109768 -0.0012955412)
(2.1455683 -0.39509827 -0.0018897158)
(2.305648 -0.4506346 -0.0026601478)
(2.4657994 -0.50687633 -0.0031982983)
(2.6260634 -0.564588 -0.0036592393)
(-0.012633686 0.0029794922 -0.0011695284)
(0.010344519 0.0025029233 -0.0036340348)
(0.044612947 0.003604859 -0.0025089387)
(0.094808225 0.0011194266 -0.0033271581)
(0.15930143 -0.0061289439 -0.003581255)
(0.2357946 -0.015528626 -0.0040747126)
(0.3232943 -0.029640472 -0.0047845029)
(0.42162605 -0.047897207 -0.0055445796)
(0.52864856 -0.070150264 -0.0063124139)
(0.64482632 -0.097191415 -0.0067281976)
(0.76780266 -0.12787168 -0.008004029)
(0.89791751 -0.16306525 -0.0083493959)
(1.0335511 -0.20174039 -0.0091748309)
(1.1745527 -0.24390682 -0.0098077325)
(1.319738 -0.28931756 -0.010363212)
(1.468792 -0.33740656 -0.01106876)
(1.6208506 -0.3881612 -0.011281097)
(1.7755024 -0.44060528 -0.012076928)
(1.9319977 -0.49500582 -0.012166691)
(2.0899654 -0.55059167 -0.012539998)
(2.2492766 -0.60734419 -0.012981543)
(2.409015 -0.66463169 -0.013139538)
(2.5695727 -0.72240781 -0.013554793)
(-0.014708453 -0.011942232 -0.014248518)
(0.008203443 -0.022350335 -0.014386016)
(0.03924767 -0.034659504 -0.017165568)
(0.089284866 -0.050888761 -0.017343175)
(0.14985286 -0.070811249 -0.018315904)
(0.22288616 -0.090841371 -0.018989866)
(0.30741262 -0.11696659 -0.019577433)
(0.40125242 -0.14424558 -0.020203131)
(0.50504503 -0.17600108 -0.020647745)
(0.61657425 -0.21099866 -0.021325823)
(0.73628013 -0.24885837 -0.021886713)
(0.86261508 -0.2906689 -0.02216905)
(0.99488665 -0.33483968 -0.022745775)
(1.1326811 -0.38213937 -0.022981229)
(1.2749446 -0.43174421 -0.023291014)
(1.4214704 -0.48367823 -0.023488575)
(1.5711122 -0.53729299 -0.023588816)
(1.7239419 -0.59248014 -0.023775921)
(1.8789149 -0.64893106 -0.023684369)
(2.0359222 -0.70623467 -0.023875358)
(2.1941328 -0.76423607 -0.023793278)
(2.353244 -0.8221646 -0.023755777)
(2.512966 -0.88026767 -0.023728864)
(0 0 0)
(0 0 0)
(0 0 0)
(0 0 0)
(0 0 0)
(0 0 0)
(0 0 0)
(0 0 0)
(0 0 0)
(0.008286278 -0.0090332432 -0.014790698)
(0.011802317 -0.012780171 -0.0054542648)
(0.011717404 -0.010560735 0.0070770833)
(0.031058554 -0.056484771 -0.01868907)
(0.033543791 -0.058519543 -0.0062687928)
(0.035208252 -0.057820033 0.010888274)
(0.060452397 -0.081355899 -0.02219374)
(0.066841285 -0.079906071 -0.0086202292)
(0.068613864 -0.08395355 0.0075951367)
(0.10538655 -0.11391118 -0.02124815)
(0.1118992 -0.11659843 -0.010031355)
(0.11169836 -0.11445112 0.0031179089)
(0.16326833 -0.14775442 -0.02377564)
(0.16901547 -0.14837074 -0.013616965)
(0.17254839 -0.15246982 0.00096821912)
(0.23046033 -0.18056783 -0.025066432)
(0.23863675 -0.18303234 -0.013732927)
(0.24145603 -0.18307814 -0.0034058053)
(0.31040157 -0.21746634 -0.025484854)
(0.31768058 -0.22097175 -0.017283816)
(0.32087987 -0.22047682 -0.0048308368)
(0.39920111 -0.25586224 -0.027261189)
(0.4069917 -0.25702502 -0.018546704)
(0.41139655 -0.26110084 -0.0083203579)
(0.49737581 -0.29576679 -0.028019935)
(0.50550296 -0.30021208 -0.020425511)
(0.51013378 -0.30162928 -0.011013915)
(0.60430508 -0.33926519 -0.029043963)
(0.61234619 -0.34245049 -0.022192609)
(0.61757089 -0.34538346 -0.013493325)
(0.71851381 -0.38424214 -0.030133195)
(0.72697135 -0.388752 -0.023598892)
(0.73255753 -0.39171481 -0.016212304)
(0.84022536 -0.43259014 -0.030670976)
(0.84852593 -0.43628864 -0.025540883)
(0.85456766 -0.43970312 -0.018147528)
(0.96813807 -0.48165893 -0.031477223)
(0.97644655 -0.48641355 -0.026381356)
(0.98249028 -0.49054813 -0.020553912)
(1.10169 -0.53382575 -0.0318937)
(1.1098954 -0.53869621 -0.027801738)
(1.1164735 -0.54286466 -0.022583398)
(1.2402918 -0.58714408 -0.032489112)
(1.2485753 -0.59227531 -0.028884204)
(1.2552309 -0.59677718 -0.024384436)
(1.3833862 -0.64221471 -0.032809272)
(1.3915101 -0.64753496 -0.029834937)
(1.398417 -0.65241143 -0.026094872)
(1.5302064 -0.69837948 -0.033137457)
(1.5384016 -0.70392066 -0.030723855)
(1.5453941 -0.70903069 -0.027631612)
(1.6804766 -0.75531604 -0.033406216)
(1.6884893 -0.76127778 -0.031490909)
(1.6956511 -0.76654393 -0.029009313)
(1.8333209 -0.81342689 -0.033431439)
(1.8413933 -0.8192035 -0.032024641)
(1.8486125 -0.82470618 -0.030190126)
(1.9886097 -0.8714059 -0.033618208)
(1.9964933 -0.87749146 -0.032588212)
(2.0038137 -0.88315589 -0.03131891)
(2.145487 -0.92995876 -0.033609531)
(2.1533329 -0.93593474 -0.032918924)
(2.1608332 -0.94164953 -0.032242834)
(2.3037935 -0.98810099 -0.033675251)
(2.311606 -0.99419116 -0.033397769)
(2.3190684 -1.0001396 -0.033135447)
(2.4628505 -1.0462233 -0.033722425)
(2.4705806 -1.0521848 -0.033781052)
(2.478341 -1.0581163 -0.033734967)
(2.7945162 -0.6280206 -0.0044764519)
(2.802158 -0.63398486 -0.0046804855)
(2.8097403 -0.64005639 -0.0047586009)
(2.7366423 -0.78560717 -0.013957198)
(2.7446442 -0.79171519 -0.014422624)
(2.7518992 -0.79762228 -0.014751787)
(2.6803382 -0.94422047 -0.023990795)
(2.6882609 -0.95037483 -0.024355649)
(2.6957417 -0.95606983 -0.024575716)
(0.018528464 0.02270149 0.01412283)
(0.02082608 0.023958572 0.0045139168)
(0.023420629 0.025214212 -0.0042350529)
(0.040282257 0.052449114 0.014080551)
(0.042113023 0.054271118 0.0038166482)
(0.043616802 0.05371005 -0.01072061)
(0.079994318 0.080915559 0.017000522)
(0.083284377 0.081985468 0.0043966965)
(0.086289884 0.083011463 -0.008184174)
(0.13358581 0.10356923 0.016145409)
(0.13950173 0.10333028 0.0049480662)
(0.14117736 0.10348265 -0.0075516829)
(0.20428796 0.12216688 0.016193171)
(0.20937388 0.12210998 0.0057465718)
(0.21212256 0.12327862 -0.0057826261)
(0.28583825 0.13530224 0.015973983)
(0.2921794 0.1332653 0.0062133386)
(0.29609343 0.13321761 -0.0049006588)
(0.38082288 0.14134843 0.01538761)
(0.38715785 0.14025123 0.0065726585)
(0.39097257 0.13964029 -0.0043445686)
(0.48557299 0.14218484 0.014879297)
(0.49190608 0.14054261 0.0064864438)
(0.49677793 0.13984638 -0.0032862238)
(0.5997621 0.13706902 0.014389203)
(0.60681329 0.13501235 0.0064351668)
(0.61182952 0.13366949 -0.0024983253)
(0.72238276 0.12605561 0.013728378)
(0.72961299 0.12347013 0.0063979072)
(0.73491592 0.12181581 -0.0018083885)
(0.85212688 0.10960246 0.013352816)
(0.85983549 0.10611108 0.0059730929)
(0.86545665 0.10373426 -0.00088224548)
(0.98880524 0.086837251 0.012112922)
(0.99597336 0.083111858 0.006807708)
(1.0018926 0.080925813 -0.0011237663)
(1.1301749 0.059287139 0.011529822)
(1.137674 0.05534932 0.0058431314)
(1.1440353 0.052887044 -9.4057101e-05)
(1.2765315 0.026991434 0.010663006)
(1.2840294 0.022751042 0.0059799577)
(1.2905858 0.019380775 0.00046569176)
(1.4264896 -0.009800527 0.010088939)
(1.4341036 -0.014466956 0.0057694491)
(1.4407437 -0.018103092 0.00098127348)
(1.5796883 -0.050613703 0.0092472036)
(1.5872008 -0.055588198 0.0056312357)
(1.5940827 -0.059584608 0.0014760412)
(1.7351651 -0.095077719 0.0088411994)
(1.7428145 -0.10008186 0.0056351087)
(1.7498348 -0.10458724 0.0020804857)
(1.892553 -0.14242788 0.0081484265)
(1.9003328 -0.14795447 0.0054341452)
(1.9073872 -0.15264292 0.0024881777)
(2.0515334 -0.19257358 0.0075733308)
(2.0591164 -0.19823212 0.0054394536)
(2.066347 -0.20321532 0.0030794831)
(2.2111141 -0.24496554 0.0071048773)
(2.218891 -0.2506047 0.0053623942)
(2.2261498 -0.2560042 0.0034776351)
(2.3715453 -0.29898935 0.0065886422)
(2.379116 -0.30516229 0.0052298206)
(2.3864566 -0.31054058 0.0040425178)
(2.5316402 -0.35469322 0.0061719878)
(2.5394102 -0.36053167 0.0052839583)
(2.54694 -0.36621685 0.0043242799)
(2.6923053 -0.41098977 0.0060575601)
(2.6997869 -0.41713454 0.0052565764)
(2.7074593 -0.42306752 0.004698226)
(0.0012348604 0.0085290845 -0.011071788)
(0.024580852 0.035838395 -0.0129)
(0.06273566 0.040999904 -0.0088864842)
(0.11949412 0.053193922 -0.01031933)
(0.18850934 0.057405448 -0.0094259688)
(0.27046511 0.05731979 -0.008293178)
(0.36350203 0.052941886 -0.0084479354)
(0.46676764 0.042491448 -0.0079658573)
(0.57946054 0.02725321 -0.0077523067)
(0.69995688 0.0067383905 -0.0074625873)
(0.82817532 -0.018571933 -0.0075241922)
(0.96215435 -0.048582301 -0.0070578379)
(1.1017394 -0.083444105 -0.0072472082)
(1.2462245 -0.1223246 -0.0067863645)
(1.3946594 -0.16466972 -0.0067993856)
(1.5463444 -0.21046797 -0.0065644385)
(1.7007858 -0.25920492 -0.0063368127)
(1.8573994 -0.31030657 -0.0061799713)
(2.0156102 -0.36345696 -0.0059164901)
(2.1750246 -0.41836003 -0.0057804788)
(2.3352516 -0.4743466 -0.0055759569)
(2.4956464 -0.53115233 -0.0054165486)
(2.6564195 -0.58889507 -0.0051856619)
(-0.0085401846 0.0055298927 0.00084600635)
(0.017330522 0.007691991 -7.2769217e-05)
(0.055540634 0.0018975778 -0.00030555861)
(0.11120317 0.00015146344 -0.0017093417)
(0.17615024 -0.0078742245 -0.0029365509)
(0.25621205 -0.019788793 -0.0034719747)
(0.3449845 -0.035053223 -0.0045488277)
(0.44527283 -0.054932761 -0.0054753292)
(0.55387521 -0.079211141 -0.0065257453)
(0.67107771 -0.10747959 -0.0074401461)
(0.79516027 -0.14036549 -0.0083402141)
(0.92602852 -0.17662462 -0.0093551213)
(1.0622525 -0.21719167 -0.010037059)
(1.2038081 -0.26071491 -0.010825928)
(1.3494191 -0.30735986 -0.011668376)
(1.4986808 -0.35689505 -0.012181894)
(1.6509771 -0.40848962 -0.012775818)
(1.8057719 -0.46211012 -0.013301768)
(1.9624695 -0.51729374 -0.013648869)
(2.1206393 -0.57363591 -0.014110679)
(2.2801328 -0.6306846 -0.014250023)
(2.4396739 -0.68828958 -0.014650428)
(2.6006086 -0.74667035 -0.014915432)
(-0.011641892 -0.009082658 0.010644706)
(0.018733172 -0.013532494 0.0071902811)
(0.05420005 -0.038956692 0.011993627)
(0.10466629 -0.045809025 0.0053945075)
(0.16958525 -0.071279379 0.0056466775)
(0.24500993 -0.09439183 0.0026140219)
(0.33057189 -0.11943516 0.00051881877)
(0.42704757 -0.15040379 -0.0017847674)
(0.53171929 -0.18360331 -0.0039076587)
(0.64467151 -0.22037132 -0.0059694192)
(0.76517578 -0.26042436 -0.0082101311)
(0.89189149 -0.30379857 -0.0099712014)
(1.0249329 -0.34964507 -0.011970243)
(1.1630059 -0.39867264 -0.013739838)
(1.3054937 -0.44961527 -0.015366702)
(1.4520981 -0.50282312 -0.016876259)
(1.6020023 -0.55767147 -0.01829182)
(1.7547146 -0.61384445 -0.0195789)
(1.9097207 -0.67115572 -0.020723916)
(2.0666169 -0.72905467 -0.0217096)
(2.2247784 -0.78736654 -0.0226206)
(2.3839789 -0.84590765 -0.023607191)
(2.5437151 -0.90401859 -0.024068938)
(0.0034766851 0.0077318305 0.0084882171)
(0.0038763581 0.0089638427 0.0034670517)
(0.0067912153 0.0087072156 -0.0024000012)
(0.027754619 0.030780685 0.0065035187)
(0.032155338 0.031291556 -0.0001228633)
(0.032203532 0.030642188 -0.008136104)
(0.06544538 0.042262205 0.0070641236)
(0.06876494 0.040545249 0.0011536843)
(0.071253699 0.041733659 -0.0045930233)
(0.11799114 0.052152979 0.0063374949)
(0.12478773 0.053115499 0.00066296739)
(0.12538751 0.051470836 -0.0051202606)
(0.18559586 0.058361704 0.0058766888)
(0.19093072 0.056750747 0.00068612369)
(0.19394245 0.0560607 -0.003906116)
(0.26481305 0.058514412 0.0053046341)
(0.27134204 0.057893734 0.00092542612)
(0.27456759 0.056725049 -0.0050240828)
(0.35592763 0.054763028 0.0051589976)
(0.3631791 0.053374655 -6.2951081e-05)
(0.3663742 0.051853108 -0.0040937376)
(0.45750723 0.046091944 0.0040981535)
(0.46445663 0.044059373 0.00011482518)
(0.46852402 0.042311152 -0.0045044304)
(0.56831217 0.03161 0.0036841061)
(0.57574445 0.029491498 -0.00028668939)
(0.58032611 0.02724102 -0.004339931)
(0.68743784 0.012918777 0.0027584066)
(0.69503202 0.0097608486 -0.00084043189)
(0.69976442 0.0070995461 -0.0044517976)
(0.8141209 -0.011643278 0.0019661508)
(0.8217196 -0.015145943 -0.0010143208)
(0.82708214 -0.017561042 -0.0043731444)
(0.94700587 -0.040562658 0.0013838241)
(0.95496108 -0.044251661 -0.0017342514)
(0.96035482 -0.047472001 -0.0047927938)
(1.0857548 -0.073853365 0.00059828791)
(1.0934969 -0.077795665 -0.0021351281)
(1.0994407 -0.081232544 -0.00480043)
(1.2291631 -0.11137256 -4.666357e-05)
(1.2371 -0.11561976 -0.0023708494)
(1.2431416 -0.11976198 -0.0049381692)
(1.3767838 -0.15255572 -0.0007638064)
(1.3845918 -0.15740787 -0.0028519054)
(1.3909245 -0.16153036 -0.0049719134)
(1.5277204 -0.19730004 -0.0012654357)
(1.5356388 -0.20216235 -0.0031285705)
(1.5421476 -0.2067927 -0.0050292742)
(1.6815922 -0.24482403 -0.0020032002)
(1.6893295 -0.25010974 -0.0034012851)
(1.6960371 -0.25499903 -0.0050529388)
(1.8374138 -0.29497984 -0.0022810988)
(1.8453342 -0.3005971 -0.0037165708)
(1.8521602 -0.30564346 -0.0050339886)
(1.9952059 -0.34738409 -0.002774172)
(2.0029994 -0.35294665 -0.0038882799)
(2.0099756 -0.35834312 -0.0049950626)
(2.1540188 -0.40130478 -0.0032357883)
(2.16178 -0.40723972 -0.0040244558)
(2.1689089 -0.4128309 -0.0050025518)
(2.3138332 -0.45678338 -0.0036313134)
(2.3215722 -0.46283966 -0.0042083215)
(2.3288579 -0.46857143 -0.0049449093)
(2.4738226 -0.51322362 -0.003946883)
(2.4815213 -0.51919321 -0.004170375)
(2.4888962 -0.52499818 -0.0049451356)
(2.63408 -0.57051044 -0.004086305)
(2.6417324 -0.57656222 -0.0044272114)
(2.649348 -0.58263972 -0.0046994607)
(-0.0041909329 0.0011838972 -0.0016781648)
(-0.0022566531 0.0036925721 -0.0015020602)
(0.00010107005 0.0026837682 0.0010638699)
(0.02080135 0.0035893393 -0.0049763764)
(0.025012373 0.0039937007 -0.0033660914)
(0.025144638 0.0029527587 -0.0023375922)
(0.057278486 0.0013418269 -0.0040059957)
(0.06252759 0.00095039874 -0.00076605115)
(0.06332026 0.0018950878 -0.0012698907)
(0.10772916 -0.0018695787 -0.0048959772)
(0.1147951 -0.0024668663 -0.003331546)
(0.11498639 -0.0042441535 -0.0032462296)
(0.17241277 -0.0086141641 -0.0051223932)
(0.1788807 -0.010488679 -0.0026191627)
(0.18033243 -0.0097212945 -0.0041762885)
(0.24804312 -0.019157396 -0.0055394815)
(0.25610441 -0.021094266 -0.0041151429)
(0.25791426 -0.022024066 -0.0045456564)
(0.33610162 -0.033349388 -0.0065876197)
(0.34356803 -0.036406087 -0.0049015242)
(0.34626533 -0.036975246 -0.0055421186)
(0.43387289 -0.052417059 -0.006981035)
(0.4418498 -0.055211687 -0.0052463093)
(0.44488748 -0.056257334 -0.0063641594)
(0.54080331 -0.074986599 -0.0077233487)
(0.54871787 -0.078647392 -0.0066952865)
(0.55288546 -0.080362674 -0.0073809219)
(0.65638412 -0.10227885 -0.008450393)
(0.66481003 -0.10630406 -0.0070389194)
(0.66885531 -0.10775968 -0.0081812844)
(0.7794986 -0.13375187 -0.0089888672)
(0.78729042 -0.13757813 -0.0082221209)
(0.79241386 -0.14018068 -0.0091206575)
(0.90895183 -0.16881561 -0.0096689443)
(0.91730677 -0.17347089 -0.0090253855)
(0.92245328 -0.17587317 -0.0097761267)
(1.0444996 -0.20779516 -0.010374314)
(1.0526511 -0.2123999 -0.0095994819)
(1.058081 -0.21561635 -0.010553683)
(1.1849603 -0.25010028 -0.010950355)
(1.1930837 -0.2553363 -0.010461998)
(1.1989525 -0.25883313 -0.011171969)
(1.3299238 -0.29563705 -0.011453903)
(1.3379787 -0.30089621 -0.010928232)
(1.3441648 -0.3048006 -0.011906957)
(1.4785223 -0.34388481 -0.011936973)
(1.4866018 -0.34943164 -0.011711082)
(1.4929333 -0.35365828 -0.012402578)
(1.6302617 -0.39450424 -0.012319026)
(1.6382119 -0.40020504 -0.012020824)
(1.644826 -0.40487397 -0.01283877)
(1.784495 -0.4472545 -0.01263196)
(1.7924889 -0.45302772 -0.012596371)
(1.7992982 -0.45793362 -0.013321728)
(1.9408136 -0.50164837 -0.012843543)
(1.9487738 -0.50745853 -0.012999828)
(1.9556712 -0.51263873 -0.01356353)
(2.0986537 -0.55725994 -0.013034053)
(2.1064558 -0.5630563 -0.013373991)
(2.1137002 -0.56868252 -0.013923099)
(2.2575913 -0.6138239 -0.013412235)
(2.2656466 -0.61983892 -0.013662331)
(2.2727445 -0.62545793 -0.01405849)
(2.4170999 -0.67095829 -0.013576486)
(2.4248616 -0.67680622 -0.013885859)
(2.4321554 -0.68274766 -0.014440438)
(2.5774429 -0.72861847 -0.013933838)
(2.5853586 -0.73468554 -0.014188485)
(2.5928898 -0.74053086 -0.014601422)
(-0.0053073699 -0.0063364128 -0.0074420053)
(-0.0051776078 -0.0069067616 0.0013449725)
(-0.0025772945 -0.0065740936 0.0054887495)
(0.022503192 -0.021377186 -0.0085603573)
(0.02740829 -0.016758729 -0.0018759093)
(0.026488482 -0.018151188 0.0039244829)
(0.053890052 -0.035400664 -0.010763136)
(0.058829789 -0.039672832 -0.0031072502)
(0.060522122 -0.039044125 0.0037288257)
(0.10412435 -0.054533088 -0.012212056)
(0.10883979 -0.052216294 -0.0055919969)
(0.11149797 -0.053074206 0.00079119856)
(0.16434025 -0.072676872 -0.012621727)
(0.17070367 -0.075423592 -0.0061105011)
(0.17383222 -0.074710979 -0.00079806709)
(0.23757492 -0.095652331 -0.014460146)
(0.24348623 -0.09678559 -0.0089864609)
(0.2479575 -0.097553868 -0.0033537882)
(0.32141023 -0.12150223 -0.015116622)
(0.32834565 -0.12314729 -0.0091454749)
(0.3326207 -0.12382538 -0.0048736136)
(0.41505174 -0.14942143 -0.016124317)
(0.42180942 -0.15210879 -0.011510314)
(0.42723943 -0.15314653 -0.007065863)
(0.51832629 -0.18198266 -0.017157573)
(0.52567592 -0.18445323 -0.012619564)
(0.53130922 -0.18587094 -0.0087322722)
(0.62965544 -0.21702418 -0.018062367)
(0.63699879 -0.22004318 -0.014070015)
(0.64304534 -0.2222916 -0.010407991)
(0.74863655 -0.25539196 -0.019037157)
(0.75625706 -0.25927886 -0.015343735)
(0.76281175 -0.26141926 -0.01223453)
(0.87456576 -0.29738719 -0.019634072)
(0.88226025 -0.3011031 -0.016519191)
(0.88881026 -0.30414873 -0.013756721)
(1.0063456 -0.3417504 -0.020591348)
(1.0139726 -0.34616122 -0.017832607)
(1.0209754 -0.34946014 -0.015199864)
(1.1436088 -0.38925017 -0.021142709)
(1.1513775 -0.39371398 -0.018659537)
(1.1584987 -0.39753726 -0.016648801)
(1.285488 -0.4389488 -0.021753309)
(1.2931956 -0.44378465 -0.019735412)
(1.3005625 -0.44801022 -0.017935346)
(1.43145 -0.49080096 -0.022212059)
(1.4392146 -0.495952 -0.020534494)
(1.4465935 -0.50040872 -0.019057808)
(1.5808042 -0.54456596 -0.022683106)
(1.5885459 -0.54974011 -0.021231419)
(1.5961211 -0.55470457 -0.02011972)
(1.733079 -0.59952467 -0.023048573)
(1.7408823 -0.60529257 -0.021958966)
(1.7484602 -0.61028722 -0.021075316)
(1.8877456 -0.6560616 -0.023240398)
(1.8954786 -0.66160034 -0.022480553)
(1.9030932 -0.66695782 -0.021856755)
(2.0440826 -0.71299322 -0.02350722)
(2.0520799 -0.71896803 -0.023044396)
(2.0596336 -0.72452225 -0.022552661)
(2.2020727 -0.77060077 -0.023708263)
(2.2099221 -0.77670563 -0.023393411)
(2.2174491 -0.78231591 -0.02313029)
(2.361051 -0.82866496 -0.023716624)
(2.3688294 -0.83477924 -0.023723876)
(2.3765611 -0.8404524 -0.023676642)
(2.5205729 -0.88659269 -0.023886237)
(2.5283857 -0.89251171 -0.02400017)
(2.5359678 -0.89854879 -0.024298094)
)
;

boundaryField
{
    free
    {
        type            calculated;
    }
    bottom
    {
        type            calculated;
    }
    traction
    {
        type            calculated;
    }
}


// ************************************************************************* //
