/*--------------------------------*- C++ -*----------------------------------*\
  =========                 |
  \\      /  F ield         | OpenFOAM: The Open Source CFD Toolbox
   \\    /   O peration     | Website:  https://openfoam.org
    \\  /    A nd           | Version:  6
     \\/     M anipulation  |
\*---------------------------------------------------------------------------*/
FoamFile
{
    version     2.0;
    format      ascii;
    class       pointVectorField;
    location    "1.70000384775";
    object      u;
}
// * * * * * * * * * * * * * * * * * * * * * * * * * * * * * * * * * * * * * //

dimensions      [0 1 0 0 0 0 0];

internalField   nonuniform List<vector> 
625
(
(0 0 0)
(0 0 0)
(0.16627537 0.029926849 0.021716109)
(0.16439293 -0.031968505 0.023335944)
(0 0 0)
(0 0 0)
(0.16261869 -0.036922119 0.022779202)
(0.16446065 0.024633435 0.021580699)
(0 0 0)
(0 0 0)
(0 0 0)
(0.16554816 0.013588934 0.021186725)
(0.1645718 -0.00092488432 0.022488012)
(0.16432879 -0.01546662 0.022696895)
(0.00041814573 0.0007544833 0.00069122879)
(0.00091515138 0.0018830945 0.00054776108)
(0.0019734362 0.0026505257 0.00091125874)
(0.0033119676 0.0038123375 0.0010634572)
(0.005130092 0.0045916921 0.0015019428)
(0.0072021458 0.0057533782 0.0019891181)
(0.0097694196 0.0066359858 0.0026408379)
(0.012645649 0.0077976116 0.0033776593)
(0.01600324 0.0088865571 0.0043096646)
(0.019845419 0.010122137 0.0052599749)
(0.024213043 0.011524552 0.0063759869)
(0.029295874 0.012963039 0.0075202497)
(0.035079705 0.014595196 0.0087681792)
(0.041728569 0.016333232 0.010035139)
(0.049301225 0.018170101 0.011365871)
(0.057906395 0.020059779 0.012692288)
(0.067677928 0.022153516 0.013922353)
(0.078422744 0.02397118 0.015377973)
(0.090588141 0.025790345 0.016513683)
(0.10367467 0.02745876 0.017783677)
(0.11799026 0.028774456 0.018979367)
(0.13311944 0.030002198 0.020038846)
(0.14883577 0.030276341 0.021320109)
(-0.00013247952 -0.00050759561 -0.00063158291)
(0.00060722693 -0.00099051643 -0.00036119548)
(0.0014430383 -0.001545554 -0.00019803329)
(0.0030650883 -0.002270592 0.00049801044)
(0.0046285885 -0.0027084655 0.0008953411)
(0.0069175689 -0.0035599655 0.0016562818)
(0.0093369427 -0.0040641555 0.0023277969)
(0.012309558 -0.0049956739 0.0031953627)
(0.015605991 -0.0058227059 0.0039705302)
(0.01944623 -0.0068241807 0.0049011986)
(0.023839223 -0.0080542621 0.00581897)
(0.028835946 -0.0093570399 0.0068299096)
(0.034593884 -0.010931331 0.0078234276)
(0.041137272 -0.012631498 0.0088734724)
(0.048651031 -0.01454176 0.0099714829)
(0.057099188 -0.01657448 0.011091471)
(0.066750819 -0.018810416 0.012318627)
(0.077349685 -0.021087723 0.013489426)
(0.089338696 -0.023325126 0.014907838)
(0.10219462 -0.025593977 0.016283064)
(0.11642679 -0.027741602 0.017885651)
(0.13147517 -0.029545985 0.019477651)
(0.14736391 -0.031009544 0.021143791)
(0 0 0)
(0 0 0)
(0 0 0)
(0.00023416258 -0.00049572691 0.00072452966)
(0.00063519575 -0.0020537705 0.0011320175)
(0.0014223288 -0.0027139393 0.0014285772)
(0.0025200599 -0.0037641429 0.0018186551)
(0.0042011597 -0.0049850171 0.0025632829)
(0.005987377 -0.0057789229 0.0030740606)
(0.008365126 -0.0070825239 0.0040868687)
(0.01104167 -0.0080280239 0.0048503497)
(0.014196182 -0.0093667106 0.0059860564)
(0.017819703 -0.010557492 0.0070420061)
(0.022085253 -0.012111148 0.0082396947)
(0.026937984 -0.013593866 0.0095084526)
(0.032594442 -0.015377001 0.010760267)
(0.03909712 -0.017258714 0.012073945)
(0.046485794 -0.019263461 0.013393391)
(0.054964666 -0.02149255 0.014699349)
(0.064514809 -0.023731556 0.015967846)
(0.075225089 -0.026075086 0.017191831)
(0.087094461 -0.028455854 0.018414681)
(0.10016713 -0.030697921 0.019479643)
(0.11428596 -0.032884742 0.020566198)
(0.12953127 -0.034594631 0.021456978)
(0.14541344 -0.036309618 0.022364617)
(0.16275205 -0.020513803 0.022474924)
(0.16263942 -0.0062745911 0.02242374)
(0.16369095 0.0078920131 0.022610524)
(0.14721317 0.025144564 0.019292707)
(0.13100269 0.024559066 0.017636228)
(0.11603229 0.023398762 0.016109107)
(0.10147511 0.02231309 0.01442708)
(0.088287205 0.020676618 0.012993972)
(0.076196547 0.018981338 0.011548035)
(0.065309361 0.01717052 0.010299967)
(0.055564913 0.015340137 0.0090319788)
(0.046975688 0.013545506 0.0079279599)
(0.03939053 0.011890188 0.0068353194)
(0.032808442 0.010250404 0.0058314216)
(0.027020326 0.0089460743 0.0048183974)
(0.022084273 0.0075962586 0.0040321202)
(0.017758445 0.0065175752 0.0031569804)
(0.01402296 0.0055720852 0.002391111)
(0.010824388 0.0047155562 0.0017146673)
(0.008049614 0.0040072478 0.0010553418)
(0.0057405129 0.0033124624 0.00056989433)
(0.0037600207 0.0027457621 7.0004677e-05)
(0.0021456273 0.0021362967 -0.00027106128)
(0.0010692635 0.0015765244 -0.00055169604)
(0.00010342221 0.001041531 -0.00069252565)
(0.00010692026 0.00045481099 -0.00051467906)
(0 0 0)
(0 0 0)
(0 0 0)
(0 0 0)
(0 0 0)
(0 0 0)
(0.16393708 -0.033509418 0.022864076)
(0.1636774 -0.034875842 0.023235602)
(0.16307372 -0.036279731 0.022948435)
(0.16620361 0.029134885 0.02167901)
(0.1656889 0.02760019 0.021594198)
(0.16529393 0.026574369 0.021491994)
(-4.0436191e-05 0.00050172769 0.00052076805)
(0.00051396658 0.0011518575 0.00049643331)
(0.0015855723 0.0016315609 0.00080237442)
(0.0028828422 0.0023736795 0.0010314708)
(0.0047281314 0.0028701645 0.0015173954)
(0.0067744816 0.0035772384 0.0020225375)
(0.0093169572 0.0041491633 0.0027208347)
(0.012164953 0.0048156347 0.0034779504)
(0.015483343 0.005480569 0.0043520139)
(0.019255764 0.0062017002 0.0052989884)
(0.023586747 0.0069853439 0.0063519348)
(0.028610643 0.0077354142 0.0074804597)
(0.034327912 0.0086070031 0.0086481217)
(0.040914135 0.0094584568 0.0098537604)
(0.048421062 0.010325869 0.011125593)
(0.056977078 0.011253776 0.012324487)
(0.066626758 0.012061493 0.013663561)
(0.077433539 0.012930526 0.014919493)
(0.089590431 0.013613651 0.016116077)
(0.10268913 0.01412018 0.017440507)
(0.11712594 0.014496903 0.018519421)
(0.13231202 0.014728379 0.019627688)
(0.148587 0.014002535 0.020827804)
(-0.00027670912 0.00022420058 0.00010892694)
(0.00051607059 0.0003898894 0.00014139192)
(0.0013530554 0.00061607147 0.00049224818)
(0.0027816088 0.00086680094 0.00074204189)
(0.0045947641 0.00090756771 0.0013342257)
(0.0066546305 0.0012126745 0.0018317996)
(0.00920387 0.0012632694 0.0025474068)
(0.012039631 0.0014793483 0.0032918471)
(0.015356234 0.0015979089 0.0041445198)
(0.019168687 0.0016722547 0.0051058457)
(0.023447622 0.0017989019 0.0060856453)
(0.028479002 0.0018077935 0.0071693669)
(0.034157222 0.0018515003 0.0082576086)
(0.040718111 0.0018789694 0.0094217711)
(0.048208991 0.0017805249 0.010638065)
(0.056716238 0.0017907777 0.011802494)
(0.066379259 0.0015622201 0.013173842)
(0.077105919 0.0015180983 0.014316574)
(0.089047033 0.0011817561 0.015722164)
(0.10209389 0.00087298196 0.017067617)
(0.11649913 0.00050027407 0.018313914)
(0.13181072 -4.9800401e-05 0.019817246)
(0.1482741 -0.00043074444 0.021043887)
(-0.00030106403 -9.6165493e-05 -0.00023435271)
(0.00042227091 -0.00032971593 7.3926408e-05)
(0.0012647285 -0.00039851752 0.00020999999)
(0.0028162815 -0.00065584188 0.00073649825)
(0.0045163915 -0.00092220845 0.0012335788)
(0.0065875329 -0.0010565786 0.0017951292)
(0.0092001492 -0.0014964403 0.0025860441)
(0.011943698 -0.0016839584 0.0032728705)
(0.015347462 -0.0022067514 0.0042411893)
(0.019049013 -0.0026528765 0.0050801352)
(0.02339782 -0.0031478791 0.0060686989)
(0.028407224 -0.0038747223 0.0071049025)
(0.034058622 -0.0045302676 0.008148114)
(0.040641852 -0.0054101924 0.0092828066)
(0.048055433 -0.0063195301 0.010410643)
(0.056575869 -0.0073147047 0.011601514)
(0.066107035 -0.0084283955 0.012820783)
(0.076873054 -0.0094931679 0.01405511)
(0.088806147 -0.010717081 0.015403281)
(0.10201168 -0.011756943 0.016674739)
(0.11633436 -0.012989293 0.018096208)
(0.13159187 -0.013882197 0.019515957)
(0.14778737 -0.014825894 0.021091901)
(0 0 0)
(0 0 0)
(0 0 0)
(0 0 0)
(0 0 0)
(0 0 0)
(0 0 0)
(0 0 0)
(0 0 0)
(0.00020960191 -0.0002004234 -0.00027440875)
(0.00034507678 -0.0003337994 -6.1665518e-05)
(0.00033614218 -0.00029765559 0.00025196221)
(0.00095915606 -0.001322814 -0.00011965745)
(0.00096871874 -0.0015342242 0.00020351075)
(0.000961862 -0.0016456887 0.00064596323)
(0.0017723899 -0.001844662 0.00016652605)
(0.0018409615 -0.0020657704 0.00058866792)
(0.0017918893 -0.0024263779 0.001049956)
(0.0031904521 -0.0026967114 0.00079473836)
(0.0031255263 -0.0030719688 0.0010358173)
(0.0029227983 -0.0033187601 0.0014280085)
(0.004905834 -0.0033602555 0.001276624)
(0.0048184726 -0.0037867834 0.0015925509)
(0.004666669 -0.0044218802 0.0021264895)
(0.0069407934 -0.0040565113 0.0019644031)
(0.0068069661 -0.0046621275 0.0022878924)
(0.0065283822 -0.0051467732 0.0027058967)
(0.009533694 -0.0049694615 0.0027668258)
(0.0093182097 -0.0056986824 0.00311166)
(0.0089265562 -0.0062036762 0.0036507904)
(0.012286009 -0.0057160145 0.0035663256)
(0.012011752 -0.0062970662 0.0038767223)
(0.011738281 -0.0072392172 0.0044212528)
(0.015725387 -0.0067360257 0.0044869263)
(0.01546123 -0.0077344529 0.0048909167)
(0.014984849 -0.0084120058 0.0055035133)
(0.019482309 -0.0077815037 0.0054394581)
(0.019105939 -0.0085631362 0.0058410649)
(0.018706233 -0.0095386246 0.0065342988)
(0.023858619 -0.0090468795 0.0064027276)
(0.0236106 -0.010128457 0.0070066826)
(0.023043823 -0.011017286 0.0076700534)
(0.028968589 -0.010504465 0.007531077)
(0.028520082 -0.011418052 0.0080026034)
(0.028018479 -0.012467779 0.0088953218)
(0.034689217 -0.012002295 0.0085569281)
(0.03433813 -0.013091838 0.0092334587)
(0.033726853 -0.014208751 0.010079649)
(0.041355769 -0.013847538 0.009739984)
(0.040905513 -0.014961966 0.010390842)
(0.040326642 -0.016063447 0.011333379)
(0.048822858 -0.01575284 0.010862481)
(0.048433211 -0.01688816 0.011595313)
(0.047786088 -0.018040423 0.012620405)
(0.057380132 -0.017885679 0.012048709)
(0.056937704 -0.019045128 0.012853164)
(0.056295979 -0.020247061 0.013875151)
(0.066936182 -0.02008986 0.013314393)
(0.066524953 -0.021291227 0.014069089)
(0.065869177 -0.022526148 0.015147795)
(0.077613023 -0.022335934 0.014488967)
(0.077237169 -0.0236482 0.01531701)
(0.076564919 -0.024861157 0.01636979)
(0.089439001 -0.024764071 0.015870932)
(0.08906292 -0.025959977 0.01663211)
(0.088395216 -0.027236111 0.017627353)
(0.10238584 -0.026931511 0.017139929)
(0.10204458 -0.028279238 0.017881305)
(0.10136917 -0.029550262 0.018771883)
(0.11641815 -0.029147831 0.018548799)
(0.11603329 -0.030441664 0.019256942)
(0.11535833 -0.031665242 0.019939837)
(0.13136164 -0.030948362 0.019975146)
(0.13105996 -0.032265277 0.02048867)
(0.13050402 -0.033651766 0.020970172)
(0.14717108 -0.032625578 0.021461698)
(0.14671536 -0.033881888 0.021712514)
(0.14620868 -0.035115097 0.022037007)
(0.16556809 0.012645632 0.021916399)
(0.16500709 0.011332683 0.021996203)
(0.16459386 0.010000476 0.022177772)
(0.1640022 -0.0023298437 0.022532033)
(0.16390645 -0.0036037087 0.022369398)
(0.16310611 -0.0050387464 0.02234192)
(0.16416284 -0.017049619 0.022602383)
(0.16390806 -0.018316998 0.022626581)
(0.16317706 -0.019519831 0.022668999)
(0.00058191374 0.00067887645 0.00027371264)
(0.00052861822 0.00053517398 -3.057701e-05)
(0.00043321617 0.00040523277 -0.00025607875)
(0.0010415108 0.0015423405 0.00016282337)
(0.0008159104 0.0014080011 -9.8512728e-05)
(0.00063778317 0.001133132 -0.0005103268)
(0.0020670555 0.002506156 0.0004862356)
(0.0018165199 0.0021978912 0.00011885345)
(0.0016152916 0.0018764457 -0.00025092537)
(0.0033352907 0.0033241225 0.00065927855)
(0.0031196892 0.0029081814 0.00032043551)
(0.0028114906 0.0024275189 -8.4349933e-05)
(0.0051373071 0.0042284899 0.0010444128)
(0.0047792445 0.0037119867 0.00073629918)
(0.004372051 0.0032764403 0.00035620631)
(0.0071514383 0.0051311995 0.0015682368)
(0.0067843716 0.0045136592 0.0012401711)
(0.0064739217 0.003844857 0.00081775188)
(0.0097205779 0.0060115425 0.0021564333)
(0.0093380391 0.0052264563 0.0018317792)
(0.008837797 0.0046310886 0.001355071)
(0.012576412 0.0070141045 0.0028851803)
(0.01208581 0.0062257637 0.0025575244)
(0.011643934 0.0054796671 0.0020212223)
(0.015934878 0.0080297169 0.0037632053)
(0.015481577 0.0071560212 0.0033134851)
(0.014976228 0.0063463138 0.0027824901)
(0.019774285 0.009199845 0.0046636233)
(0.019307476 0.0082964913 0.0042423648)
(0.018712419 0.0074441833 0.0035692645)
(0.024183649 0.010529622 0.0057759)
(0.023722353 0.0095148879 0.0050500317)
(0.02315444 0.0085079789 0.0045355076)
(0.029344778 0.011916634 0.0067924473)
(0.028825362 0.010787483 0.0063110778)
(0.028181856 0.0098751313 0.005365013)
(0.035157518 0.013462795 0.0079923949)
(0.034640128 0.012339503 0.0072775721)
(0.033989168 0.011411402 0.0064535005)
(0.041862448 0.015163289 0.0091733561)
(0.04133394 0.014038588 0.0084750085)
(0.040711809 0.012985526 0.0075489343)
(0.049475115 0.016976534 0.010473983)
(0.048984171 0.015798984 0.0096714531)
(0.0483245 0.014701046 0.0086791599)
(0.058143862 0.018893322 0.01169384)
(0.057667381 0.017590675 0.010875928)
(0.056958194 0.016570486 0.0098323993)
(0.067924001 0.020722375 0.013019501)
(0.067332402 0.019644584 0.012190733)
(0.066727949 0.018430164 0.011131255)
(0.078660021 0.022712867 0.014327496)
(0.078325389 0.021423091 0.013437497)
(0.07761447 0.020269982 0.012367547)
(0.090806722 0.024541294 0.015575156)
(0.090318328 0.023241844 0.014801542)
(0.089630735 0.022069447 0.013789476)
(0.10382627 0.026166103 0.016906927)
(0.10340821 0.025006726 0.016106912)
(0.10277862 0.023689238 0.015141075)
(0.11812508 0.027713028 0.018124823)
(0.11778179 0.02623549 0.017410561)
(0.11703833 0.025045953 0.016733108)
(0.13316394 0.028476461 0.019295773)
(0.13277909 0.027272351 0.018841551)
(0.13214023 0.026018132 0.018241744)
(0.14920989 0.029573443 0.020789643)
(0.14861317 0.028008893 0.020265819)
(0.14825986 0.026755526 0.020014946)
(-0.00017157625 0.00015603029 -0.00021453591)
(-5.1084177e-05 0.00070879678 -0.00025337999)
(0.0008338118 0.00052588476 5.6983348e-05)
(0.0019484438 0.00089895199 0.00033718806)
(0.0035080587 0.0010173766 0.00070955035)
(0.0055241526 0.0012293179 0.0012639573)
(0.0077649891 0.0015196204 0.0018546728)
(0.010480729 0.0018151006 0.0025132867)
(0.013670437 0.0021398792 0.0033368379)
(0.017303601 0.0025816833 0.0041396835)
(0.021575868 0.0030799438 0.0050779726)
(0.026451038 0.003690109 0.006044677)
(0.03212747 0.0042498367 0.0070410399)
(0.038641416 0.0049317639 0.0081959298)
(0.046167026 0.0056941872 0.0093001463)
(0.054661181 0.0064364867 0.010492185)
(0.064348781 0.0071400793 0.011758518)
(0.075208326 0.0078363375 0.013039774)
(0.087226246 0.0084415804 0.01441064)
(0.10050357 0.0088399533 0.015781906)
(0.11491286 0.0090538705 0.017271964)
(0.1301924 0.0091131565 0.018833687)
(0.14662409 0.0085781153 0.020527563)
(-0.00044172155 -5.0739479e-05 0.00016220964)
(4.5798173e-06 -0.00020707334 0.00023300469)
(0.00088718458 -0.00080673307 0.00059450313)
(0.0020055602 -0.00073031427 0.00084065689)
(0.0036130716 -0.0011783074 0.0013049547)
(0.005535354 -0.0013841081 0.001978187)
(0.0077685995 -0.0015532606 0.0025244231)
(0.010525366 -0.0018145112 0.0033963498)
(0.013642281 -0.0020281871 0.0041946524)
(0.017284395 -0.0020969477 0.0051117521)
(0.021506379 -0.0024235154 0.0061613236)
(0.026378993 -0.0024228547 0.0071639551)
(0.03199314 -0.0026915586 0.0083073008)
(0.038528444 -0.0028121039 0.0094810432)
(0.045970279 -0.0029131771 0.010615131)
(0.054480966 -0.0031815716 0.011863698)
(0.064123819 -0.0033365478 0.01312823)
(0.0749424 -0.003584198 0.014346307)
(0.086982455 -0.0038983861 0.015677596)
(0.10020436 -0.004312302 0.016915871)
(0.11466312 -0.0045761507 0.018343806)
(0.12992657 -0.0052004331 0.019569564)
(0.14686587 -0.0057345973 0.020920066)
(-0.00033089501 -0.00044907061 0.0004822594)
(0.00024243615 -0.00095422986 0.000618885)
(0.0010756885 -0.0018593891 0.0011219457)
(0.002095227 -0.0021163795 0.0013546138)
(0.0037494807 -0.0030482664 0.0020493735)
(0.0056109076 -0.0035675158 0.0025728533)
(0.0078600488 -0.0041974789 0.0033911882)
(0.010586559 -0.0049369979 0.0042064515)
(0.013690998 -0.0055655016 0.0051184288)
(0.017292593 -0.0063940936 0.0061919117)
(0.02150483 -0.007098906 0.007232444)
(0.026352729 -0.0080136141 0.0084082709)
(0.031955098 -0.0088681598 0.009603007)
(0.038471493 -0.0098873031 0.010819763)
(0.04583095 -0.010907747 0.012082419)
(0.05433317 -0.012028003 0.013355513)
(0.063933456 -0.013187302 0.014630105)
(0.074693225 -0.014380179 0.015854631)
(0.086680879 -0.015635518 0.01712842)
(0.099890152 -0.016804708 0.018340842)
(0.11414534 -0.017952399 0.019534895)
(0.12967749 -0.019032267 0.020552077)
(0.14578821 -0.019763625 0.021816313)
(0.00018424618 0.00026502584 0.00021971381)
(7.2628853e-05 0.00020996926 1.8402413e-05)
(6.6850074e-05 0.00020287339 -8.4372959e-05)
(0.00066769976 0.00096512457 0.00023780262)
(0.00058537827 0.0009111827 1.4174507e-05)
(0.00037519077 0.00060307039 -0.00020880389)
(0.0017027864 0.0014585285 0.00054422313)
(0.0014881363 0.0010590463 0.00028406131)
(0.0013518745 0.00089505865 0.00011324486)
(0.0029943575 0.0019297995 0.00073684836)
(0.0028484124 0.0016898065 0.00054260011)
(0.0025449351 0.0011466652 0.00039248447)
(0.0047552103 0.0024874537 0.0012589166)
(0.0044343421 0.0019402454 0.0010030784)
(0.0041316637 0.0014854577 0.00089472055)
(0.0068137056 0.0029502798 0.0017251128)
(0.0064812684 0.0024356686 0.0015558089)
(0.006199723 0.0017677265 0.0012899517)
(0.0092996057 0.0034443085 0.002445587)
(0.0089820434 0.0028013212 0.0021247671)
(0.008545247 0.0021368007 0.0020339898)
(0.012159314 0.0040552506 0.0031570424)
(0.011697733 0.003348252 0.0029192095)
(0.011311098 0.0025358285 0.0026421871)
(0.015480804 0.0045954048 0.0040430738)
(0.015052636 0.003798558 0.0037303506)
(0.014593836 0.002956209 0.0035188778)
(0.019252919 0.0052986724 0.0049253329)
(0.018794304 0.0043921804 0.0046033266)
(0.018288982 0.0034019674 0.0043429904)
(0.023663984 0.0059107686 0.0059422426)
(0.023192368 0.0049149926 0.0056522766)
(0.022642633 0.0040208106 0.00536226)
(0.028673998 0.0066137457 0.007042666)
(0.028202556 0.0056482649 0.0066415646)
(0.02759463 0.0045364063 0.0062997798)
(0.03446204 0.0074345698 0.0081805996)
(0.033936563 0.0064126148 0.0077472)
(0.03336051 0.0053747992 0.0073821215)
(0.041063405 0.0082143183 0.0093640477)
(0.040559097 0.0072224988 0.0089158529)
(0.039958035 0.005961685 0.0085191091)
(0.048608289 0.0091136498 0.010563711)
(0.04813786 0.0079465201 0.010100049)
(0.047480927 0.0067978541 0.0096677389)
(0.057214133 0.009922332 0.011825861)
(0.056721264 0.008854469 0.011300735)
(0.056073955 0.0076028203 0.010897282)
(0.066913263 0.010810094 0.013014762)
(0.066362329 0.0096522463 0.012611774)
(0.065738872 0.0083543988 0.012119439)
(0.077615346 0.011601835 0.014390549)
(0.07728611 0.010342161 0.013832401)
(0.076587849 0.0090724658 0.013430933)
(0.089705608 0.012284754 0.015580099)
(0.089249781 0.011128492 0.015185316)
(0.088560339 0.0097974557 0.014757264)
(0.10272187 0.012887072 0.016905367)
(0.10235986 0.011600231 0.016512773)
(0.10172036 0.010213773 0.01607967)
(0.11705665 0.013285827 0.018082862)
(0.11673499 0.011876274 0.017827372)
(0.11606949 0.010560343 0.017549518)
(0.13227972 0.01331547 0.019337244)
(0.13183522 0.012138854 0.019375377)
(0.13117634 0.010740679 0.018968646)
(0.14835328 0.012977628 0.020720718)
(0.14787085 0.011606857 0.020681713)
(0.14745184 0.010246473 0.020693042)
(-7.9640346e-05 7.7516245e-05 8.596125e-06)
(-0.00011037437 0.00010157649 -2.9903999e-05)
(-0.00013791128 -1.4104594e-05 5.13356e-05)
(0.00055982747 0.00030522831 -2.2784572e-05)
(0.00046874041 0.00010179098 -9.8619788e-06)
(0.00040541485 -8.3209785e-05 1.8033323e-05)
(0.0015548804 0.00024973087 0.0003923839)
(0.001579292 -2.5991077e-05 0.00044864489)
(0.0012940625 -0.00028005465 0.00050436578)
(0.0028430975 0.00045240741 0.00060479579)
(0.0027093329 2.1383935e-05 0.00068706268)
(0.0024772793 -0.0005283197 0.00067769734)
(0.004630347 0.00044317775 0.0011988711)
(0.0045031241 -0.00013206491 0.0012749984)
(0.0040861644 -0.00047365698 0.0011706511)
(0.0066132913 0.00057354703 0.0017193446)
(0.0064420862 -4.4277433e-05 0.0017949215)
(0.0061286977 -0.00076669041 0.0017984355)
(0.0091468329 0.00062421928 0.0023790305)
(0.0089544401 -0.00021453682 0.0024576509)
(0.0084291237 -0.00080957944 0.0024161538)
(0.011968695 0.00065971832 0.0031640492)
(0.011709328 -0.00012522322 0.0033311744)
(0.011188265 -0.00089696526 0.0032282615)
(0.015241891 0.00073862322 0.0040023978)
(0.014977675 -0.00027136998 0.0040675048)
(0.014455856 -0.001127804 0.0040500926)
(0.019048375 0.00070340032 0.0049445645)
(0.018812415 -0.00027659861 0.0051400071)
(0.018114945 -0.0010730569 0.0049935269)
(0.023437207 0.00072340972 0.0059643565)
(0.023028327 -0.0002949126 0.0060524637)
(0.022450632 -0.0012902969 0.0059784131)
(0.028391172 0.00077403894 0.0070246602)
(0.028125955 -0.00036971249 0.0071334074)
(0.02738122 -0.0013207611 0.0070678754)
(0.034166986 0.00074639032 0.0081027328)
(0.033811764 -0.00040362089 0.008300801)
(0.033074399 -0.0014555282 0.0081529344)
(0.040724793 0.00069907604 0.0092754231)
(0.040429302 -0.00054233472 0.0094073306)
(0.039635965 -0.001627858 0.0093590473)
(0.048277783 0.00063608272 0.010474068)
(0.04792691 -0.00061714078 0.01069768)
(0.04717116 -0.0017150551 0.010518935)
(0.056793572 0.00050864454 0.011682173)
(0.056523332 -0.00075244101 0.011827836)
(0.055656271 -0.0018929206 0.011744205)
(0.066456603 0.00034634875 0.012987747)
(0.066106773 -0.00093227196 0.013201096)
(0.065333725 -0.0021523481 0.01304423)
(0.077256165 0.00012772861 0.014240081)
(0.076947938 -0.0011415144 0.014402991)
(0.076140629 -0.0023518075 0.014268232)
(0.089251159 -0.00017757441 0.015640251)
(0.088908454 -0.0014190043 0.015709409)
(0.088084532 -0.0026605566 0.01563041)
(0.10239289 -0.00046458576 0.017026732)
(0.10191336 -0.001746967 0.017019564)
(0.1013374 -0.003100399 0.016905066)
(0.11666085 -0.00086489956 0.018303551)
(0.11640935 -0.0020709252 0.018326151)
(0.11557826 -0.0033949392 0.018346223)
(0.13176825 -0.0013672842 0.019742149)
(0.13131011 -0.0026120739 0.01973921)
(0.13068287 -0.0040797061 0.019552835)
(0.14808075 -0.001760551 0.020999165)
(0.14785208 -0.0030471796 0.021034446)
(0.14722122 -0.0043078444 0.020944705)
(-0.00011961981 -0.00014581601 -0.00012412032)
(-0.00010082881 -0.00021668161 8.7776329e-05)
(-7.6364644e-05 -0.0002593027 0.00021451832)
(0.00071195424 -0.00049816755 0.00016497255)
(0.00073299004 -0.00054031574 0.00023258576)
(0.00057918285 -0.00078617028 0.00044190375)
(0.001490529 -0.00073717173 0.00037250953)
(0.0015398935 -0.0012055889 0.00064857105)
(0.0014053911 -0.0014330125 0.00083226947)
(0.0029824209 -0.0011107688 0.00081063774)
(0.0027720706 -0.0013477466 0.00091455794)
(0.0026316916 -0.001827874 0.001110129)
(0.0046060162 -0.0013946161 0.0014005993)
(0.0045559548 -0.0020716872 0.0016159995)
(0.0043036342 -0.0024214101 0.001833789)
(0.0067163354 -0.0017390886 0.0019108569)
(0.0064129732 -0.0022285704 0.0020720553)
(0.0062283728 -0.0029486005 0.0022736452)
(0.0092104046 -0.0021770049 0.0027478305)
(0.0090329227 -0.002923246 0.0029715767)
(0.0086190299 -0.0035079141 0.0031644335)
(0.011997395 -0.0025162669 0.0034573958)
(0.01159981 -0.0032692131 0.0036921403)
(0.011323774 -0.0040916322 0.0039093689)
(0.015382633 -0.0030946508 0.0044443389)
(0.015053385 -0.003882266 0.004641916)
(0.014636863 -0.0046800206 0.0048604703)
(0.01910352 -0.0035411273 0.0053133534)
(0.018668396 -0.004416981 0.0055848109)
(0.018250023 -0.0054042207 0.005879503)
(0.023472951 -0.0041649268 0.0063398863)
(0.023076993 -0.0051117571 0.0066629687)
(0.022603588 -0.0060812944 0.0069143175)
(0.028483726 -0.0048785961 0.007418845)
(0.028047169 -0.0058585255 0.0077518507)
(0.027506311 -0.0069388576 0.008056366)
(0.03419871 -0.0056340368 0.0084949851)
(0.033723349 -0.0066863052 0.0088638642)
(0.033198183 -0.007780631 0.0092232995)
(0.040795714 -0.0065416627 0.0096643328)
(0.040320465 -0.0075758263 0.010076964)
(0.039759315 -0.0087365218 0.01043558)
(0.04828488 -0.0074895995 0.010818763)
(0.047782933 -0.0085775162 0.011264036)
(0.047240369 -0.0097902484 0.011634698)
(0.05680716 -0.0085257431 0.012042039)
(0.056337558 -0.0096791363 0.012472265)
(0.055715956 -0.010860025 0.012896177)
(0.066440062 -0.0096936462 0.013259814)
(0.06587683 -0.010767991 0.013752235)
(0.065358077 -0.012065929 0.014156169)
(0.077129648 -0.010794351 0.014474295)
(0.076727427 -0.012036895 0.014953789)
(0.076113195 -0.013253687 0.015363505)
(0.089107412 -0.012087976 0.015792948)
(0.088546165 -0.013211324 0.016263301)
(0.08799841 -0.014513751 0.01664493)
(0.10205757 -0.01324851 0.01706649)
(0.10174903 -0.014420307 0.017463088)
(0.10116639 -0.015736212 0.017883791)
(0.11618174 -0.014346663 0.018338406)
(0.11588223 -0.015655472 0.01880096)
(0.11517374 -0.016956837 0.019108645)
(0.13146333 -0.015465705 0.019824164)
(0.13111584 -0.016753058 0.02007666)
(0.13057725 -0.01791457 0.020338161)
(0.14742345 -0.016326302 0.02122295)
(0.14703529 -0.017466071 0.021375044)
(0.14652192 -0.01892952 0.02138628)
)
;

boundaryField
{
    free
    {
        type            calculated;
    }
    bottom
    {
        type            calculated;
    }
    traction
    {
        type            calculated;
    }
}


// ************************************************************************* //
