/*--------------------------------*- C++ -*----------------------------------*\
  =========                 |
  \\      /  F ield         | OpenFOAM: The Open Source CFD Toolbox
   \\    /   O peration     | Website:  https://openfoam.org
    \\  /    A nd           | Version:  6
     \\/     M anipulation  |
\*---------------------------------------------------------------------------*/
FoamFile
{
    version     2.0;
    format      ascii;
    class       pointScalarField;
    location    "0.0999516";
    object      p;
}
// * * * * * * * * * * * * * * * * * * * * * * * * * * * * * * * * * * * * * //

dimensions      [1 -1 -2 0 0 0 0];

internalField   nonuniform List<scalar> 
625
(
-62412.958
114655.14
5721.6872
9456.1279
-93944.395
173561.03
7146.5068
-4080.76
-27023.253
6903.502
22561.916
-17767.772
-139.15434
2430.5424
-18368.144
-15294.574
-9795.0597
-3327.1935
4626.3005
12652.464
21375.478
30245.76
38678.532
46611.868
52667.736
55583.742
60462.862
61965.51
62521.586
62300.558
59125.153
56527.827
51434.559
46508.183
38607.949
30720.255
21970.251
24592.714
18806.616
14799.068
6795.3269
-1201.2511
-9930.955
-19518.348
-27442.382
-36168.348
-43128.664
-48911.49
-52402.16
-57314.072
-58500.004
-59352.545
-58623.9
-54892.041
-54625.134
-48369.902
-45324.387
-40179.925
-26476.38
-15550.691
-43721.719
4538.4625
31472.513
28750.273
29294.149
11117.426
7972.3466
-2843.1417
-9683.7479
-24150.869
-33658.064
-42283.864
-50899.067
-57074.522
-63385.764
-68191.051
-69124.679
-70309.493
-69025.109
-66263.909
-62093.183
-55791.5
-47950.086
-38385.022
-26379.557
-13398.723
7714.8682
-3140.1293
-7135.4934
23411.676
26011.427
40674.021
46187.879
55313.401
61657.508
65664.96
69073.201
69472.626
69622.177
68525.561
65572.254
57830.035
53650.311
44949.452
36637.862
27298.065
18667.542
7431.3567
-1123.2827
-9942.8365
-17451.536
-25582.982
-61834.802
-65511.843
-59237.757
105616.37
131359.58
123218.32
14343.005
13828.781
14810.656
-7555.9971
-231.7439
-6511.8711
-9379.2843
-8001.6104
-5991.1936
-488.66384
3604.3746
9006.0943
15477.492
20998.932
26149.987
30037.787
32819.32
37688.021
39076.695
39712.94
40261.446
38376.182
36646.51
34571.453
28876.251
23987.481
17451.921
9803.7781
11026.313
5148.9096
4598.8719
3941.1858
2736.8648
786.26092
-732.69633
-2214.1914
-3888.9331
-4366.1366
-6259.8627
-4474.4616
-6123.1589
-6892.4961
-6985.8224
-6648.5806
-7036.908
-4691.6942
-5243.3243
-2045.1844
1150.4374
1225.1899
3257.1912
1148.7348
15699.427
9273.5727
7930.5678
2494.8614
-2429.4404
-8704.4719
-14651.592
-19907.779
-23902.894
-27574.537
-32022.478
-34502.389
-35732.766
-36628.439
-36416.276
-35272.506
-34184.128
-29918.666
-25616.098
-22705.087
-17678.716
-15166.936
-3779.6751
-26120.372
-25110.766
-29985.303
2791.1242
6246.8243
8021.9167
34839.27
24004.344
24928.871
42102.91
40955.561
36658.642
31160.472
31866.214
33511.878
13042.878
12470.415
13942.204
4988.4965
5561.2372
4542.1592
-4268.4613
-4532.9103
-4189.5796
-14543.003
-13888.252
-15260.947
-23467.805
-22653.642
-23481.877
-33482.273
-31798.423
-34484.327
-41425.031
-39929.095
-42854.041
-47926.533
-47153.379
-50371.339
-53604.115
-53630.424
-56689.07
-59710.826
-57029.944
-59973.626
-61993.456
-60809.582
-64380.146
-64387.182
-62392.434
-66090.275
-64435.443
-62351.373
-66263.866
-63156.692
-61330.571
-64961.611
-60739.342
-58584.449
-61927.831
-54568.168
-54604.574
-57327.989
-49607.009
-49775.346
-51825.364
-42841.496
-43289.811
-43838.656
-33539.027
-34151.993
-33539.924
-24181.133
-25207.884
-27109.317
-15977.84
-13786.844
-13643.582
-18011.067
-21038.419
-23505.273
3829.2363
-1729.892
-1868.1575
8297.3751
9026.1286
8355.149
-24977.026
-26620.006
-25941.282
-22339.606
-16265.05
-22111.518
-13048.263
-9862.0214
-12085.019
-4559.8281
-1931.342
-3047.8505
5346.7618
5255.6056
6322.3788
13657.58
14474.612
15848.011
25632.464
21125.723
26614.76
35794.213
29957.491
35747.639
45077.487
37803.782
44209.594
52214.401
45052.565
51779.721
57595.683
51779.682
59396.539
66002.903
55274.457
60698.379
69432.024
58967.353
66554.241
71737.813
61233.898
68728.993
72636.568
61408.834
69362.856
70921.451
61441.623
67715.282
67808.519
57945.762
65411.024
60459.884
56892.423
60519.56
56119.733
51204.584
54186.904
47666.245
43889.508
46344.438
37651.151
37723.279
38094.148
28461.243
30426.354
26222.349
25226.703
27303.095
27048.365
-11871.184
-3951.6075
-1332.0556
1068.5919
5305.2609
10022.83
14138.621
18256.099
23668.118
27236.856
30461.048
34960.433
37162.564
37179.427
38129.959
37016.972
35391.065
32755.59
29760.651
26612.554
18426.639
16232.189
6997.611
3964.3221
-753.39266
594.51758
-753.06846
-138.1736
329.78107
1325.6398
2857.3682
3888.281
4357.1836
5640.1109
5349.5338
5967.5782
6654.9783
7329.6878
6969.2964
7230.0465
7644.4152
7304.3381
6515.3964
6535.5599
5265.5086
6281.7473
8225.9808
7940.0941
11647.076
6232.8093
4313.1301
-1063.8267
-6091.1557
-10310.087
-16269.09
-20986.769
-25425.299
-30250.612
-31524.031
-34496.678
-34960.297
-35610.844
-34901.872
-32868.535
-30401.503
-28076.566
-21739.565
-14637.99
-13647.034
-16650.825
-18108.039
-16964.858
-6426.3204
-10729.289
-9928.6409
-2149.5138
-5602.4407
-5251.1571
1789.1012
-564.89616
854.03138
4841.268
6090.706
5000.3581
11143.831
10503.039
11449.966
14286.844
16786.779
17357.806
18007.3
22553.272
22035.812
22333.531
26870.654
26364.403
25172.369
31127.636
31403.908
30584.781
36411.452
31515.009
30629.786
36325.184
37423.285
31973.247
40113.611
38057.568
33299.274
40176.047
38658.156
32830.912
40870.672
38325.358
33170.526
38605.055
38169.972
30554.226
38364.932
35979.85
32410.367
33851.096
33992.106
26921.075
30535.218
28626.609
24610.468
25943.003
25558.134
18519.105
20148.197
20456.184
14892.28
13019.705
11969.401
-4439.6975
3177.926
3888.6239
5942.6163
5433.6616
5247.1647
1479.6678
27.274694
1128.8586
1447.1158
714.9306
2803.7399
-607.04982
-1090.3351
1817.3494
-900.36821
-1415.5707
641.01735
-1696.5064
-2491.2326
1134.1999
-2487.1463
-1630.2356
-758.98319
-1666.5306
-1665.4564
-1530.5971
-2059.372
-891.49749
-1156.46
-674.47652
316.98269
-2469.5907
-549.0233
-888.99007
-1154.2544
-419.00094
796.23179
-861.42064
428.32098
2119.8979
-2182.6771
1245.4249
2187.8687
-1621.7491
1239.5441
3321.669
-1912.0781
2526.8792
3033.8939
-1076.1706
1384.6532
4655.358
-1373.9795
2500.101
4067.7846
-2194.7365
925.76653
2637.6013
-158.81168
361.48948
4021.3293
1158.5593
1368.6781
3219.0716
-98.278102
2749.1944
4938.7881
1274.2609
5904.8661
6861.5439
5012.1394
13570.511
15210.474
12854.427
13937.738
11998.42
12913.257
6656.4561
11203.876
10435.979
4005.5424
6150.8616
4829.3604
-1152.3632
2578.2052
1981.4082
-5542.8529
-1795.7478
-3012.4296
-9589.7233
-7145.755
-8062.1607
-14534.193
-12344.735
-12797.83
-18672.528
-17959.525
-18687.106
-24039.484
-23117.558
-22997.768
-27186.473
-27031.764
-28202.958
-29748.295
-30716.99
-32467.821
-31130.394
-35014.481
-34529.546
-33322.08
-36587.193
-36514.303
-33027.044
-38034.6
-38011.262
-33696.326
-38408.351
-37337.67
-31546.465
-37035.739
-36750.875
-29892.415
-36411.033
-34393.403
-27867.41
-31678.178
-29785.738
-23480.095
-27004.095
-27253.878
-20344.66
-22684.792
-22678.087
-9894.433
-15944.357
-13552.022
-8014.8017
-11346.842
-8973.0114
)
;

boundaryField
{
    free
    {
        type            calculated;
    }
    bottom
    {
        type            calculated;
    }
    traction
    {
        type            calculated;
    }
}


// ************************************************************************* //
