/*--------------------------------*- C++ -*----------------------------------*\
  =========                 |
  \\      /  F ield         | OpenFOAM: The Open Source CFD Toolbox
   \\    /   O peration     | Website:  https://openfoam.org
    \\  /    A nd           | Version:  6
     \\/     M anipulation  |
\*---------------------------------------------------------------------------*/
FoamFile
{
    version     2.0;
    format      ascii;
    class       faceList;
    location    "constant/polyMesh";
    object      faces;
}
// * * * * * * * * * * * * * * * * * * * * * * * * * * * * * * * * * * * * * //


6264
(
3(14 0 425)
3(14 425 17)
3(308 425 0)
3(27 425 308)
3(14 308 425)
3(308 27 426)
3(308 426 425)
3(309 426 27)
3(28 426 309)
3(308 309 426)
3(309 28 427)
3(309 427 426)
3(310 427 28)
3(29 427 310)
3(309 310 427)
3(29 427 311)
3(310 311 427)
3(311 428 29)
3(30 428 311)
3(427 311 428)
3(30 428 312)
3(311 312 428)
3(312 429 30)
3(31 429 312)
3(428 312 429)
3(31 429 313)
3(312 313 429)
3(313 430 31)
3(32 430 313)
3(429 313 430)
3(32 430 314)
3(313 314 430)
3(314 431 32)
3(33 431 314)
3(430 314 431)
3(33 431 315)
3(314 315 431)
3(315 432 33)
3(34 432 315)
3(431 315 432)
3(34 432 316)
3(315 316 432)
3(316 433 34)
3(35 433 316)
3(432 316 433)
3(35 433 317)
3(316 317 433)
3(317 434 35)
3(36 434 317)
3(433 317 434)
3(36 434 318)
3(317 318 434)
3(318 435 36)
3(37 435 318)
3(434 318 435)
3(37 435 319)
3(318 319 435)
3(319 436 37)
3(38 436 319)
3(435 319 436)
3(38 436 320)
3(319 320 436)
3(320 437 38)
3(39 437 320)
3(436 320 437)
3(39 437 321)
3(320 321 437)
3(321 438 39)
3(40 438 321)
3(437 321 438)
3(40 438 322)
3(321 322 438)
3(322 439 40)
3(41 439 322)
3(438 322 439)
3(41 439 323)
3(322 323 439)
3(323 440 41)
3(42 440 323)
3(439 323 440)
3(42 440 324)
3(323 324 440)
3(324 441 42)
3(43 441 324)
3(440 324 441)
3(43 441 325)
3(324 325 441)
3(325 442 43)
3(44 442 325)
3(441 325 442)
3(44 442 326)
3(325 326 442)
3(326 443 44)
3(45 443 326)
3(442 326 443)
3(45 443 327)
3(326 327 443)
3(327 444 45)
3(46 444 327)
3(443 327 444)
3(46 444 328)
3(327 328 444)
3(328 445 46)
3(47 445 328)
3(444 328 445)
3(47 445 329)
3(328 329 445)
3(329 446 47)
3(48 446 329)
3(445 329 446)
3(48 446 330)
3(329 330 446)
3(330 447 48)
3(49 447 330)
3(446 330 447)
3(49 447 331)
3(330 331 447)
3(331 448 49)
3(50 448 331)
3(447 331 448)
3(50 448 332)
3(331 332 448)
3(332 449 50)
3(51 449 332)
3(448 332 449)
3(51 449 333)
3(332 333 449)
3(333 450 51)
3(52 450 333)
3(449 333 450)
3(52 450 334)
3(333 334 450)
3(334 451 52)
3(53 451 334)
3(450 334 451)
3(53 451 335)
3(334 335 451)
3(335 452 53)
3(54 452 335)
3(451 335 452)
3(54 452 336)
3(335 336 452)
3(336 453 54)
3(55 453 336)
3(452 336 453)
3(336 55 454)
3(336 454 453)
3(337 454 55)
3(56 454 337)
3(336 337 454)
3(337 56 455)
3(337 455 454)
3(338 455 56)
3(57 455 338)
3(337 338 455)
3(338 57 456)
3(338 456 455)
3(339 456 57)
3(58 456 339)
3(338 339 456)
3(339 58 457)
3(339 457 456)
3(340 457 58)
3(59 457 340)
3(339 340 457)
3(340 59 458)
3(340 458 457)
3(341 458 59)
3(60 458 341)
3(340 341 458)
3(341 60 459)
3(341 459 458)
3(342 459 60)
3(61 459 342)
3(341 342 459)
3(342 61 460)
3(342 460 459)
3(343 460 61)
3(62 460 343)
3(342 343 460)
3(343 62 461)
3(343 461 460)
3(344 461 62)
3(63 461 344)
3(343 344 461)
3(344 63 462)
3(344 462 461)
3(345 462 63)
3(64 462 345)
3(344 345 462)
3(345 64 463)
3(345 463 462)
3(346 463 64)
3(65 463 346)
3(345 346 463)
3(346 65 26)
3(346 26 463)
3(23 26 65)
3(346 23 26)
3(14 17 662)
3(17 305 662)
3(14 662 305)
3(425 14 662)
3(425 662 308)
3(308 662 14)
3(425 17 662)
3(308 425 663)
3(425 662 663)
3(308 663 662)
3(426 308 663)
3(426 663 309)
3(309 663 308)
3(426 425 663)
3(309 426 664)
3(426 663 664)
3(309 664 663)
3(427 309 664)
3(427 664 310)
3(310 664 309)
3(427 426 664)
3(310 427 665)
3(427 664 665)
3(310 665 664)
3(311 665 427)
3(428 665 311)
3(428 427 665)
3(310 311 665)
3(311 428 666)
3(428 665 666)
3(311 666 665)
3(312 666 428)
3(429 666 312)
3(429 428 666)
3(311 312 666)
3(312 429 667)
3(429 666 667)
3(312 667 666)
3(313 667 429)
3(430 667 313)
3(430 429 667)
3(312 313 667)
3(313 430 668)
3(430 667 668)
3(313 668 667)
3(314 668 430)
3(431 668 314)
3(431 430 668)
3(313 314 668)
3(314 431 669)
3(431 668 669)
3(314 669 668)
3(315 669 431)
3(432 669 315)
3(432 431 669)
3(314 315 669)
3(432 669 316)
3(315 316 669)
3(433 316 669)
3(433 670 316)
3(433 669 670)
3(316 670 669)
3(433 432 669)
3(433 670 317)
3(316 317 670)
3(434 317 670)
3(434 671 317)
3(434 670 671)
3(317 671 670)
3(434 433 670)
3(434 671 318)
3(317 318 671)
3(435 318 671)
3(435 672 318)
3(435 671 672)
3(318 672 671)
3(435 434 671)
3(435 672 319)
3(318 319 672)
3(436 319 672)
3(436 673 319)
3(436 672 673)
3(319 673 672)
3(436 435 672)
3(436 673 320)
3(319 320 673)
3(437 320 673)
3(437 674 320)
3(437 673 674)
3(320 674 673)
3(437 436 673)
3(437 674 321)
3(320 321 674)
3(438 321 674)
3(438 675 321)
3(438 674 675)
3(321 675 674)
3(438 437 674)
3(321 438 676)
3(438 675 676)
3(321 676 675)
3(322 676 438)
3(439 676 322)
3(439 438 676)
3(321 322 676)
3(322 439 677)
3(439 676 677)
3(322 677 676)
3(323 677 439)
3(440 677 323)
3(440 439 677)
3(322 323 677)
3(323 440 678)
3(440 677 678)
3(323 678 677)
3(324 678 440)
3(441 678 324)
3(441 440 678)
3(323 324 678)
3(324 441 679)
3(441 678 679)
3(324 679 678)
3(325 679 441)
3(442 679 325)
3(442 441 679)
3(324 325 679)
3(325 442 680)
3(442 679 680)
3(325 680 679)
3(326 680 442)
3(443 680 326)
3(443 442 680)
3(325 326 680)
3(326 443 681)
3(443 680 681)
3(326 681 680)
3(327 681 443)
3(444 681 327)
3(444 443 681)
3(326 327 681)
3(327 444 682)
3(444 681 682)
3(327 682 681)
3(328 682 444)
3(445 682 328)
3(445 444 682)
3(327 328 682)
3(328 445 683)
3(445 682 683)
3(328 683 682)
3(329 683 445)
3(446 683 329)
3(446 445 683)
3(328 329 683)
3(329 446 684)
3(446 683 684)
3(329 684 683)
3(330 684 446)
3(447 684 330)
3(447 446 684)
3(329 330 684)
3(330 447 685)
3(447 684 685)
3(330 685 684)
3(331 685 447)
3(448 685 331)
3(448 447 685)
3(330 331 685)
3(331 448 686)
3(448 685 686)
3(331 686 685)
3(332 686 448)
3(449 686 332)
3(449 448 686)
3(331 332 686)
3(332 449 687)
3(449 686 687)
3(332 687 686)
3(333 687 449)
3(450 687 333)
3(450 449 687)
3(332 333 687)
3(333 450 688)
3(450 687 688)
3(333 688 687)
3(334 688 450)
3(451 688 334)
3(451 450 688)
3(333 334 688)
3(334 451 689)
3(451 688 689)
3(334 689 688)
3(335 689 451)
3(452 689 335)
3(452 451 689)
3(334 335 689)
3(335 452 690)
3(452 689 690)
3(335 690 689)
3(336 690 452)
3(453 690 336)
3(453 452 690)
3(335 336 690)
3(336 453 691)
3(453 690 691)
3(336 691 690)
3(454 336 691)
3(454 691 337)
3(337 691 336)
3(454 453 691)
3(337 454 692)
3(454 691 692)
3(337 692 691)
3(455 337 692)
3(455 692 338)
3(338 692 337)
3(455 454 692)
3(338 455 693)
3(455 692 693)
3(338 693 692)
3(456 338 693)
3(456 693 339)
3(339 693 338)
3(456 455 693)
3(339 456 694)
3(456 693 694)
3(339 694 693)
3(457 339 694)
3(457 694 340)
3(340 694 339)
3(457 456 694)
3(340 457 695)
3(457 694 695)
3(340 695 694)
3(458 340 695)
3(458 695 341)
3(341 695 340)
3(458 457 695)
3(341 458 696)
3(458 695 696)
3(341 696 695)
3(459 341 696)
3(459 696 342)
3(342 696 341)
3(459 458 696)
3(342 459 697)
3(459 696 697)
3(342 697 696)
3(460 342 697)
3(460 697 343)
3(343 697 342)
3(460 459 697)
3(343 460 698)
3(460 697 698)
3(343 698 697)
3(461 343 698)
3(461 698 344)
3(344 698 343)
3(461 460 698)
3(344 461 699)
3(461 698 699)
3(344 699 698)
3(462 344 699)
3(462 699 345)
3(345 699 344)
3(462 461 699)
3(345 462 700)
3(462 699 700)
3(345 700 699)
3(463 345 700)
3(463 700 346)
3(346 700 345)
3(463 462 700)
3(346 463 464)
3(463 700 464)
3(346 464 700)
3(26 346 464)
3(23 464 346)
3(26 463 464)
3(17 3 662)
3(305 662 3)
3(425 662 3)
3(425 144 662)
3(662 144 3)
3(425 144 663)
3(662 663 144)
3(426 663 144)
3(426 145 663)
3(663 145 144)
3(426 145 664)
3(663 664 145)
3(427 664 145)
3(427 146 664)
3(664 146 145)
3(427 146 665)
3(664 665 146)
3(428 665 146)
3(428 147 665)
3(665 147 146)
3(428 147 666)
3(665 666 147)
3(429 666 147)
3(429 148 666)
3(666 148 147)
3(429 148 667)
3(666 667 148)
3(430 667 148)
3(430 149 667)
3(667 149 148)
3(430 149 668)
3(667 668 149)
3(431 668 149)
3(431 150 668)
3(668 150 149)
3(431 150 669)
3(668 669 150)
3(432 669 150)
3(432 151 669)
3(669 151 150)
3(669 433 151)
3(433 670 151)
3(433 152 670)
3(670 152 151)
3(669 670 151)
3(670 434 152)
3(434 671 152)
3(434 153 671)
3(671 153 152)
3(670 671 152)
3(671 435 153)
3(435 672 153)
3(435 154 672)
3(672 154 153)
3(671 672 153)
3(672 436 154)
3(436 673 154)
3(436 155 673)
3(673 155 154)
3(672 673 154)
3(673 437 155)
3(437 674 155)
3(437 156 674)
3(674 156 155)
3(673 674 155)
3(674 438 156)
3(438 675 156)
3(438 157 675)
3(675 157 156)
3(674 675 156)
3(438 157 676)
3(675 676 157)
3(439 676 157)
3(439 158 676)
3(676 158 157)
3(439 158 677)
3(676 677 158)
3(440 677 158)
3(440 159 677)
3(677 159 158)
3(440 159 678)
3(677 678 159)
3(441 678 159)
3(441 160 678)
3(678 160 159)
3(441 160 679)
3(678 679 160)
3(442 679 160)
3(442 161 679)
3(679 161 160)
3(442 161 680)
3(679 680 161)
3(443 680 161)
3(443 162 680)
3(680 162 161)
3(443 162 681)
3(680 681 162)
3(444 681 162)
3(444 163 681)
3(681 163 162)
3(444 163 682)
3(681 682 163)
3(445 682 163)
3(445 164 682)
3(682 164 163)
3(445 164 683)
3(682 683 164)
3(446 683 164)
3(446 165 683)
3(683 165 164)
3(446 165 684)
3(683 684 165)
3(447 684 165)
3(447 166 684)
3(684 166 165)
3(447 166 685)
3(684 685 166)
3(448 685 166)
3(448 167 685)
3(685 167 166)
3(448 167 686)
3(685 686 167)
3(449 686 167)
3(449 168 686)
3(686 168 167)
3(449 168 687)
3(686 687 168)
3(450 687 168)
3(450 169 687)
3(687 169 168)
3(450 169 688)
3(687 688 169)
3(451 688 169)
3(451 170 688)
3(688 170 169)
3(451 170 689)
3(688 689 170)
3(452 689 170)
3(452 171 689)
3(689 171 170)
3(452 171 690)
3(689 690 171)
3(453 690 171)
3(453 172 690)
3(690 172 171)
3(453 172 691)
3(690 691 172)
3(454 691 172)
3(454 173 691)
3(691 173 172)
3(454 173 692)
3(691 692 173)
3(455 692 173)
3(455 174 692)
3(692 174 173)
3(455 174 693)
3(692 693 174)
3(456 693 174)
3(456 175 693)
3(693 175 174)
3(456 175 694)
3(693 694 175)
3(457 694 175)
3(457 176 694)
3(694 176 175)
3(457 176 695)
3(694 695 176)
3(458 695 176)
3(458 177 695)
3(695 177 176)
3(458 177 696)
3(695 696 177)
3(459 696 177)
3(459 178 696)
3(696 178 177)
3(459 178 697)
3(696 697 178)
3(460 697 178)
3(460 179 697)
3(697 179 178)
3(460 179 698)
3(697 698 179)
3(461 698 179)
3(461 180 698)
3(698 180 179)
3(461 180 699)
3(698 699 180)
3(462 699 180)
3(462 181 699)
3(699 181 180)
3(462 181 700)
3(699 700 181)
3(463 700 181)
3(463 182 700)
3(700 182 181)
3(463 182 464)
3(700 464 182)
3(26 464 182)
3(464 10 182)
3(3 16 662)
3(305 662 16)
3(662 386 3)
3(144 386 662)
3(144 3 386)
3(16 662 386)
3(3 16 386)
3(144 386 663)
3(662 663 386)
3(663 387 144)
3(145 387 663)
3(145 144 387)
3(386 663 387)
3(144 386 387)
3(145 387 664)
3(663 664 387)
3(664 388 145)
3(146 388 664)
3(146 145 388)
3(387 664 388)
3(145 387 388)
3(146 388 665)
3(664 665 388)
3(665 389 146)
3(147 389 665)
3(147 146 389)
3(388 665 389)
3(146 388 389)
3(147 389 666)
3(665 666 389)
3(666 390 147)
3(148 390 666)
3(148 147 390)
3(389 666 390)
3(147 389 390)
3(148 390 667)
3(666 667 390)
3(667 391 148)
3(149 391 667)
3(149 148 391)
3(390 667 391)
3(148 390 391)
3(149 391 668)
3(667 668 391)
3(668 392 149)
3(150 392 668)
3(150 149 392)
3(391 668 392)
3(149 391 392)
3(150 392 669)
3(668 669 392)
3(669 393 150)
3(151 393 669)
3(151 150 393)
3(392 669 393)
3(150 392 393)
3(669 151 394)
3(669 394 393)
3(151 393 394)
3(670 394 151)
3(152 394 670)
3(152 151 394)
3(669 670 394)
3(670 152 395)
3(670 395 394)
3(152 394 395)
3(671 395 152)
3(153 395 671)
3(153 152 395)
3(670 671 395)
3(671 153 396)
3(671 396 395)
3(153 395 396)
3(672 396 153)
3(154 396 672)
3(154 153 396)
3(671 672 396)
3(672 154 397)
3(672 397 396)
3(154 396 397)
3(673 397 154)
3(155 397 673)
3(155 154 397)
3(672 673 397)
3(673 155 398)
3(673 398 397)
3(155 397 398)
3(674 398 155)
3(156 398 674)
3(156 155 398)
3(673 674 398)
3(674 156 399)
3(674 399 398)
3(156 398 399)
3(675 399 156)
3(157 399 675)
3(157 156 399)
3(674 675 399)
3(157 399 676)
3(675 676 399)
3(676 400 157)
3(158 400 676)
3(158 157 400)
3(399 676 400)
3(157 399 400)
3(158 400 677)
3(676 677 400)
3(677 401 158)
3(159 401 677)
3(159 158 401)
3(400 677 401)
3(158 400 401)
3(159 401 678)
3(677 678 401)
3(678 402 159)
3(160 402 678)
3(160 159 402)
3(401 678 402)
3(159 401 402)
3(160 402 679)
3(678 679 402)
3(679 403 160)
3(161 403 679)
3(161 160 403)
3(402 679 403)
3(160 402 403)
3(161 403 680)
3(679 680 403)
3(680 404 161)
3(162 404 680)
3(162 161 404)
3(403 680 404)
3(161 403 404)
3(162 404 681)
3(680 681 404)
3(681 405 162)
3(163 405 681)
3(163 162 405)
3(404 681 405)
3(162 404 405)
3(163 405 682)
3(681 682 405)
3(682 406 163)
3(164 406 682)
3(164 163 406)
3(405 682 406)
3(163 405 406)
3(164 406 683)
3(682 683 406)
3(683 407 164)
3(165 407 683)
3(165 164 407)
3(406 683 407)
3(164 406 407)
3(165 407 684)
3(683 684 407)
3(684 408 165)
3(166 408 684)
3(166 165 408)
3(407 684 408)
3(165 407 408)
3(166 408 685)
3(684 685 408)
3(685 409 166)
3(167 409 685)
3(167 166 409)
3(408 685 409)
3(166 408 409)
3(167 409 686)
3(685 686 409)
3(686 410 167)
3(168 410 686)
3(168 167 410)
3(409 686 410)
3(167 409 410)
3(168 410 687)
3(686 687 410)
3(687 411 168)
3(169 411 687)
3(169 168 411)
3(410 687 411)
3(168 410 411)
3(169 411 688)
3(687 688 411)
3(688 412 169)
3(170 412 688)
3(170 169 412)
3(411 688 412)
3(169 411 412)
3(170 412 689)
3(688 689 412)
3(689 413 170)
3(171 413 689)
3(171 170 413)
3(412 689 413)
3(170 412 413)
3(171 413 690)
3(689 690 413)
3(690 414 171)
3(172 414 690)
3(172 171 414)
3(413 690 414)
3(171 413 414)
3(172 414 691)
3(690 691 414)
3(691 415 172)
3(173 415 691)
3(173 172 415)
3(414 691 415)
3(172 414 415)
3(173 415 692)
3(691 692 415)
3(692 416 173)
3(174 416 692)
3(174 173 416)
3(415 692 416)
3(173 415 416)
3(174 416 693)
3(692 693 416)
3(693 417 174)
3(175 417 693)
3(175 174 417)
3(416 693 417)
3(174 416 417)
3(175 417 694)
3(693 694 417)
3(694 418 175)
3(176 418 694)
3(176 175 418)
3(417 694 418)
3(175 417 418)
3(176 418 695)
3(694 695 418)
3(695 419 176)
3(177 419 695)
3(177 176 419)
3(418 695 419)
3(176 418 419)
3(177 419 696)
3(695 696 419)
3(696 420 177)
3(178 420 696)
3(178 177 420)
3(419 696 420)
3(177 419 420)
3(178 420 697)
3(696 697 420)
3(697 421 178)
3(179 421 697)
3(179 178 421)
3(420 697 421)
3(178 420 421)
3(179 421 698)
3(697 698 421)
3(698 422 179)
3(180 422 698)
3(180 179 422)
3(421 698 422)
3(179 421 422)
3(180 422 699)
3(698 699 422)
3(699 423 180)
3(181 423 699)
3(181 180 423)
3(422 699 423)
3(180 422 423)
3(181 423 700)
3(699 700 423)
3(700 424 181)
3(182 424 700)
3(182 181 424)
3(423 700 424)
3(181 423 424)
3(182 424 464)
3(700 464 424)
3(464 25 182)
3(10 182 25)
3(424 464 25)
3(182 424 25)
3(1 14 662)
3(1 662 305)
3(308 1 662)
3(308 662 66)
3(66 662 1)
3(66 308 663)
3(66 663 662)
3(309 66 663)
3(309 663 67)
3(67 663 66)
3(67 309 664)
3(67 664 663)
3(310 67 664)
3(310 664 68)
3(68 664 67)
3(68 310 665)
3(68 665 664)
3(311 68 665)
3(311 665 69)
3(69 665 68)
3(69 311 666)
3(69 666 665)
3(312 69 666)
3(312 666 70)
3(70 666 69)
3(70 312 667)
3(70 667 666)
3(313 70 667)
3(313 667 71)
3(71 667 70)
3(71 313 668)
3(71 668 667)
3(314 71 668)
3(314 668 72)
3(72 668 71)
3(72 314 669)
3(72 669 668)
3(315 72 669)
3(315 669 73)
3(73 669 72)
3(73 316 669)
3(316 73 670)
3(316 670 74)
3(74 670 73)
3(73 670 669)
3(74 317 670)
3(317 74 671)
3(317 671 75)
3(75 671 74)
3(74 671 670)
3(75 318 671)
3(318 75 672)
3(318 672 76)
3(76 672 75)
3(75 672 671)
3(76 319 672)
3(319 76 673)
3(319 673 77)
3(77 673 76)
3(76 673 672)
3(77 320 673)
3(320 77 674)
3(320 674 78)
3(78 674 77)
3(77 674 673)
3(78 321 674)
3(321 78 675)
3(321 675 79)
3(79 675 78)
3(78 675 674)
3(79 321 676)
3(79 676 675)
3(322 79 676)
3(322 676 80)
3(80 676 79)
3(80 322 677)
3(80 677 676)
3(323 80 677)
3(323 677 81)
3(81 677 80)
3(81 323 678)
3(81 678 677)
3(324 81 678)
3(324 678 82)
3(82 678 81)
3(82 324 679)
3(82 679 678)
3(325 82 679)
3(325 679 83)
3(83 679 82)
3(83 325 680)
3(83 680 679)
3(326 83 680)
3(326 680 84)
3(84 680 83)
3(84 326 681)
3(84 681 680)
3(327 84 681)
3(327 681 85)
3(85 681 84)
3(85 327 682)
3(85 682 681)
3(328 85 682)
3(328 682 86)
3(86 682 85)
3(86 328 683)
3(86 683 682)
3(329 86 683)
3(329 683 87)
3(87 683 86)
3(87 329 684)
3(87 684 683)
3(330 87 684)
3(330 684 88)
3(88 684 87)
3(88 330 685)
3(88 685 684)
3(331 88 685)
3(331 685 89)
3(89 685 88)
3(89 331 686)
3(89 686 685)
3(332 89 686)
3(332 686 90)
3(90 686 89)
3(90 332 687)
3(90 687 686)
3(333 90 687)
3(333 687 91)
3(91 687 90)
3(91 333 688)
3(91 688 687)
3(334 91 688)
3(334 688 92)
3(92 688 91)
3(92 334 689)
3(92 689 688)
3(335 92 689)
3(335 689 93)
3(93 689 92)
3(93 335 690)
3(93 690 689)
3(336 93 690)
3(336 690 94)
3(94 690 93)
3(94 336 691)
3(94 691 690)
3(337 94 691)
3(337 691 95)
3(95 691 94)
3(95 337 692)
3(95 692 691)
3(338 95 692)
3(338 692 96)
3(96 692 95)
3(96 338 693)
3(96 693 692)
3(339 96 693)
3(339 693 97)
3(97 693 96)
3(97 339 694)
3(97 694 693)
3(340 97 694)
3(340 694 98)
3(98 694 97)
3(98 340 695)
3(98 695 694)
3(341 98 695)
3(341 695 99)
3(99 695 98)
3(99 341 696)
3(99 696 695)
3(342 99 696)
3(342 696 100)
3(100 696 99)
3(100 342 697)
3(100 697 696)
3(343 100 697)
3(343 697 101)
3(101 697 100)
3(101 343 698)
3(101 698 697)
3(344 101 698)
3(344 698 102)
3(102 698 101)
3(102 344 699)
3(102 699 698)
3(345 102 699)
3(345 699 103)
3(103 699 102)
3(103 345 700)
3(103 700 699)
3(346 103 700)
3(346 700 104)
3(104 700 103)
3(104 346 464)
3(104 464 700)
3(23 104 464)
3(8 464 104)
3(1 662 15)
3(305 15 662)
3(662 1 347)
3(662 347 66)
3(66 347 1)
3(662 15 347)
3(1 347 15)
3(66 663 347)
3(662 347 663)
3(663 66 348)
3(663 348 67)
3(67 348 66)
3(663 347 348)
3(66 348 347)
3(67 664 348)
3(663 348 664)
3(664 67 349)
3(664 349 68)
3(68 349 67)
3(664 348 349)
3(67 349 348)
3(68 665 349)
3(664 349 665)
3(665 68 350)
3(665 350 69)
3(69 350 68)
3(665 349 350)
3(68 350 349)
3(69 666 350)
3(665 350 666)
3(666 69 351)
3(666 351 70)
3(70 351 69)
3(666 350 351)
3(69 351 350)
3(70 667 351)
3(666 351 667)
3(667 70 352)
3(667 352 71)
3(71 352 70)
3(667 351 352)
3(70 352 351)
3(71 668 352)
3(667 352 668)
3(668 71 353)
3(668 353 72)
3(72 353 71)
3(668 352 353)
3(71 353 352)
3(72 669 353)
3(668 353 669)
3(669 72 354)
3(669 354 73)
3(73 354 72)
3(669 353 354)
3(72 354 353)
3(73 669 355)
3(669 354 355)
3(73 355 354)
3(670 73 355)
3(670 355 74)
3(74 355 73)
3(670 669 355)
3(74 670 356)
3(670 355 356)
3(74 356 355)
3(671 74 356)
3(671 356 75)
3(75 356 74)
3(671 670 356)
3(75 671 357)
3(671 356 357)
3(75 357 356)
3(672 75 357)
3(672 357 76)
3(76 357 75)
3(672 671 357)
3(76 672 358)
3(672 357 358)
3(76 358 357)
3(673 76 358)
3(673 358 77)
3(77 358 76)
3(673 672 358)
3(77 673 359)
3(673 358 359)
3(77 359 358)
3(674 77 359)
3(674 359 78)
3(78 359 77)
3(674 673 359)
3(78 674 360)
3(674 359 360)
3(78 360 359)
3(675 78 360)
3(675 360 79)
3(79 360 78)
3(675 674 360)
3(79 676 360)
3(675 360 676)
3(676 79 361)
3(676 361 80)
3(80 361 79)
3(676 360 361)
3(79 361 360)
3(80 677 361)
3(676 361 677)
3(677 80 362)
3(677 362 81)
3(81 362 80)
3(677 361 362)
3(80 362 361)
3(81 678 362)
3(677 362 678)
3(678 81 363)
3(678 363 82)
3(82 363 81)
3(678 362 363)
3(81 363 362)
3(82 679 363)
3(678 363 679)
3(679 82 364)
3(679 364 83)
3(83 364 82)
3(679 363 364)
3(82 364 363)
3(83 680 364)
3(679 364 680)
3(680 83 365)
3(680 365 84)
3(84 365 83)
3(680 364 365)
3(83 365 364)
3(84 681 365)
3(680 365 681)
3(681 84 366)
3(681 366 85)
3(85 366 84)
3(681 365 366)
3(84 366 365)
3(85 682 366)
3(681 366 682)
3(682 85 367)
3(682 367 86)
3(86 367 85)
3(682 366 367)
3(85 367 366)
3(86 683 367)
3(682 367 683)
3(683 86 368)
3(683 368 87)
3(87 368 86)
3(683 367 368)
3(86 368 367)
3(87 684 368)
3(683 368 684)
3(684 87 369)
3(684 369 88)
3(88 369 87)
3(684 368 369)
3(87 369 368)
3(88 685 369)
3(684 369 685)
3(685 88 370)
3(685 370 89)
3(89 370 88)
3(685 369 370)
3(88 370 369)
3(89 686 370)
3(685 370 686)
3(686 89 371)
3(686 371 90)
3(90 371 89)
3(686 370 371)
3(89 371 370)
3(90 687 371)
3(686 371 687)
3(687 90 372)
3(687 372 91)
3(91 372 90)
3(687 371 372)
3(90 372 371)
3(91 688 372)
3(687 372 688)
3(688 91 373)
3(688 373 92)
3(92 373 91)
3(688 372 373)
3(91 373 372)
3(92 689 373)
3(688 373 689)
3(689 92 374)
3(689 374 93)
3(93 374 92)
3(689 373 374)
3(92 374 373)
3(93 690 374)
3(689 374 690)
3(690 93 375)
3(690 375 94)
3(94 375 93)
3(690 374 375)
3(93 375 374)
3(94 691 375)
3(690 375 691)
3(691 94 376)
3(691 376 95)
3(95 376 94)
3(691 375 376)
3(94 376 375)
3(95 692 376)
3(691 376 692)
3(692 95 377)
3(692 377 96)
3(96 377 95)
3(692 376 377)
3(95 377 376)
3(96 693 377)
3(692 377 693)
3(693 96 378)
3(693 378 97)
3(97 378 96)
3(693 377 378)
3(96 378 377)
3(97 694 378)
3(693 378 694)
3(694 97 379)
3(694 379 98)
3(98 379 97)
3(694 378 379)
3(97 379 378)
3(98 695 379)
3(694 379 695)
3(695 98 380)
3(695 380 99)
3(99 380 98)
3(695 379 380)
3(98 380 379)
3(99 696 380)
3(695 380 696)
3(696 99 381)
3(696 381 100)
3(100 381 99)
3(696 380 381)
3(99 381 380)
3(100 697 381)
3(696 381 697)
3(697 100 382)
3(697 382 101)
3(101 382 100)
3(697 381 382)
3(100 382 381)
3(101 698 382)
3(697 382 698)
3(698 101 383)
3(698 383 102)
3(102 383 101)
3(698 382 383)
3(101 383 382)
3(102 699 383)
3(698 383 699)
3(699 102 384)
3(699 384 103)
3(103 384 102)
3(699 383 384)
3(102 384 383)
3(103 700 384)
3(699 384 700)
3(700 103 385)
3(700 385 104)
3(104 385 103)
3(700 384 385)
3(103 385 384)
3(104 464 385)
3(700 385 464)
3(464 104 24)
3(8 24 104)
3(464 385 24)
3(104 24 385)
3(15 662 16)
3(662 15 386)
3(662 386 347)
3(347 386 15)
3(15 386 16)
3(347 663 386)
3(663 348 386)
3(663 387 348)
3(348 387 386)
3(347 348 386)
3(348 664 387)
3(664 349 387)
3(664 388 349)
3(349 388 387)
3(348 349 387)
3(349 665 388)
3(665 350 388)
3(665 389 350)
3(350 389 388)
3(349 350 388)
3(350 666 389)
3(666 351 389)
3(666 390 351)
3(351 390 389)
3(350 351 389)
3(351 667 390)
3(667 352 390)
3(667 391 352)
3(352 391 390)
3(351 352 390)
3(352 668 391)
3(668 353 391)
3(668 392 353)
3(353 392 391)
3(352 353 391)
3(353 669 392)
3(669 354 392)
3(669 393 354)
3(354 393 392)
3(353 354 392)
3(669 393 355)
3(354 355 393)
3(355 394 669)
3(670 394 355)
3(393 355 394)
3(670 394 356)
3(355 356 394)
3(356 395 670)
3(671 395 356)
3(394 356 395)
3(671 395 357)
3(356 357 395)
3(357 396 671)
3(672 396 357)
3(395 357 396)
3(672 396 358)
3(357 358 396)
3(358 397 672)
3(673 397 358)
3(396 358 397)
3(673 397 359)
3(358 359 397)
3(359 398 673)
3(674 398 359)
3(397 359 398)
3(674 398 360)
3(359 360 398)
3(360 399 674)
3(675 399 360)
3(398 360 399)
3(360 676 399)
3(676 360 400)
3(676 400 361)
3(361 400 360)
3(360 400 399)
3(361 677 400)
3(677 361 401)
3(677 401 362)
3(362 401 361)
3(361 401 400)
3(362 678 401)
3(678 362 402)
3(678 402 363)
3(363 402 362)
3(362 402 401)
3(363 679 402)
3(679 363 403)
3(679 403 364)
3(364 403 363)
3(363 403 402)
3(364 680 403)
3(680 364 404)
3(680 404 365)
3(365 404 364)
3(364 404 403)
3(365 681 404)
3(681 365 405)
3(681 405 366)
3(366 405 365)
3(365 405 404)
3(366 682 405)
3(682 366 406)
3(682 406 367)
3(367 406 366)
3(366 406 405)
3(367 683 406)
3(683 367 407)
3(683 407 368)
3(368 407 367)
3(367 407 406)
3(368 684 407)
3(684 368 408)
3(684 408 369)
3(369 408 368)
3(368 408 407)
3(369 685 408)
3(685 369 409)
3(685 409 370)
3(370 409 369)
3(369 409 408)
3(370 686 409)
3(686 370 410)
3(686 410 371)
3(371 410 370)
3(370 410 409)
3(371 687 410)
3(687 371 411)
3(687 411 372)
3(372 411 371)
3(371 411 410)
3(372 688 411)
3(688 372 412)
3(688 412 373)
3(373 412 372)
3(372 412 411)
3(373 689 412)
3(689 373 413)
3(689 413 374)
3(374 413 373)
3(373 413 412)
3(374 690 413)
3(690 374 414)
3(690 414 375)
3(375 414 374)
3(374 414 413)
3(375 691 414)
3(691 375 415)
3(691 415 376)
3(376 415 375)
3(375 415 414)
3(376 692 415)
3(692 376 416)
3(692 416 377)
3(377 416 376)
3(376 416 415)
3(377 693 416)
3(693 377 417)
3(693 417 378)
3(378 417 377)
3(377 417 416)
3(378 694 417)
3(694 378 418)
3(694 418 379)
3(379 418 378)
3(378 418 417)
3(379 695 418)
3(695 379 419)
3(695 419 380)
3(380 419 379)
3(379 419 418)
3(380 696 419)
3(696 380 420)
3(696 420 381)
3(381 420 380)
3(380 420 419)
3(381 697 420)
3(697 381 421)
3(697 421 382)
3(382 421 381)
3(381 421 420)
3(382 698 421)
3(698 382 422)
3(698 422 383)
3(383 422 382)
3(382 422 421)
3(383 699 422)
3(699 383 423)
3(699 423 384)
3(384 423 383)
3(383 423 422)
3(384 700 423)
3(700 384 424)
3(700 424 385)
3(385 424 384)
3(384 424 423)
3(385 464 424)
3(464 385 25)
3(24 25 385)
3(385 25 424)
3(15 386 2)
3(16 2 386)
3(386 347 2)
3(386 105 347)
3(347 105 2)
3(386 2 105)
3(15 347 2)
3(386 105 348)
3(347 348 105)
3(387 348 105)
3(387 106 348)
3(348 106 105)
3(387 105 106)
3(387 386 105)
3(387 106 349)
3(348 349 106)
3(388 349 106)
3(388 107 349)
3(349 107 106)
3(388 106 107)
3(388 387 106)
3(388 107 350)
3(349 350 107)
3(389 350 107)
3(389 108 350)
3(350 108 107)
3(389 107 108)
3(389 388 107)
3(389 108 351)
3(350 351 108)
3(390 351 108)
3(390 109 351)
3(351 109 108)
3(390 108 109)
3(390 389 108)
3(390 109 352)
3(351 352 109)
3(391 352 109)
3(391 110 352)
3(352 110 109)
3(391 109 110)
3(391 390 109)
3(391 110 353)
3(352 353 110)
3(392 353 110)
3(392 111 353)
3(353 111 110)
3(392 110 111)
3(392 391 110)
3(392 111 354)
3(353 354 111)
3(393 354 111)
3(393 112 354)
3(354 112 111)
3(393 111 112)
3(393 392 111)
3(393 112 355)
3(354 355 112)
3(394 355 112)
3(394 113 355)
3(355 113 112)
3(394 112 113)
3(394 393 112)
3(394 113 356)
3(355 356 113)
3(395 356 113)
3(395 114 356)
3(356 114 113)
3(395 113 114)
3(395 394 113)
3(395 114 357)
3(356 357 114)
3(396 357 114)
3(396 115 357)
3(357 115 114)
3(396 114 115)
3(396 395 114)
3(396 115 358)
3(357 358 115)
3(397 358 115)
3(397 116 358)
3(358 116 115)
3(397 115 116)
3(397 396 115)
3(397 116 359)
3(358 359 116)
3(398 359 116)
3(398 117 359)
3(359 117 116)
3(398 116 117)
3(398 397 116)
3(398 117 360)
3(359 360 117)
3(399 360 117)
3(399 118 360)
3(360 118 117)
3(399 117 118)
3(399 398 117)
3(360 400 118)
3(399 118 400)
3(400 361 118)
3(400 119 361)
3(361 119 118)
3(400 118 119)
3(360 361 118)
3(361 401 119)
3(400 119 401)
3(401 362 119)
3(401 120 362)
3(362 120 119)
3(401 119 120)
3(361 362 119)
3(362 402 120)
3(401 120 402)
3(402 363 120)
3(402 121 363)
3(363 121 120)
3(402 120 121)
3(362 363 120)
3(363 403 121)
3(402 121 403)
3(403 364 121)
3(403 122 364)
3(364 122 121)
3(403 121 122)
3(363 364 121)
3(364 404 122)
3(403 122 404)
3(404 365 122)
3(404 123 365)
3(365 123 122)
3(404 122 123)
3(364 365 122)
3(365 405 123)
3(404 123 405)
3(405 366 123)
3(405 124 366)
3(366 124 123)
3(405 123 124)
3(365 366 123)
3(366 406 124)
3(405 124 406)
3(406 367 124)
3(406 125 367)
3(367 125 124)
3(406 124 125)
3(366 367 124)
3(367 407 125)
3(406 125 407)
3(407 368 125)
3(407 126 368)
3(368 126 125)
3(407 125 126)
3(367 368 125)
3(368 408 126)
3(407 126 408)
3(408 369 126)
3(408 127 369)
3(369 127 126)
3(408 126 127)
3(368 369 126)
3(369 409 127)
3(408 127 409)
3(409 370 127)
3(409 128 370)
3(370 128 127)
3(409 127 128)
3(369 370 127)
3(370 410 128)
3(409 128 410)
3(410 371 128)
3(410 129 371)
3(371 129 128)
3(410 128 129)
3(370 371 128)
3(371 411 129)
3(410 129 411)
3(411 372 129)
3(411 130 372)
3(372 130 129)
3(411 129 130)
3(371 372 129)
3(372 412 130)
3(411 130 412)
3(412 373 130)
3(412 131 373)
3(373 131 130)
3(412 130 131)
3(372 373 130)
3(373 413 131)
3(412 131 413)
3(413 374 131)
3(413 132 374)
3(374 132 131)
3(413 131 132)
3(373 374 131)
3(374 414 132)
3(413 132 414)
3(414 375 132)
3(414 133 375)
3(375 133 132)
3(414 132 133)
3(374 375 132)
3(375 415 133)
3(414 133 415)
3(415 376 133)
3(415 134 376)
3(376 134 133)
3(415 133 134)
3(375 376 133)
3(376 416 134)
3(415 134 416)
3(416 377 134)
3(416 135 377)
3(377 135 134)
3(416 134 135)
3(376 377 134)
3(377 417 135)
3(416 135 417)
3(417 378 135)
3(417 136 378)
3(378 136 135)
3(417 135 136)
3(377 378 135)
3(378 418 136)
3(417 136 418)
3(418 379 136)
3(418 137 379)
3(379 137 136)
3(418 136 137)
3(378 379 136)
3(379 419 137)
3(418 137 419)
3(419 380 137)
3(419 138 380)
3(380 138 137)
3(419 137 138)
3(379 380 137)
3(380 420 138)
3(419 138 420)
3(420 381 138)
3(420 139 381)
3(381 139 138)
3(420 138 139)
3(380 381 138)
3(381 421 139)
3(420 139 421)
3(421 382 139)
3(421 140 382)
3(382 140 139)
3(421 139 140)
3(381 382 139)
3(382 422 140)
3(421 140 422)
3(422 383 140)
3(422 141 383)
3(383 141 140)
3(422 140 141)
3(382 383 140)
3(383 423 141)
3(422 141 423)
3(423 384 141)
3(423 142 384)
3(384 142 141)
3(423 141 142)
3(383 384 141)
3(384 424 142)
3(423 142 424)
3(424 385 142)
3(424 143 385)
3(385 143 142)
3(424 142 143)
3(384 385 142)
3(385 25 143)
3(424 143 25)
3(25 24 143)
3(24 9 143)
3(25 143 9)
3(385 24 143)
3(1 15 465)
3(18 465 15)
3(465 347 1)
3(66 347 465)
3(15 465 347)
3(66 347 466)
3(465 466 347)
3(466 348 66)
3(67 348 466)
3(347 466 348)
3(67 348 467)
3(466 467 348)
3(467 349 67)
3(68 349 467)
3(348 467 349)
3(68 349 468)
3(467 468 349)
3(468 350 68)
3(69 350 468)
3(349 468 350)
3(69 350 469)
3(468 469 350)
3(469 351 69)
3(70 351 469)
3(350 469 351)
3(70 351 470)
3(469 470 351)
3(470 352 70)
3(71 352 470)
3(351 470 352)
3(71 352 471)
3(470 471 352)
3(471 353 71)
3(72 353 471)
3(352 471 353)
3(72 353 472)
3(471 472 353)
3(472 354 72)
3(73 354 472)
3(353 472 354)
3(73 354 473)
3(472 473 354)
3(473 355 73)
3(74 355 473)
3(354 473 355)
3(74 355 474)
3(473 474 355)
3(474 356 74)
3(75 356 474)
3(355 474 356)
3(75 356 475)
3(474 475 356)
3(475 357 75)
3(76 357 475)
3(356 475 357)
3(76 357 476)
3(475 476 357)
3(476 358 76)
3(77 358 476)
3(357 476 358)
3(77 358 477)
3(476 477 358)
3(477 359 77)
3(78 359 477)
3(358 477 359)
3(78 359 478)
3(477 478 359)
3(478 360 78)
3(79 360 478)
3(359 478 360)
3(79 360 479)
3(478 479 360)
3(479 361 79)
3(80 361 479)
3(360 479 361)
3(80 361 480)
3(479 480 361)
3(480 362 80)
3(81 362 480)
3(361 480 362)
3(81 362 481)
3(480 481 362)
3(481 363 81)
3(82 363 481)
3(362 481 363)
3(82 363 482)
3(481 482 363)
3(482 364 82)
3(83 364 482)
3(363 482 364)
3(83 364 483)
3(482 483 364)
3(483 365 83)
3(84 365 483)
3(364 483 365)
3(84 365 484)
3(483 484 365)
3(484 366 84)
3(85 366 484)
3(365 484 366)
3(85 366 485)
3(484 485 366)
3(485 367 85)
3(86 367 485)
3(366 485 367)
3(86 367 486)
3(485 486 367)
3(486 368 86)
3(87 368 486)
3(367 486 368)
3(87 368 487)
3(486 487 368)
3(487 369 87)
3(88 369 487)
3(368 487 369)
3(88 369 488)
3(487 488 369)
3(488 370 88)
3(89 370 488)
3(369 488 370)
3(89 370 489)
3(488 489 370)
3(489 371 89)
3(90 371 489)
3(370 489 371)
3(90 371 490)
3(489 490 371)
3(490 372 90)
3(91 372 490)
3(371 490 372)
3(91 372 491)
3(490 491 372)
3(491 373 91)
3(92 373 491)
3(372 491 373)
3(92 373 492)
3(491 492 373)
3(492 374 92)
3(93 374 492)
3(373 492 374)
3(93 374 493)
3(492 493 374)
3(493 375 93)
3(94 375 493)
3(374 493 375)
3(94 375 494)
3(493 494 375)
3(494 376 94)
3(95 376 494)
3(375 494 376)
3(95 376 495)
3(494 495 376)
3(495 377 95)
3(96 377 495)
3(376 495 377)
3(96 377 496)
3(495 496 377)
3(496 378 96)
3(97 378 496)
3(377 496 378)
3(97 378 497)
3(496 497 378)
3(497 379 97)
3(98 379 497)
3(378 497 379)
3(98 379 498)
3(497 498 379)
3(498 380 98)
3(99 380 498)
3(379 498 380)
3(99 380 499)
3(498 499 380)
3(499 381 99)
3(100 381 499)
3(380 499 381)
3(100 381 500)
3(499 500 381)
3(500 382 100)
3(101 382 500)
3(381 500 382)
3(101 382 501)
3(500 501 382)
3(501 383 101)
3(102 383 501)
3(382 501 383)
3(102 383 502)
3(501 502 383)
3(502 384 102)
3(103 384 502)
3(383 502 384)
3(103 384 503)
3(502 503 384)
3(503 385 103)
3(104 385 503)
3(384 503 385)
3(104 385 183)
3(503 183 385)
3(183 24 104)
3(385 183 24)
3(18 15 701)
3(15 306 701)
3(18 701 306)
3(465 701 15)
3(347 701 465)
3(347 15 701)
3(18 465 701)
3(465 347 702)
3(347 701 702)
3(465 702 701)
3(466 702 347)
3(348 702 466)
3(348 347 702)
3(465 466 702)
3(466 348 703)
3(348 702 703)
3(466 703 702)
3(467 703 348)
3(349 703 467)
3(349 348 703)
3(466 467 703)
3(467 349 704)
3(349 703 704)
3(467 704 703)
3(468 704 349)
3(350 704 468)
3(350 349 704)
3(467 468 704)
3(468 350 705)
3(350 704 705)
3(468 705 704)
3(469 705 350)
3(351 705 469)
3(351 350 705)
3(468 469 705)
3(469 351 706)
3(351 705 706)
3(469 706 705)
3(470 706 351)
3(352 706 470)
3(352 351 706)
3(469 470 706)
3(470 352 707)
3(352 706 707)
3(470 707 706)
3(471 707 352)
3(353 707 471)
3(353 352 707)
3(470 471 707)
3(471 353 708)
3(353 707 708)
3(471 708 707)
3(472 708 353)
3(354 708 472)
3(354 353 708)
3(471 472 708)
3(472 354 709)
3(354 708 709)
3(472 709 708)
3(473 709 354)
3(355 709 473)
3(355 354 709)
3(472 473 709)
3(473 355 710)
3(355 709 710)
3(473 710 709)
3(474 710 355)
3(356 710 474)
3(356 355 710)
3(473 474 710)
3(474 356 711)
3(356 710 711)
3(474 711 710)
3(475 711 356)
3(357 711 475)
3(357 356 711)
3(474 475 711)
3(475 357 712)
3(357 711 712)
3(475 712 711)
3(476 712 357)
3(358 712 476)
3(358 357 712)
3(475 476 712)
3(476 358 713)
3(358 712 713)
3(476 713 712)
3(477 713 358)
3(359 713 477)
3(359 358 713)
3(476 477 713)
3(477 359 714)
3(359 713 714)
3(477 714 713)
3(478 714 359)
3(360 714 478)
3(360 359 714)
3(477 478 714)
3(478 360 715)
3(360 714 715)
3(478 715 714)
3(479 715 360)
3(361 715 479)
3(361 360 715)
3(478 479 715)
3(479 361 716)
3(361 715 716)
3(479 716 715)
3(480 716 361)
3(362 716 480)
3(362 361 716)
3(479 480 716)
3(480 362 717)
3(362 716 717)
3(480 717 716)
3(481 717 362)
3(363 717 481)
3(363 362 717)
3(480 481 717)
3(481 363 718)
3(363 717 718)
3(481 718 717)
3(482 718 363)
3(364 718 482)
3(364 363 718)
3(481 482 718)
3(482 364 719)
3(364 718 719)
3(482 719 718)
3(483 719 364)
3(365 719 483)
3(365 364 719)
3(482 483 719)
3(483 365 720)
3(365 719 720)
3(483 720 719)
3(484 720 365)
3(366 720 484)
3(366 365 720)
3(483 484 720)
3(484 366 721)
3(366 720 721)
3(484 721 720)
3(485 721 366)
3(367 721 485)
3(367 366 721)
3(484 485 721)
3(485 367 722)
3(367 721 722)
3(485 722 721)
3(486 722 367)
3(368 722 486)
3(368 367 722)
3(485 486 722)
3(486 368 723)
3(368 722 723)
3(486 723 722)
3(487 723 368)
3(369 723 487)
3(369 368 723)
3(486 487 723)
3(487 369 724)
3(369 723 724)
3(487 724 723)
3(488 724 369)
3(370 724 488)
3(370 369 724)
3(487 488 724)
3(488 370 725)
3(370 724 725)
3(488 725 724)
3(489 725 370)
3(371 725 489)
3(371 370 725)
3(488 489 725)
3(489 371 726)
3(371 725 726)
3(489 726 725)
3(490 726 371)
3(372 726 490)
3(372 371 726)
3(489 490 726)
3(490 372 727)
3(372 726 727)
3(490 727 726)
3(491 727 372)
3(373 727 491)
3(373 372 727)
3(490 491 727)
3(491 373 728)
3(373 727 728)
3(491 728 727)
3(492 728 373)
3(374 728 492)
3(374 373 728)
3(491 492 728)
3(492 374 729)
3(374 728 729)
3(492 729 728)
3(493 729 374)
3(375 729 493)
3(375 374 729)
3(492 493 729)
3(493 375 730)
3(375 729 730)
3(493 730 729)
3(494 730 375)
3(376 730 494)
3(376 375 730)
3(493 494 730)
3(494 376 731)
3(376 730 731)
3(494 731 730)
3(495 731 376)
3(377 731 495)
3(377 376 731)
3(494 495 731)
3(495 377 732)
3(377 731 732)
3(495 732 731)
3(496 732 377)
3(378 732 496)
3(378 377 732)
3(495 496 732)
3(496 378 733)
3(378 732 733)
3(496 733 732)
3(497 733 378)
3(379 733 497)
3(379 378 733)
3(496 497 733)
3(497 379 734)
3(379 733 734)
3(497 734 733)
3(498 734 379)
3(380 734 498)
3(380 379 734)
3(497 498 734)
3(498 380 735)
3(380 734 735)
3(498 735 734)
3(499 735 380)
3(381 735 499)
3(381 380 735)
3(498 499 735)
3(499 381 736)
3(381 735 736)
3(499 736 735)
3(500 736 381)
3(382 736 500)
3(382 381 736)
3(499 500 736)
3(500 382 737)
3(382 736 737)
3(500 737 736)
3(501 737 382)
3(383 737 501)
3(383 382 737)
3(500 501 737)
3(501 383 738)
3(383 737 738)
3(501 738 737)
3(502 738 383)
3(384 738 502)
3(384 383 738)
3(501 502 738)
3(502 384 739)
3(384 738 739)
3(502 739 738)
3(503 739 384)
3(385 739 503)
3(385 384 739)
3(502 503 739)
3(503 385 582)
3(385 739 582)
3(503 582 739)
3(183 582 385)
3(24 385 582)
3(503 183 582)
3(15 2 701)
3(306 701 2)
3(347 701 2)
3(347 105 701)
3(701 105 2)
3(347 105 702)
3(701 702 105)
3(348 702 105)
3(348 106 702)
3(702 106 105)
3(348 106 703)
3(702 703 106)
3(349 703 106)
3(349 107 703)
3(703 107 106)
3(349 107 704)
3(703 704 107)
3(350 704 107)
3(350 108 704)
3(704 108 107)
3(350 108 705)
3(704 705 108)
3(351 705 108)
3(351 109 705)
3(705 109 108)
3(351 109 706)
3(705 706 109)
3(352 706 109)
3(352 110 706)
3(706 110 109)
3(352 110 707)
3(706 707 110)
3(353 707 110)
3(353 111 707)
3(707 111 110)
3(353 111 708)
3(707 708 111)
3(354 708 111)
3(354 112 708)
3(708 112 111)
3(354 112 709)
3(708 709 112)
3(355 709 112)
3(355 113 709)
3(709 113 112)
3(355 113 710)
3(709 710 113)
3(356 710 113)
3(356 114 710)
3(710 114 113)
3(356 114 711)
3(710 711 114)
3(357 711 114)
3(357 115 711)
3(711 115 114)
3(357 115 712)
3(711 712 115)
3(358 712 115)
3(358 116 712)
3(712 116 115)
3(358 116 713)
3(712 713 116)
3(359 713 116)
3(359 117 713)
3(713 117 116)
3(359 117 714)
3(713 714 117)
3(360 714 117)
3(360 118 714)
3(714 118 117)
3(360 118 715)
3(714 715 118)
3(361 715 118)
3(361 119 715)
3(715 119 118)
3(361 119 716)
3(715 716 119)
3(362 716 119)
3(362 120 716)
3(716 120 119)
3(362 120 717)
3(716 717 120)
3(363 717 120)
3(363 121 717)
3(717 121 120)
3(363 121 718)
3(717 718 121)
3(364 718 121)
3(364 122 718)
3(718 122 121)
3(364 122 719)
3(718 719 122)
3(365 719 122)
3(365 123 719)
3(719 123 122)
3(365 123 720)
3(719 720 123)
3(366 720 123)
3(366 124 720)
3(720 124 123)
3(366 124 721)
3(720 721 124)
3(367 721 124)
3(367 125 721)
3(721 125 124)
3(367 125 722)
3(721 722 125)
3(368 722 125)
3(368 126 722)
3(722 126 125)
3(368 126 723)
3(722 723 126)
3(369 723 126)
3(369 127 723)
3(723 127 126)
3(369 127 724)
3(723 724 127)
3(370 724 127)
3(370 128 724)
3(724 128 127)
3(370 128 725)
3(724 725 128)
3(371 725 128)
3(371 129 725)
3(725 129 128)
3(371 129 726)
3(725 726 129)
3(372 726 129)
3(372 130 726)
3(726 130 129)
3(372 130 727)
3(726 727 130)
3(373 727 130)
3(373 131 727)
3(727 131 130)
3(373 131 728)
3(727 728 131)
3(374 728 131)
3(374 132 728)
3(728 132 131)
3(374 132 729)
3(728 729 132)
3(375 729 132)
3(375 133 729)
3(729 133 132)
3(375 133 730)
3(729 730 133)
3(376 730 133)
3(376 134 730)
3(730 134 133)
3(376 134 731)
3(730 731 134)
3(377 731 134)
3(377 135 731)
3(731 135 134)
3(377 135 732)
3(731 732 135)
3(378 732 135)
3(378 136 732)
3(732 136 135)
3(378 136 733)
3(732 733 136)
3(379 733 136)
3(379 137 733)
3(733 137 136)
3(379 137 734)
3(733 734 137)
3(380 734 137)
3(380 138 734)
3(734 138 137)
3(380 138 735)
3(734 735 138)
3(381 735 138)
3(381 139 735)
3(735 139 138)
3(381 139 736)
3(735 736 139)
3(382 736 139)
3(382 140 736)
3(736 140 139)
3(382 140 737)
3(736 737 140)
3(383 737 140)
3(383 141 737)
3(737 141 140)
3(383 141 738)
3(737 738 141)
3(384 738 141)
3(384 142 738)
3(738 142 141)
3(384 142 739)
3(738 739 142)
3(385 739 142)
3(385 143 739)
3(739 143 142)
3(385 143 582)
3(739 582 143)
3(24 582 143)
3(582 9 143)
3(2 20 701)
3(306 701 20)
3(701 543 2)
3(105 543 701)
3(105 2 543)
3(20 701 543)
3(2 20 543)
3(105 543 702)
3(701 702 543)
3(702 544 105)
3(106 544 702)
3(106 105 544)
3(543 702 544)
3(105 543 544)
3(106 544 703)
3(702 703 544)
3(703 545 106)
3(107 545 703)
3(107 106 545)
3(544 703 545)
3(106 544 545)
3(107 545 704)
3(703 704 545)
3(704 546 107)
3(108 546 704)
3(108 107 546)
3(545 704 546)
3(107 545 546)
3(108 546 705)
3(704 705 546)
3(705 547 108)
3(109 547 705)
3(109 108 547)
3(546 705 547)
3(108 546 547)
3(109 547 706)
3(705 706 547)
3(706 548 109)
3(110 548 706)
3(110 109 548)
3(547 706 548)
3(109 547 548)
3(110 548 707)
3(706 707 548)
3(707 549 110)
3(111 549 707)
3(111 110 549)
3(548 707 549)
3(110 548 549)
3(111 549 708)
3(707 708 549)
3(708 550 111)
3(112 550 708)
3(112 111 550)
3(549 708 550)
3(111 549 550)
3(112 550 709)
3(708 709 550)
3(709 551 112)
3(113 551 709)
3(113 112 551)
3(550 709 551)
3(112 550 551)
3(113 551 710)
3(709 710 551)
3(710 552 113)
3(114 552 710)
3(114 113 552)
3(551 710 552)
3(113 551 552)
3(114 552 711)
3(710 711 552)
3(711 553 114)
3(115 553 711)
3(115 114 553)
3(552 711 553)
3(114 552 553)
3(115 553 712)
3(711 712 553)
3(712 554 115)
3(116 554 712)
3(116 115 554)
3(553 712 554)
3(115 553 554)
3(116 554 713)
3(712 713 554)
3(713 555 116)
3(117 555 713)
3(117 116 555)
3(554 713 555)
3(116 554 555)
3(117 555 714)
3(713 714 555)
3(714 556 117)
3(118 556 714)
3(118 117 556)
3(555 714 556)
3(117 555 556)
3(118 556 715)
3(714 715 556)
3(715 557 118)
3(119 557 715)
3(119 118 557)
3(556 715 557)
3(118 556 557)
3(119 557 716)
3(715 716 557)
3(716 558 119)
3(120 558 716)
3(120 119 558)
3(557 716 558)
3(119 557 558)
3(120 558 717)
3(716 717 558)
3(717 559 120)
3(121 559 717)
3(121 120 559)
3(558 717 559)
3(120 558 559)
3(121 559 718)
3(717 718 559)
3(718 560 121)
3(122 560 718)
3(122 121 560)
3(559 718 560)
3(121 559 560)
3(122 560 719)
3(718 719 560)
3(719 561 122)
3(123 561 719)
3(123 122 561)
3(560 719 561)
3(122 560 561)
3(123 561 720)
3(719 720 561)
3(720 562 123)
3(124 562 720)
3(124 123 562)
3(561 720 562)
3(123 561 562)
3(124 562 721)
3(720 721 562)
3(721 563 124)
3(125 563 721)
3(125 124 563)
3(562 721 563)
3(124 562 563)
3(125 563 722)
3(721 722 563)
3(722 564 125)
3(126 564 722)
3(126 125 564)
3(563 722 564)
3(125 563 564)
3(126 564 723)
3(722 723 564)
3(723 565 126)
3(127 565 723)
3(127 126 565)
3(564 723 565)
3(126 564 565)
3(127 565 724)
3(723 724 565)
3(724 566 127)
3(128 566 724)
3(128 127 566)
3(565 724 566)
3(127 565 566)
3(128 566 725)
3(724 725 566)
3(725 567 128)
3(129 567 725)
3(129 128 567)
3(566 725 567)
3(128 566 567)
3(129 567 726)
3(725 726 567)
3(726 568 129)
3(130 568 726)
3(130 129 568)
3(567 726 568)
3(129 567 568)
3(130 568 727)
3(726 727 568)
3(727 569 130)
3(131 569 727)
3(131 130 569)
3(568 727 569)
3(130 568 569)
3(131 569 728)
3(727 728 569)
3(728 570 131)
3(132 570 728)
3(132 131 570)
3(569 728 570)
3(131 569 570)
3(132 570 729)
3(728 729 570)
3(729 571 132)
3(133 571 729)
3(133 132 571)
3(570 729 571)
3(132 570 571)
3(133 571 730)
3(729 730 571)
3(730 572 133)
3(134 572 730)
3(134 133 572)
3(571 730 572)
3(133 571 572)
3(134 572 731)
3(730 731 572)
3(731 573 134)
3(135 573 731)
3(135 134 573)
3(572 731 573)
3(134 572 573)
3(135 573 732)
3(731 732 573)
3(732 574 135)
3(136 574 732)
3(136 135 574)
3(573 732 574)
3(135 573 574)
3(136 574 733)
3(732 733 574)
3(733 575 136)
3(137 575 733)
3(137 136 575)
3(574 733 575)
3(136 574 575)
3(137 575 734)
3(733 734 575)
3(734 576 137)
3(138 576 734)
3(138 137 576)
3(575 734 576)
3(137 575 576)
3(138 576 735)
3(734 735 576)
3(735 577 138)
3(139 577 735)
3(139 138 577)
3(576 735 577)
3(138 576 577)
3(139 577 736)
3(735 736 577)
3(736 578 139)
3(140 578 736)
3(140 139 578)
3(577 736 578)
3(139 577 578)
3(140 578 737)
3(736 737 578)
3(737 579 140)
3(141 579 737)
3(141 140 579)
3(578 737 579)
3(140 578 579)
3(141 579 738)
3(737 738 579)
3(738 580 141)
3(142 580 738)
3(142 141 580)
3(579 738 580)
3(141 579 580)
3(142 580 739)
3(738 739 580)
3(739 581 142)
3(143 581 739)
3(143 142 581)
3(580 739 581)
3(142 580 581)
3(143 581 582)
3(739 582 581)
3(582 185 143)
3(9 143 185)
3(581 582 185)
3(143 581 185)
3(4 18 701)
3(4 701 306)
3(465 4 701)
3(465 701 186)
3(186 701 4)
3(186 465 702)
3(186 702 701)
3(466 186 702)
3(466 702 187)
3(187 702 186)
3(187 466 703)
3(187 703 702)
3(467 187 703)
3(467 703 188)
3(188 703 187)
3(188 467 704)
3(188 704 703)
3(468 188 704)
3(468 704 189)
3(189 704 188)
3(189 468 705)
3(189 705 704)
3(469 189 705)
3(469 705 190)
3(190 705 189)
3(190 469 706)
3(190 706 705)
3(470 190 706)
3(470 706 191)
3(191 706 190)
3(191 470 707)
3(191 707 706)
3(471 191 707)
3(471 707 192)
3(192 707 191)
3(192 471 708)
3(192 708 707)
3(472 192 708)
3(472 708 193)
3(193 708 192)
3(193 472 709)
3(193 709 708)
3(473 193 709)
3(473 709 194)
3(194 709 193)
3(194 473 710)
3(194 710 709)
3(474 194 710)
3(474 710 195)
3(195 710 194)
3(195 474 711)
3(195 711 710)
3(475 195 711)
3(475 711 196)
3(196 711 195)
3(196 475 712)
3(196 712 711)
3(476 196 712)
3(476 712 197)
3(197 712 196)
3(197 476 713)
3(197 713 712)
3(477 197 713)
3(477 713 198)
3(198 713 197)
3(198 477 714)
3(198 714 713)
3(478 198 714)
3(478 714 199)
3(199 714 198)
3(199 478 715)
3(199 715 714)
3(479 199 715)
3(479 715 200)
3(200 715 199)
3(200 479 716)
3(200 716 715)
3(480 200 716)
3(480 716 201)
3(201 716 200)
3(201 480 717)
3(201 717 716)
3(481 201 717)
3(481 717 202)
3(202 717 201)
3(202 481 718)
3(202 718 717)
3(482 202 718)
3(482 718 203)
3(203 718 202)
3(203 482 719)
3(203 719 718)
3(483 203 719)
3(483 719 204)
3(204 719 203)
3(204 483 720)
3(204 720 719)
3(484 204 720)
3(484 720 205)
3(205 720 204)
3(205 484 721)
3(205 721 720)
3(485 205 721)
3(485 721 206)
3(206 721 205)
3(206 485 722)
3(206 722 721)
3(486 206 722)
3(486 722 207)
3(207 722 206)
3(207 486 723)
3(207 723 722)
3(487 207 723)
3(487 723 208)
3(208 723 207)
3(208 487 724)
3(208 724 723)
3(488 208 724)
3(488 724 209)
3(209 724 208)
3(209 488 725)
3(209 725 724)
3(489 209 725)
3(489 725 210)
3(210 725 209)
3(210 489 726)
3(210 726 725)
3(490 210 726)
3(490 726 211)
3(211 726 210)
3(211 490 727)
3(211 727 726)
3(491 211 727)
3(491 727 212)
3(212 727 211)
3(212 491 728)
3(212 728 727)
3(492 212 728)
3(492 728 213)
3(213 728 212)
3(213 492 729)
3(213 729 728)
3(493 213 729)
3(493 729 214)
3(214 729 213)
3(214 493 730)
3(214 730 729)
3(494 214 730)
3(494 730 215)
3(215 730 214)
3(215 494 731)
3(215 731 730)
3(495 215 731)
3(495 731 216)
3(216 731 215)
3(216 495 732)
3(216 732 731)
3(496 216 732)
3(496 732 217)
3(217 732 216)
3(217 496 733)
3(217 733 732)
3(497 217 733)
3(497 733 218)
3(218 733 217)
3(218 497 734)
3(218 734 733)
3(498 218 734)
3(498 734 219)
3(219 734 218)
3(219 498 735)
3(219 735 734)
3(499 219 735)
3(499 735 220)
3(220 735 219)
3(220 499 736)
3(220 736 735)
3(500 220 736)
3(500 736 221)
3(221 736 220)
3(221 500 737)
3(221 737 736)
3(501 221 737)
3(501 737 222)
3(222 737 221)
3(222 501 738)
3(222 738 737)
3(502 222 738)
3(502 738 223)
3(223 738 222)
3(223 502 739)
3(223 739 738)
3(503 223 739)
3(503 739 224)
3(224 739 223)
3(224 503 582)
3(224 582 739)
3(183 224 582)
3(11 582 224)
3(4 701 19)
3(306 19 701)
3(701 4 504)
3(701 504 186)
3(701 19 504)
3(186 702 504)
3(701 504 702)
3(702 186 505)
3(702 505 187)
3(702 504 505)
3(187 703 505)
3(702 505 703)
3(703 187 506)
3(703 506 188)
3(703 505 506)
3(188 704 506)
3(703 506 704)
3(704 188 507)
3(704 507 189)
3(704 506 507)
3(189 705 507)
3(704 507 705)
3(705 189 508)
3(705 508 190)
3(705 507 508)
3(190 706 508)
3(705 508 706)
3(706 190 509)
3(706 509 191)
3(706 508 509)
3(191 707 509)
3(706 509 707)
3(707 191 510)
3(707 510 192)
3(707 509 510)
3(192 708 510)
3(707 510 708)
3(708 192 511)
3(708 511 193)
3(708 510 511)
3(193 709 511)
3(708 511 709)
3(709 193 512)
3(709 512 194)
3(709 511 512)
3(194 710 512)
3(709 512 710)
3(710 194 513)
3(710 513 195)
3(710 512 513)
3(195 711 513)
3(710 513 711)
3(711 195 514)
3(711 514 196)
3(711 513 514)
3(196 712 514)
3(711 514 712)
3(712 196 515)
3(712 515 197)
3(712 514 515)
3(197 713 515)
3(712 515 713)
3(713 197 516)
3(713 516 198)
3(713 515 516)
3(198 714 516)
3(713 516 714)
3(714 198 517)
3(714 517 199)
3(714 516 517)
3(199 715 517)
3(714 517 715)
3(715 199 518)
3(715 518 200)
3(715 517 518)
3(200 716 518)
3(715 518 716)
3(716 200 519)
3(716 519 201)
3(716 518 519)
3(201 717 519)
3(716 519 717)
3(717 201 520)
3(717 520 202)
3(717 519 520)
3(202 718 520)
3(717 520 718)
3(718 202 521)
3(718 521 203)
3(718 520 521)
3(203 719 521)
3(718 521 719)
3(719 203 522)
3(719 522 204)
3(719 521 522)
3(204 720 522)
3(719 522 720)
3(720 204 523)
3(720 523 205)
3(720 522 523)
3(205 721 523)
3(720 523 721)
3(721 205 524)
3(721 524 206)
3(721 523 524)
3(206 722 524)
3(721 524 722)
3(722 206 525)
3(722 525 207)
3(722 524 525)
3(207 723 525)
3(722 525 723)
3(723 207 526)
3(723 526 208)
3(723 525 526)
3(208 724 526)
3(723 526 724)
3(724 208 527)
3(724 527 209)
3(724 526 527)
3(209 725 527)
3(724 527 725)
3(725 209 528)
3(725 528 210)
3(725 527 528)
3(210 726 528)
3(725 528 726)
3(726 210 529)
3(726 529 211)
3(726 528 529)
3(211 727 529)
3(726 529 727)
3(727 211 530)
3(727 530 212)
3(727 529 530)
3(212 728 530)
3(727 530 728)
3(728 212 531)
3(728 531 213)
3(728 530 531)
3(213 729 531)
3(728 531 729)
3(729 213 532)
3(729 532 214)
3(729 531 532)
3(214 730 532)
3(729 532 730)
3(730 214 533)
3(730 533 215)
3(730 532 533)
3(215 731 533)
3(730 533 731)
3(731 215 534)
3(731 534 216)
3(731 533 534)
3(216 732 534)
3(731 534 732)
3(732 216 535)
3(732 535 217)
3(732 534 535)
3(217 733 535)
3(732 535 733)
3(733 217 536)
3(733 536 218)
3(733 535 536)
3(218 734 536)
3(733 536 734)
3(734 218 537)
3(734 537 219)
3(734 536 537)
3(219 735 537)
3(734 537 735)
3(735 219 538)
3(735 538 220)
3(735 537 538)
3(220 736 538)
3(735 538 736)
3(736 220 539)
3(736 539 221)
3(736 538 539)
3(221 737 539)
3(736 539 737)
3(737 221 540)
3(737 540 222)
3(737 539 540)
3(222 738 540)
3(737 540 738)
3(738 222 541)
3(738 541 223)
3(738 540 541)
3(223 739 541)
3(738 541 739)
3(739 223 542)
3(739 542 224)
3(739 541 542)
3(224 582 542)
3(739 542 582)
3(582 224 184)
3(582 542 184)
3(19 701 20)
3(701 19 543)
3(701 543 504)
3(504 543 19)
3(19 543 20)
3(504 702 543)
3(702 505 543)
3(702 544 505)
3(505 544 543)
3(504 505 543)
3(505 703 544)
3(703 506 544)
3(703 545 506)
3(506 545 544)
3(505 506 544)
3(506 704 545)
3(704 507 545)
3(704 546 507)
3(507 546 545)
3(506 507 545)
3(507 705 546)
3(705 508 546)
3(705 547 508)
3(508 547 546)
3(507 508 546)
3(508 706 547)
3(706 509 547)
3(706 548 509)
3(509 548 547)
3(508 509 547)
3(509 707 548)
3(707 510 548)
3(707 549 510)
3(510 549 548)
3(509 510 548)
3(510 708 549)
3(708 511 549)
3(708 550 511)
3(511 550 549)
3(510 511 549)
3(511 709 550)
3(709 512 550)
3(709 551 512)
3(512 551 550)
3(511 512 550)
3(512 710 551)
3(710 513 551)
3(710 552 513)
3(513 552 551)
3(512 513 551)
3(513 711 552)
3(711 514 552)
3(711 553 514)
3(514 553 552)
3(513 514 552)
3(514 712 553)
3(712 515 553)
3(712 554 515)
3(515 554 553)
3(514 515 553)
3(515 713 554)
3(713 516 554)
3(713 555 516)
3(516 555 554)
3(515 516 554)
3(516 714 555)
3(714 517 555)
3(714 556 517)
3(517 556 555)
3(516 517 555)
3(517 715 556)
3(715 518 556)
3(715 557 518)
3(518 557 556)
3(517 518 556)
3(518 716 557)
3(716 519 557)
3(716 558 519)
3(519 558 557)
3(518 519 557)
3(519 717 558)
3(717 520 558)
3(717 559 520)
3(520 559 558)
3(519 520 558)
3(520 718 559)
3(718 521 559)
3(718 560 521)
3(521 560 559)
3(520 521 559)
3(521 719 560)
3(719 522 560)
3(719 561 522)
3(522 561 560)
3(521 522 560)
3(522 720 561)
3(720 523 561)
3(720 562 523)
3(523 562 561)
3(522 523 561)
3(523 721 562)
3(721 524 562)
3(721 563 524)
3(524 563 562)
3(523 524 562)
3(524 722 563)
3(722 524 564)
3(722 564 525)
3(525 564 524)
3(524 564 563)
3(525 723 564)
3(723 525 565)
3(723 565 526)
3(526 565 525)
3(525 565 564)
3(526 724 565)
3(724 526 566)
3(724 566 527)
3(527 566 526)
3(526 566 565)
3(527 725 566)
3(725 527 567)
3(725 567 528)
3(528 567 527)
3(527 567 566)
3(528 726 567)
3(726 528 568)
3(726 568 529)
3(529 568 528)
3(528 568 567)
3(529 727 568)
3(727 529 569)
3(727 569 530)
3(530 569 529)
3(529 569 568)
3(530 728 569)
3(728 530 570)
3(728 570 531)
3(531 570 530)
3(530 570 569)
3(531 729 570)
3(729 531 571)
3(729 571 532)
3(532 571 531)
3(531 571 570)
3(532 730 571)
3(730 532 572)
3(730 572 533)
3(533 572 532)
3(532 572 571)
3(533 731 572)
3(731 533 573)
3(731 573 534)
3(534 573 533)
3(533 573 572)
3(534 732 573)
3(732 534 574)
3(732 574 535)
3(535 574 534)
3(534 574 573)
3(535 733 574)
3(733 535 575)
3(733 575 536)
3(536 575 535)
3(535 575 574)
3(536 734 575)
3(734 536 576)
3(734 576 537)
3(537 576 536)
3(536 576 575)
3(537 735 576)
3(735 537 577)
3(735 577 538)
3(538 577 537)
3(537 577 576)
3(538 736 577)
3(736 538 578)
3(736 578 539)
3(539 578 538)
3(538 578 577)
3(539 737 578)
3(737 539 579)
3(737 579 540)
3(540 579 539)
3(539 579 578)
3(540 738 579)
3(738 540 580)
3(738 580 541)
3(541 580 540)
3(540 580 579)
3(541 739 580)
3(739 541 581)
3(739 581 542)
3(542 581 541)
3(541 581 580)
3(542 582 581)
3(582 542 185)
3(184 185 542)
3(542 185 581)
3(19 543 5)
3(20 5 543)
3(543 504 5)
3(543 225 504)
3(543 5 225)
3(543 225 505)
3(544 505 225)
3(544 226 505)
3(544 225 226)
3(544 543 225)
3(544 226 506)
3(545 506 226)
3(545 227 506)
3(545 226 227)
3(545 544 226)
3(545 227 507)
3(546 507 227)
3(546 228 507)
3(546 227 228)
3(546 545 227)
3(546 228 508)
3(547 508 228)
3(547 229 508)
3(547 228 229)
3(547 546 228)
3(547 229 509)
3(548 509 229)
3(548 230 509)
3(548 229 230)
3(548 547 229)
3(548 230 510)
3(549 510 230)
3(549 231 510)
3(549 230 231)
3(549 548 230)
3(549 231 511)
3(550 511 231)
3(550 232 511)
3(550 231 232)
3(550 549 231)
3(550 232 512)
3(551 512 232)
3(551 233 512)
3(551 232 233)
3(551 550 232)
3(551 233 513)
3(552 513 233)
3(552 234 513)
3(552 233 234)
3(552 551 233)
3(552 234 514)
3(553 514 234)
3(553 235 514)
3(553 234 235)
3(553 552 234)
3(553 235 515)
3(554 515 235)
3(554 236 515)
3(554 235 236)
3(554 553 235)
3(554 236 516)
3(555 516 236)
3(555 237 516)
3(555 236 237)
3(555 554 236)
3(555 237 517)
3(556 517 237)
3(556 238 517)
3(556 237 238)
3(556 555 237)
3(556 238 518)
3(557 518 238)
3(557 239 518)
3(557 238 239)
3(557 556 238)
3(557 239 519)
3(558 519 239)
3(558 240 519)
3(558 239 240)
3(558 557 239)
3(558 240 520)
3(559 520 240)
3(559 241 520)
3(559 240 241)
3(559 558 240)
3(559 241 521)
3(560 521 241)
3(560 242 521)
3(560 241 242)
3(560 559 241)
3(560 242 522)
3(561 522 242)
3(561 243 522)
3(561 242 243)
3(561 560 242)
3(561 243 523)
3(562 523 243)
3(562 244 523)
3(562 243 244)
3(562 561 243)
3(562 244 524)
3(563 524 244)
3(563 245 524)
3(563 244 245)
3(563 562 244)
3(524 564 245)
3(563 245 564)
3(564 525 245)
3(564 246 525)
3(564 245 246)
3(525 565 246)
3(564 246 565)
3(565 526 246)
3(565 247 526)
3(565 246 247)
3(526 566 247)
3(565 247 566)
3(566 527 247)
3(566 248 527)
3(566 247 248)
3(527 567 248)
3(566 248 567)
3(567 528 248)
3(567 249 528)
3(567 248 249)
3(528 568 249)
3(567 249 568)
3(568 529 249)
3(568 250 529)
3(568 249 250)
3(529 569 250)
3(568 250 569)
3(569 530 250)
3(569 251 530)
3(569 250 251)
3(530 570 251)
3(569 251 570)
3(570 531 251)
3(570 252 531)
3(570 251 252)
3(531 571 252)
3(570 252 571)
3(571 532 252)
3(571 253 532)
3(571 252 253)
3(532 572 253)
3(571 253 572)
3(572 533 253)
3(572 254 533)
3(572 253 254)
3(533 573 254)
3(572 254 573)
3(573 534 254)
3(573 255 534)
3(573 254 255)
3(534 574 255)
3(573 255 574)
3(574 535 255)
3(574 256 535)
3(574 255 256)
3(535 575 256)
3(574 256 575)
3(575 536 256)
3(575 257 536)
3(575 256 257)
3(536 576 257)
3(575 257 576)
3(576 537 257)
3(576 258 537)
3(576 257 258)
3(537 577 258)
3(576 258 577)
3(577 538 258)
3(577 259 538)
3(577 258 259)
3(538 578 259)
3(577 259 578)
3(578 539 259)
3(578 260 539)
3(578 259 260)
3(539 579 260)
3(578 260 579)
3(579 540 260)
3(579 261 540)
3(579 260 261)
3(540 580 261)
3(579 261 580)
3(580 541 261)
3(580 262 541)
3(580 261 262)
3(541 581 262)
3(580 262 581)
3(581 542 262)
3(581 263 542)
3(581 262 263)
3(542 185 263)
3(581 263 185)
3(185 184 263)
3(185 263 12)
3(2 16 543)
3(20 543 16)
3(543 386 2)
3(105 386 543)
3(16 543 386)
3(105 386 544)
3(543 544 386)
3(544 387 105)
3(106 387 544)
3(386 544 387)
3(106 387 545)
3(544 545 387)
3(545 388 106)
3(107 388 545)
3(387 545 388)
3(107 388 546)
3(545 546 388)
3(546 389 107)
3(108 389 546)
3(388 546 389)
3(108 389 547)
3(546 547 389)
3(547 390 108)
3(109 390 547)
3(389 547 390)
3(109 390 548)
3(547 548 390)
3(548 391 109)
3(110 391 548)
3(390 548 391)
3(110 391 549)
3(548 549 391)
3(549 392 110)
3(111 392 549)
3(391 549 392)
3(111 392 550)
3(549 550 392)
3(550 393 111)
3(112 393 550)
3(392 550 393)
3(112 393 551)
3(550 551 393)
3(551 394 112)
3(113 394 551)
3(393 551 394)
3(113 394 552)
3(551 552 394)
3(552 395 113)
3(114 395 552)
3(394 552 395)
3(114 395 553)
3(552 553 395)
3(553 396 114)
3(115 396 553)
3(395 553 396)
3(115 396 554)
3(553 554 396)
3(554 397 115)
3(116 397 554)
3(396 554 397)
3(116 397 555)
3(554 555 397)
3(555 398 116)
3(117 398 555)
3(397 555 398)
3(117 398 556)
3(555 556 398)
3(556 399 117)
3(118 399 556)
3(398 556 399)
3(556 118 400)
3(556 400 399)
3(557 400 118)
3(119 400 557)
3(556 557 400)
3(557 119 401)
3(557 401 400)
3(558 401 119)
3(120 401 558)
3(557 558 401)
3(558 120 402)
3(558 402 401)
3(559 402 120)
3(121 402 559)
3(558 559 402)
3(559 121 403)
3(559 403 402)
3(560 403 121)
3(122 403 560)
3(559 560 403)
3(560 122 404)
3(560 404 403)
3(561 404 122)
3(123 404 561)
3(560 561 404)
3(561 123 405)
3(561 405 404)
3(562 405 123)
3(124 405 562)
3(561 562 405)
3(562 124 406)
3(562 406 405)
3(563 406 124)
3(125 406 563)
3(562 563 406)
3(125 406 564)
3(563 564 406)
3(564 407 125)
3(126 407 564)
3(406 564 407)
3(126 407 565)
3(564 565 407)
3(565 408 126)
3(127 408 565)
3(407 565 408)
3(127 408 566)
3(565 566 408)
3(566 409 127)
3(128 409 566)
3(408 566 409)
3(128 409 567)
3(566 567 409)
3(567 410 128)
3(129 410 567)
3(409 567 410)
3(129 410 568)
3(567 568 410)
3(568 411 129)
3(130 411 568)
3(410 568 411)
3(130 411 569)
3(568 569 411)
3(569 412 130)
3(131 412 569)
3(411 569 412)
3(131 412 570)
3(569 570 412)
3(570 413 131)
3(132 413 570)
3(412 570 413)
3(132 413 571)
3(570 571 413)
3(571 414 132)
3(133 414 571)
3(413 571 414)
3(133 414 572)
3(571 572 414)
3(572 415 133)
3(134 415 572)
3(414 572 415)
3(134 415 573)
3(572 573 415)
3(573 416 134)
3(135 416 573)
3(415 573 416)
3(135 416 574)
3(573 574 416)
3(574 417 135)
3(136 417 574)
3(416 574 417)
3(136 417 575)
3(574 575 417)
3(575 418 136)
3(137 418 575)
3(417 575 418)
3(137 418 576)
3(575 576 418)
3(576 419 137)
3(138 419 576)
3(418 576 419)
3(138 419 577)
3(576 577 419)
3(577 420 138)
3(139 420 577)
3(419 577 420)
3(139 420 578)
3(577 578 420)
3(578 421 139)
3(140 421 578)
3(420 578 421)
3(140 421 579)
3(578 579 421)
3(579 422 140)
3(141 422 579)
3(421 579 422)
3(141 422 580)
3(579 580 422)
3(580 423 141)
3(142 423 580)
3(422 580 423)
3(142 423 581)
3(580 581 423)
3(581 424 142)
3(143 424 581)
3(423 581 424)
3(143 424 185)
3(581 185 424)
3(185 25 143)
3(424 185 25)
3(20 16 740)
3(16 307 740)
3(20 740 307)
3(543 740 16)
3(386 740 543)
3(386 16 740)
3(20 543 740)
3(543 386 741)
3(386 740 741)
3(543 741 740)
3(544 741 386)
3(387 741 544)
3(387 386 741)
3(543 544 741)
3(544 387 742)
3(387 741 742)
3(544 742 741)
3(545 742 387)
3(388 742 545)
3(388 387 742)
3(544 545 742)
3(545 388 743)
3(388 742 743)
3(545 743 742)
3(546 743 388)
3(389 743 546)
3(389 388 743)
3(545 546 743)
3(546 389 744)
3(389 743 744)
3(546 744 743)
3(547 744 389)
3(390 744 547)
3(390 389 744)
3(546 547 744)
3(547 390 745)
3(390 744 745)
3(547 745 744)
3(548 745 390)
3(391 745 548)
3(391 390 745)
3(547 548 745)
3(548 391 746)
3(391 745 746)
3(548 746 745)
3(549 746 391)
3(392 746 549)
3(392 391 746)
3(548 549 746)
3(549 392 747)
3(392 746 747)
3(549 747 746)
3(550 747 392)
3(393 747 550)
3(393 392 747)
3(549 550 747)
3(550 393 748)
3(393 747 748)
3(550 748 747)
3(551 748 393)
3(394 748 551)
3(394 393 748)
3(550 551 748)
3(551 394 749)
3(394 748 749)
3(551 749 748)
3(552 749 394)
3(395 749 552)
3(395 394 749)
3(551 552 749)
3(552 395 750)
3(395 749 750)
3(552 750 749)
3(553 750 395)
3(396 750 553)
3(396 395 750)
3(552 553 750)
3(553 396 751)
3(396 750 751)
3(553 751 750)
3(554 751 396)
3(397 751 554)
3(397 396 751)
3(553 554 751)
3(554 397 752)
3(397 751 752)
3(554 752 751)
3(555 752 397)
3(398 752 555)
3(398 397 752)
3(554 555 752)
3(555 398 753)
3(398 752 753)
3(555 753 752)
3(556 753 398)
3(399 753 556)
3(399 398 753)
3(555 556 753)
3(556 399 754)
3(399 753 754)
3(556 754 753)
3(400 556 754)
3(400 754 557)
3(557 754 556)
3(400 399 754)
3(557 400 755)
3(400 754 755)
3(557 755 754)
3(401 557 755)
3(401 755 558)
3(558 755 557)
3(401 400 755)
3(558 401 756)
3(401 755 756)
3(558 756 755)
3(402 558 756)
3(402 756 559)
3(559 756 558)
3(402 401 756)
3(559 402 757)
3(402 756 757)
3(559 757 756)
3(403 559 757)
3(403 757 560)
3(560 757 559)
3(403 402 757)
3(560 403 758)
3(403 757 758)
3(560 758 757)
3(404 560 758)
3(404 758 561)
3(561 758 560)
3(404 403 758)
3(561 404 759)
3(404 758 759)
3(561 759 758)
3(405 561 759)
3(405 759 562)
3(562 759 561)
3(405 404 759)
3(562 405 760)
3(405 759 760)
3(562 760 759)
3(406 562 760)
3(406 760 563)
3(563 760 562)
3(406 405 760)
3(563 406 761)
3(406 760 761)
3(563 761 760)
3(564 761 406)
3(407 761 564)
3(407 406 761)
3(563 564 761)
3(564 407 762)
3(407 761 762)
3(564 762 761)
3(565 762 407)
3(408 762 565)
3(408 407 762)
3(564 565 762)
3(565 408 763)
3(408 762 763)
3(565 763 762)
3(566 763 408)
3(409 763 566)
3(409 408 763)
3(565 566 763)
3(566 409 764)
3(409 763 764)
3(566 764 763)
3(567 764 409)
3(410 764 567)
3(410 409 764)
3(566 567 764)
3(567 410 765)
3(410 764 765)
3(567 765 764)
3(568 765 410)
3(411 765 568)
3(411 410 765)
3(567 568 765)
3(568 411 766)
3(411 765 766)
3(568 766 765)
3(569 766 411)
3(412 766 569)
3(412 411 766)
3(568 569 766)
3(569 412 767)
3(412 766 767)
3(569 767 766)
3(570 767 412)
3(413 767 570)
3(413 412 767)
3(569 570 767)
3(570 413 768)
3(413 767 768)
3(570 768 767)
3(571 768 413)
3(414 768 571)
3(414 413 768)
3(570 571 768)
3(571 414 769)
3(414 768 769)
3(571 769 768)
3(572 769 414)
3(415 769 572)
3(415 414 769)
3(571 572 769)
3(572 415 770)
3(415 769 770)
3(572 770 769)
3(573 770 415)
3(416 770 573)
3(416 415 770)
3(572 573 770)
3(573 416 771)
3(416 770 771)
3(573 771 770)
3(574 771 416)
3(417 771 574)
3(417 416 771)
3(573 574 771)
3(574 417 772)
3(417 771 772)
3(574 772 771)
3(575 772 417)
3(418 772 575)
3(418 417 772)
3(574 575 772)
3(575 418 773)
3(418 772 773)
3(575 773 772)
3(576 773 418)
3(419 773 576)
3(419 418 773)
3(575 576 773)
3(576 419 774)
3(419 773 774)
3(576 774 773)
3(577 774 419)
3(420 774 577)
3(420 419 774)
3(576 577 774)
3(577 420 775)
3(420 774 775)
3(577 775 774)
3(578 775 420)
3(421 775 578)
3(421 420 775)
3(577 578 775)
3(578 421 776)
3(421 775 776)
3(578 776 775)
3(579 776 421)
3(422 776 579)
3(422 421 776)
3(578 579 776)
3(579 422 777)
3(422 776 777)
3(579 777 776)
3(580 777 422)
3(423 777 580)
3(423 422 777)
3(579 580 777)
3(580 423 778)
3(423 777 778)
3(580 778 777)
3(581 778 423)
3(424 778 581)
3(424 423 778)
3(580 581 778)
3(581 424 661)
3(424 778 661)
3(581 661 778)
3(185 661 424)
3(25 424 661)
3(581 185 661)
3(16 3 740)
3(307 740 3)
3(386 740 3)
3(386 144 740)
3(740 144 3)
3(386 144 741)
3(740 741 144)
3(387 741 144)
3(387 145 741)
3(741 145 144)
3(387 145 742)
3(741 742 145)
3(388 742 145)
3(388 146 742)
3(742 146 145)
3(388 146 743)
3(742 743 146)
3(389 743 146)
3(389 147 743)
3(743 147 146)
3(389 147 744)
3(743 744 147)
3(390 744 147)
3(390 148 744)
3(744 148 147)
3(390 148 745)
3(744 745 148)
3(391 745 148)
3(391 149 745)
3(745 149 148)
3(391 149 746)
3(745 746 149)
3(392 746 149)
3(392 150 746)
3(746 150 149)
3(392 150 747)
3(746 747 150)
3(393 747 150)
3(393 151 747)
3(747 151 150)
3(393 151 748)
3(747 748 151)
3(394 748 151)
3(394 152 748)
3(748 152 151)
3(394 152 749)
3(748 749 152)
3(395 749 152)
3(395 153 749)
3(749 153 152)
3(395 153 750)
3(749 750 153)
3(396 750 153)
3(396 154 750)
3(750 154 153)
3(396 154 751)
3(750 751 154)
3(397 751 154)
3(397 155 751)
3(751 155 154)
3(397 155 752)
3(751 752 155)
3(398 752 155)
3(398 156 752)
3(752 156 155)
3(398 156 753)
3(752 753 156)
3(399 753 156)
3(399 157 753)
3(753 157 156)
3(399 157 754)
3(753 754 157)
3(400 754 157)
3(400 158 754)
3(754 158 157)
3(400 158 755)
3(754 755 158)
3(401 755 158)
3(401 159 755)
3(755 159 158)
3(401 159 756)
3(755 756 159)
3(402 756 159)
3(402 160 756)
3(756 160 159)
3(402 160 757)
3(756 757 160)
3(403 757 160)
3(403 161 757)
3(757 161 160)
3(403 161 758)
3(757 758 161)
3(404 758 161)
3(404 162 758)
3(758 162 161)
3(404 162 759)
3(758 759 162)
3(405 759 162)
3(405 163 759)
3(759 163 162)
3(405 163 760)
3(759 760 163)
3(406 760 163)
3(406 164 760)
3(760 164 163)
3(406 164 761)
3(760 761 164)
3(407 761 164)
3(407 165 761)
3(761 165 164)
3(407 165 762)
3(761 762 165)
3(408 762 165)
3(408 166 762)
3(762 166 165)
3(408 166 763)
3(762 763 166)
3(409 763 166)
3(409 167 763)
3(763 167 166)
3(409 167 764)
3(763 764 167)
3(410 764 167)
3(410 168 764)
3(764 168 167)
3(410 168 765)
3(764 765 168)
3(411 765 168)
3(411 169 765)
3(765 169 168)
3(411 169 766)
3(765 766 169)
3(412 766 169)
3(412 170 766)
3(766 170 169)
3(412 170 767)
3(766 767 170)
3(413 767 170)
3(413 171 767)
3(767 171 170)
3(413 171 768)
3(767 768 171)
3(414 768 171)
3(414 172 768)
3(768 172 171)
3(414 172 769)
3(768 769 172)
3(415 769 172)
3(415 173 769)
3(769 173 172)
3(415 173 770)
3(769 770 173)
3(416 770 173)
3(416 174 770)
3(770 174 173)
3(416 174 771)
3(770 771 174)
3(417 771 174)
3(417 175 771)
3(771 175 174)
3(417 175 772)
3(771 772 175)
3(418 772 175)
3(418 176 772)
3(772 176 175)
3(418 176 773)
3(772 773 176)
3(419 773 176)
3(419 177 773)
3(773 177 176)
3(419 177 774)
3(773 774 177)
3(420 774 177)
3(420 178 774)
3(774 178 177)
3(420 178 775)
3(774 775 178)
3(421 775 178)
3(421 179 775)
3(775 179 178)
3(421 179 776)
3(775 776 179)
3(422 776 179)
3(422 180 776)
3(776 180 179)
3(422 180 777)
3(776 777 180)
3(423 777 180)
3(423 181 777)
3(777 181 180)
3(423 181 778)
3(777 778 181)
3(424 778 181)
3(424 182 778)
3(778 182 181)
3(424 182 661)
3(778 661 182)
3(25 661 182)
3(661 10 182)
3(3 22 740)
3(307 740 22)
3(740 622 3)
3(144 622 740)
3(22 740 622)
3(144 622 741)
3(740 741 622)
3(741 623 144)
3(145 623 741)
3(622 741 623)
3(145 623 742)
3(741 742 623)
3(742 624 145)
3(146 624 742)
3(623 742 624)
3(146 624 743)
3(742 743 624)
3(743 625 146)
3(147 625 743)
3(624 743 625)
3(147 625 744)
3(743 744 625)
3(744 626 147)
3(148 626 744)
3(625 744 626)
3(148 626 745)
3(744 745 626)
3(745 627 148)
3(149 627 745)
3(626 745 627)
3(149 627 746)
3(745 746 627)
3(746 628 149)
3(150 628 746)
3(627 746 628)
3(150 628 747)
3(746 747 628)
3(747 629 150)
3(151 629 747)
3(628 747 629)
3(151 629 748)
3(747 748 629)
3(748 630 151)
3(152 630 748)
3(629 748 630)
3(152 630 749)
3(748 749 630)
3(749 631 152)
3(153 631 749)
3(630 749 631)
3(153 631 750)
3(749 750 631)
3(750 632 153)
3(154 632 750)
3(631 750 632)
3(154 632 751)
3(750 751 632)
3(751 633 154)
3(155 633 751)
3(632 751 633)
3(155 633 752)
3(751 752 633)
3(752 634 155)
3(156 634 752)
3(633 752 634)
3(156 634 753)
3(752 753 634)
3(753 635 156)
3(157 635 753)
3(634 753 635)
3(157 635 754)
3(753 754 635)
3(754 636 157)
3(158 636 754)
3(635 754 636)
3(158 636 755)
3(754 755 636)
3(755 637 158)
3(159 637 755)
3(636 755 637)
3(159 637 756)
3(755 756 637)
3(756 638 159)
3(160 638 756)
3(637 756 638)
3(160 638 757)
3(756 757 638)
3(757 639 160)
3(161 639 757)
3(638 757 639)
3(161 639 758)
3(757 758 639)
3(758 640 161)
3(162 640 758)
3(639 758 640)
3(162 640 759)
3(758 759 640)
3(759 641 162)
3(163 641 759)
3(640 759 641)
3(163 641 760)
3(759 760 641)
3(760 642 163)
3(164 642 760)
3(641 760 642)
3(164 642 761)
3(760 761 642)
3(761 643 164)
3(165 643 761)
3(642 761 643)
3(165 643 762)
3(761 762 643)
3(762 644 165)
3(166 644 762)
3(643 762 644)
3(166 644 763)
3(762 763 644)
3(763 645 166)
3(167 645 763)
3(644 763 645)
3(167 645 764)
3(763 764 645)
3(764 646 167)
3(168 646 764)
3(645 764 646)
3(168 646 765)
3(764 765 646)
3(765 647 168)
3(169 647 765)
3(646 765 647)
3(169 647 766)
3(765 766 647)
3(766 648 169)
3(170 648 766)
3(647 766 648)
3(170 648 767)
3(766 767 648)
3(767 649 170)
3(171 649 767)
3(648 767 649)
3(171 649 768)
3(767 768 649)
3(768 650 171)
3(172 650 768)
3(649 768 650)
3(172 650 769)
3(768 769 650)
3(769 651 172)
3(173 651 769)
3(650 769 651)
3(173 651 770)
3(769 770 651)
3(770 652 173)
3(174 652 770)
3(651 770 652)
3(174 652 771)
3(770 771 652)
3(771 653 174)
3(175 653 771)
3(652 771 653)
3(175 653 772)
3(771 772 653)
3(772 654 175)
3(176 654 772)
3(653 772 654)
3(176 654 773)
3(772 773 654)
3(773 655 176)
3(177 655 773)
3(654 773 655)
3(177 655 774)
3(773 774 655)
3(774 656 177)
3(178 656 774)
3(655 774 656)
3(178 656 775)
3(774 775 656)
3(775 657 178)
3(179 657 775)
3(656 775 657)
3(179 657 776)
3(775 776 657)
3(776 658 179)
3(180 658 776)
3(657 776 658)
3(180 658 777)
3(776 777 658)
3(777 659 180)
3(181 659 777)
3(658 777 659)
3(181 659 778)
3(777 778 659)
3(778 660 181)
3(182 660 778)
3(659 778 660)
3(182 660 661)
3(778 661 660)
3(661 265 182)
3(660 661 265)
3(5 20 740)
3(5 740 307)
3(543 5 740)
3(543 740 225)
3(225 740 5)
3(225 543 741)
3(225 741 740)
3(544 225 741)
3(544 741 226)
3(226 741 225)
3(226 544 742)
3(226 742 741)
3(545 226 742)
3(545 742 227)
3(227 742 226)
3(227 545 743)
3(227 743 742)
3(546 227 743)
3(546 743 228)
3(228 743 227)
3(228 546 744)
3(228 744 743)
3(547 228 744)
3(547 744 229)
3(229 744 228)
3(229 547 745)
3(229 745 744)
3(548 229 745)
3(548 745 230)
3(230 745 229)
3(230 548 746)
3(230 746 745)
3(549 230 746)
3(549 746 231)
3(231 746 230)
3(231 549 747)
3(231 747 746)
3(550 231 747)
3(550 747 232)
3(232 747 231)
3(232 550 748)
3(232 748 747)
3(551 232 748)
3(551 748 233)
3(233 748 232)
3(233 551 749)
3(233 749 748)
3(552 233 749)
3(552 749 234)
3(234 749 233)
3(234 552 750)
3(234 750 749)
3(553 234 750)
3(553 750 235)
3(235 750 234)
3(235 553 751)
3(235 751 750)
3(554 235 751)
3(554 751 236)
3(236 751 235)
3(236 554 752)
3(236 752 751)
3(555 236 752)
3(555 752 237)
3(237 752 236)
3(237 555 753)
3(237 753 752)
3(556 237 753)
3(556 753 238)
3(238 753 237)
3(238 556 754)
3(238 754 753)
3(557 238 754)
3(557 754 239)
3(239 754 238)
3(239 557 755)
3(239 755 754)
3(558 239 755)
3(558 755 240)
3(240 755 239)
3(240 558 756)
3(240 756 755)
3(559 240 756)
3(559 756 241)
3(241 756 240)
3(241 559 757)
3(241 757 756)
3(560 241 757)
3(560 757 242)
3(242 757 241)
3(242 560 758)
3(242 758 757)
3(561 242 758)
3(561 758 243)
3(243 758 242)
3(243 561 759)
3(243 759 758)
3(562 243 759)
3(562 759 244)
3(244 759 243)
3(244 562 760)
3(244 760 759)
3(563 244 760)
3(563 760 245)
3(245 760 244)
3(245 563 761)
3(245 761 760)
3(564 245 761)
3(564 761 246)
3(246 761 245)
3(246 564 762)
3(246 762 761)
3(565 246 762)
3(565 762 247)
3(247 762 246)
3(247 565 763)
3(247 763 762)
3(566 247 763)
3(566 763 248)
3(248 763 247)
3(248 566 764)
3(248 764 763)
3(567 248 764)
3(567 764 249)
3(249 764 248)
3(249 567 765)
3(249 765 764)
3(568 249 765)
3(568 765 250)
3(250 765 249)
3(250 568 766)
3(250 766 765)
3(569 250 766)
3(569 766 251)
3(251 766 250)
3(251 569 767)
3(251 767 766)
3(570 251 767)
3(570 767 252)
3(252 767 251)
3(252 570 768)
3(252 768 767)
3(571 252 768)
3(571 768 253)
3(253 768 252)
3(253 571 769)
3(253 769 768)
3(572 253 769)
3(572 769 254)
3(254 769 253)
3(254 572 770)
3(254 770 769)
3(573 254 770)
3(573 770 255)
3(255 770 254)
3(255 573 771)
3(255 771 770)
3(574 255 771)
3(574 771 256)
3(256 771 255)
3(256 574 772)
3(256 772 771)
3(575 256 772)
3(575 772 257)
3(257 772 256)
3(257 575 773)
3(257 773 772)
3(576 257 773)
3(576 773 258)
3(258 773 257)
3(258 576 774)
3(258 774 773)
3(577 258 774)
3(577 774 259)
3(259 774 258)
3(259 577 775)
3(259 775 774)
3(578 259 775)
3(578 775 260)
3(260 775 259)
3(260 578 776)
3(260 776 775)
3(579 260 776)
3(579 776 261)
3(261 776 260)
3(261 579 777)
3(261 777 776)
3(580 261 777)
3(580 777 262)
3(262 777 261)
3(262 580 778)
3(262 778 777)
3(581 262 778)
3(581 778 263)
3(263 778 262)
3(263 581 661)
3(263 661 778)
3(185 263 661)
3(12 661 263)
3(5 740 21)
3(307 21 740)
3(740 5 583)
3(740 583 225)
3(740 21 583)
3(225 741 583)
3(740 583 741)
3(741 225 584)
3(741 584 226)
3(741 583 584)
3(226 742 584)
3(741 584 742)
3(742 226 585)
3(742 585 227)
3(742 584 585)
3(227 743 585)
3(742 585 743)
3(743 227 586)
3(743 586 228)
3(743 585 586)
3(228 744 586)
3(743 586 744)
3(744 228 587)
3(744 587 229)
3(744 586 587)
3(229 745 587)
3(744 587 745)
3(745 229 588)
3(745 588 230)
3(745 587 588)
3(230 746 588)
3(745 588 746)
3(746 230 589)
3(746 589 231)
3(746 588 589)
3(231 747 589)
3(746 589 747)
3(747 231 590)
3(747 590 232)
3(747 589 590)
3(232 748 590)
3(747 590 748)
3(748 232 591)
3(748 591 233)
3(748 590 591)
3(233 749 591)
3(748 591 749)
3(749 233 592)
3(749 592 234)
3(749 591 592)
3(234 750 592)
3(749 592 750)
3(750 234 593)
3(750 593 235)
3(750 592 593)
3(235 751 593)
3(750 593 751)
3(751 235 594)
3(751 594 236)
3(751 593 594)
3(236 752 594)
3(751 594 752)
3(752 236 595)
3(752 595 237)
3(752 594 595)
3(237 753 595)
3(752 595 753)
3(753 237 596)
3(753 596 238)
3(753 595 596)
3(238 754 596)
3(753 596 754)
3(754 238 597)
3(754 597 239)
3(754 596 597)
3(239 755 597)
3(754 597 755)
3(755 239 598)
3(755 598 240)
3(755 597 598)
3(240 756 598)
3(755 598 756)
3(756 240 599)
3(756 599 241)
3(756 598 599)
3(241 757 599)
3(756 599 757)
3(757 241 600)
3(757 600 242)
3(757 599 600)
3(242 758 600)
3(757 600 758)
3(758 242 601)
3(758 601 243)
3(758 600 601)
3(243 759 601)
3(758 601 759)
3(759 243 602)
3(759 602 244)
3(759 601 602)
3(244 760 602)
3(759 602 760)
3(760 244 603)
3(760 603 245)
3(760 602 603)
3(245 761 603)
3(760 603 761)
3(761 245 604)
3(761 604 246)
3(761 603 604)
3(246 762 604)
3(761 604 762)
3(762 246 605)
3(762 605 247)
3(762 604 605)
3(247 763 605)
3(762 605 763)
3(763 247 606)
3(763 606 248)
3(763 605 606)
3(248 764 606)
3(763 606 764)
3(764 248 607)
3(764 607 249)
3(764 606 607)
3(249 765 607)
3(764 607 765)
3(765 249 608)
3(765 608 250)
3(765 607 608)
3(250 766 608)
3(765 608 766)
3(766 250 609)
3(766 609 251)
3(766 608 609)
3(251 767 609)
3(766 609 767)
3(767 251 610)
3(767 610 252)
3(767 609 610)
3(252 768 610)
3(767 610 768)
3(768 252 611)
3(768 611 253)
3(768 610 611)
3(253 769 611)
3(768 611 769)
3(769 253 612)
3(769 612 254)
3(769 611 612)
3(254 770 612)
3(769 612 770)
3(770 254 613)
3(770 613 255)
3(770 612 613)
3(255 771 613)
3(770 613 771)
3(771 255 614)
3(771 614 256)
3(771 613 614)
3(256 772 614)
3(771 614 772)
3(772 256 615)
3(772 615 257)
3(772 614 615)
3(257 773 615)
3(772 615 773)
3(773 257 616)
3(773 616 258)
3(773 615 616)
3(258 774 616)
3(773 616 774)
3(774 258 617)
3(774 617 259)
3(774 616 617)
3(259 775 617)
3(774 617 775)
3(775 259 618)
3(775 618 260)
3(775 617 618)
3(260 776 618)
3(775 618 776)
3(776 260 619)
3(776 619 261)
3(776 618 619)
3(261 777 619)
3(776 619 777)
3(777 261 620)
3(777 620 262)
3(777 619 620)
3(262 778 620)
3(777 620 778)
3(778 262 621)
3(778 621 263)
3(778 620 621)
3(263 661 621)
3(778 621 661)
3(661 263 264)
3(661 621 264)
3(21 740 22)
3(740 21 622)
3(740 622 583)
3(583 622 21)
3(21 622 22)
3(583 741 622)
3(741 584 622)
3(741 623 584)
3(584 623 622)
3(583 584 622)
3(584 742 623)
3(742 585 623)
3(742 624 585)
3(585 624 623)
3(584 585 623)
3(585 743 624)
3(743 586 624)
3(743 625 586)
3(586 625 624)
3(585 586 624)
3(586 744 625)
3(744 587 625)
3(744 626 587)
3(587 626 625)
3(586 587 625)
3(587 745 626)
3(745 588 626)
3(745 627 588)
3(588 627 626)
3(587 588 626)
3(588 746 627)
3(746 589 627)
3(746 628 589)
3(589 628 627)
3(588 589 627)
3(589 747 628)
3(747 589 629)
3(747 629 590)
3(590 629 589)
3(589 629 628)
3(590 748 629)
3(748 590 630)
3(748 630 591)
3(591 630 590)
3(590 630 629)
3(591 749 630)
3(749 591 631)
3(749 631 592)
3(592 631 591)
3(591 631 630)
3(592 750 631)
3(750 592 632)
3(750 632 593)
3(593 632 592)
3(592 632 631)
3(593 751 632)
3(751 593 633)
3(751 633 594)
3(594 633 593)
3(593 633 632)
3(594 752 633)
3(752 594 634)
3(752 634 595)
3(595 634 594)
3(594 634 633)
3(595 753 634)
3(753 595 635)
3(753 635 596)
3(596 635 595)
3(595 635 634)
3(596 754 635)
3(754 597 635)
3(754 636 597)
3(597 636 635)
3(596 597 635)
3(597 755 636)
3(755 598 636)
3(755 637 598)
3(598 637 636)
3(597 598 636)
3(598 756 637)
3(756 599 637)
3(756 638 599)
3(599 638 637)
3(598 599 637)
3(599 757 638)
3(757 600 638)
3(757 639 600)
3(600 639 638)
3(599 600 638)
3(600 758 639)
3(758 601 639)
3(758 640 601)
3(601 640 639)
3(600 601 639)
3(601 759 640)
3(759 602 640)
3(759 641 602)
3(602 641 640)
3(601 602 640)
3(602 760 641)
3(760 603 641)
3(760 642 603)
3(603 642 641)
3(602 603 641)
3(603 761 642)
3(761 603 643)
3(761 643 604)
3(604 643 603)
3(603 643 642)
3(604 762 643)
3(762 604 644)
3(762 644 605)
3(605 644 604)
3(604 644 643)
3(605 763 644)
3(763 605 645)
3(763 645 606)
3(606 645 605)
3(605 645 644)
3(606 764 645)
3(764 606 646)
3(764 646 607)
3(607 646 606)
3(606 646 645)
3(607 765 646)
3(765 607 647)
3(765 647 608)
3(608 647 607)
3(607 647 646)
3(608 766 647)
3(766 608 648)
3(766 648 609)
3(609 648 608)
3(608 648 647)
3(609 767 648)
3(767 609 649)
3(767 649 610)
3(610 649 609)
3(609 649 648)
3(610 768 649)
3(768 610 650)
3(768 650 611)
3(611 650 610)
3(610 650 649)
3(611 769 650)
3(769 611 651)
3(769 651 612)
3(612 651 611)
3(611 651 650)
3(612 770 651)
3(770 612 652)
3(770 652 613)
3(613 652 612)
3(612 652 651)
3(613 771 652)
3(771 613 653)
3(771 653 614)
3(614 653 613)
3(613 653 652)
3(614 772 653)
3(772 614 654)
3(772 654 615)
3(615 654 614)
3(614 654 653)
3(615 773 654)
3(773 615 655)
3(773 655 616)
3(616 655 615)
3(615 655 654)
3(616 774 655)
3(774 616 656)
3(774 656 617)
3(617 656 616)
3(616 656 655)
3(617 775 656)
3(775 617 657)
3(775 657 618)
3(618 657 617)
3(617 657 656)
3(618 776 657)
3(776 618 658)
3(776 658 619)
3(619 658 618)
3(618 658 657)
3(619 777 658)
3(777 619 659)
3(777 659 620)
3(620 659 619)
3(619 659 658)
3(620 778 659)
3(778 620 660)
3(778 660 621)
3(621 660 620)
3(620 660 659)
3(621 661 660)
3(661 621 265)
3(264 265 621)
3(621 265 660)
3(21 622 6)
3(622 583 6)
3(622 266 583)
3(622 266 584)
3(623 584 266)
3(623 267 584)
3(623 267 585)
3(624 585 267)
3(624 268 585)
3(624 268 586)
3(625 586 268)
3(625 269 586)
3(625 269 587)
3(626 587 269)
3(626 270 587)
3(626 270 588)
3(627 588 270)
3(627 271 588)
3(627 271 589)
3(628 589 271)
3(628 272 589)
3(589 629 272)
3(629 590 272)
3(629 273 590)
3(590 630 273)
3(630 591 273)
3(630 274 591)
3(591 631 274)
3(631 592 274)
3(631 275 592)
3(592 632 275)
3(632 593 275)
3(632 276 593)
3(593 633 276)
3(633 594 276)
3(633 277 594)
3(594 634 277)
3(634 595 277)
3(634 278 595)
3(595 635 278)
3(635 596 278)
3(635 279 596)
3(635 279 597)
3(636 597 279)
3(636 280 597)
3(636 280 598)
3(637 598 280)
3(637 281 598)
3(637 281 599)
3(638 599 281)
3(638 282 599)
3(638 282 600)
3(639 600 282)
3(639 283 600)
3(639 283 601)
3(640 601 283)
3(640 284 601)
3(640 284 602)
3(641 602 284)
3(641 285 602)
3(641 285 603)
3(642 603 285)
3(642 286 603)
3(603 643 286)
3(643 604 286)
3(643 287 604)
3(604 644 287)
3(644 605 287)
3(644 288 605)
3(605 645 288)
3(645 606 288)
3(645 289 606)
3(606 646 289)
3(646 607 289)
3(646 290 607)
3(607 647 290)
3(647 608 290)
3(647 291 608)
3(608 648 291)
3(648 609 291)
3(648 292 609)
3(609 649 292)
3(649 610 292)
3(649 293 610)
3(610 650 293)
3(650 611 293)
3(650 294 611)
3(611 651 294)
3(651 612 294)
3(651 295 612)
3(612 652 295)
3(652 613 295)
3(652 296 613)
3(613 653 296)
3(653 614 296)
3(653 297 614)
3(614 654 297)
3(654 615 297)
3(654 298 615)
3(615 655 298)
3(655 616 298)
3(655 299 616)
3(616 656 299)
3(656 617 299)
3(656 300 617)
3(617 657 300)
3(657 618 300)
3(657 301 618)
3(618 658 301)
3(658 619 301)
3(658 302 619)
3(619 659 302)
3(659 620 302)
3(659 303 620)
3(620 660 303)
3(660 621 303)
3(660 304 621)
3(621 265 304)
3(265 264 304)
3(14 17 0)
3(14 305 17)
3(305 3 17)
3(305 16 3)
3(1 305 14)
3(1 15 305)
3(15 16 305)
3(15 2 16)
3(18 15 1)
3(18 306 15)
3(306 2 15)
3(306 20 2)
3(4 306 18)
3(4 19 306)
3(19 20 306)
3(19 5 20)
3(20 16 2)
3(20 307 16)
3(307 3 16)
3(307 22 3)
3(5 307 20)
3(5 21 307)
3(21 22 307)
3(21 6 22)
3(27 308 0)
3(0 308 14)
3(28 309 27)
3(27 309 308)
3(29 310 28)
3(28 310 309)
3(310 29 311)
3(30 311 29)
3(311 30 312)
3(31 312 30)
3(312 31 313)
3(32 313 31)
3(313 32 314)
3(33 314 32)
3(314 33 315)
3(34 315 33)
3(315 34 316)
3(35 316 34)
3(316 35 317)
3(36 317 35)
3(317 36 318)
3(37 318 36)
3(318 37 319)
3(38 319 37)
3(319 38 320)
3(39 320 38)
3(320 39 321)
3(40 321 39)
3(321 40 322)
3(41 322 40)
3(322 41 323)
3(42 323 41)
3(323 42 324)
3(43 324 42)
3(324 43 325)
3(44 325 43)
3(325 44 326)
3(45 326 44)
3(326 45 327)
3(46 327 45)
3(327 46 328)
3(47 328 46)
3(328 47 329)
3(48 329 47)
3(329 48 330)
3(49 330 48)
3(330 49 331)
3(50 331 49)
3(331 50 332)
3(51 332 50)
3(332 51 333)
3(52 333 51)
3(333 52 334)
3(53 334 52)
3(334 53 335)
3(54 335 53)
3(335 54 336)
3(55 336 54)
3(56 337 55)
3(55 337 336)
3(57 338 56)
3(56 338 337)
3(58 339 57)
3(57 339 338)
3(59 340 58)
3(58 340 339)
3(60 341 59)
3(59 341 340)
3(61 342 60)
3(60 342 341)
3(62 343 61)
3(61 343 342)
3(63 344 62)
3(62 344 343)
3(64 345 63)
3(63 345 344)
3(65 346 64)
3(64 346 345)
3(7 23 65)
3(65 23 346)
3(308 66 1)
3(308 1 14)
3(309 67 66)
3(309 66 308)
3(310 68 67)
3(310 67 309)
3(311 69 68)
3(311 68 310)
3(312 70 69)
3(312 69 311)
3(313 71 70)
3(313 70 312)
3(314 72 71)
3(314 71 313)
3(315 73 72)
3(315 72 314)
3(73 315 316)
3(316 74 73)
3(74 316 317)
3(317 75 74)
3(75 317 318)
3(318 76 75)
3(76 318 319)
3(319 77 76)
3(77 319 320)
3(320 78 77)
3(78 320 321)
3(321 79 78)
3(322 80 79)
3(322 79 321)
3(323 81 80)
3(323 80 322)
3(324 82 81)
3(324 81 323)
3(325 83 82)
3(325 82 324)
3(326 84 83)
3(326 83 325)
3(327 85 84)
3(327 84 326)
3(328 86 85)
3(328 85 327)
3(329 87 86)
3(329 86 328)
3(330 88 87)
3(330 87 329)
3(331 89 88)
3(331 88 330)
3(332 90 89)
3(332 89 331)
3(333 91 90)
3(333 90 332)
3(334 92 91)
3(334 91 333)
3(335 93 92)
3(335 92 334)
3(336 94 93)
3(336 93 335)
3(337 95 94)
3(337 94 336)
3(338 96 95)
3(338 95 337)
3(339 97 96)
3(339 96 338)
3(340 98 97)
3(340 97 339)
3(341 99 98)
3(341 98 340)
3(342 100 99)
3(342 99 341)
3(343 101 100)
3(343 100 342)
3(344 102 101)
3(344 101 343)
3(345 103 102)
3(345 102 344)
3(346 104 103)
3(346 103 345)
3(23 8 104)
3(23 104 346)
3(18 1 465)
3(66 465 1)
3(465 66 466)
3(67 466 66)
3(466 67 467)
3(68 467 67)
3(467 68 468)
3(69 468 68)
3(468 69 469)
3(70 469 69)
3(469 70 470)
3(71 470 70)
3(470 71 471)
3(72 471 71)
3(471 72 472)
3(73 472 72)
3(472 73 473)
3(74 473 73)
3(473 74 474)
3(75 474 74)
3(474 75 475)
3(76 475 75)
3(475 76 476)
3(77 476 76)
3(476 77 477)
3(78 477 77)
3(477 78 478)
3(79 478 78)
3(478 79 479)
3(80 479 79)
3(479 80 480)
3(81 480 80)
3(480 81 481)
3(82 481 81)
3(481 82 482)
3(83 482 82)
3(482 83 483)
3(84 483 83)
3(483 84 484)
3(85 484 84)
3(484 85 485)
3(86 485 85)
3(485 86 486)
3(87 486 86)
3(486 87 487)
3(88 487 87)
3(487 88 488)
3(89 488 88)
3(488 89 489)
3(90 489 89)
3(489 90 490)
3(91 490 90)
3(490 91 491)
3(92 491 91)
3(491 92 492)
3(93 492 92)
3(492 93 493)
3(94 493 93)
3(493 94 494)
3(95 494 94)
3(494 95 495)
3(96 495 95)
3(495 96 496)
3(97 496 96)
3(496 97 497)
3(98 497 97)
3(497 98 498)
3(99 498 98)
3(498 99 499)
3(100 499 99)
3(499 100 500)
3(101 500 100)
3(500 101 501)
3(102 501 101)
3(501 102 502)
3(103 502 102)
3(502 103 503)
3(104 503 103)
3(503 104 183)
3(8 183 104)
3(465 186 4)
3(465 4 18)
3(466 187 186)
3(466 186 465)
3(467 188 187)
3(467 187 466)
3(468 189 188)
3(468 188 467)
3(469 190 189)
3(469 189 468)
3(470 191 190)
3(470 190 469)
3(471 192 191)
3(471 191 470)
3(472 193 192)
3(472 192 471)
3(473 194 193)
3(473 193 472)
3(474 195 194)
3(474 194 473)
3(475 196 195)
3(475 195 474)
3(476 197 196)
3(476 196 475)
3(477 198 197)
3(477 197 476)
3(478 199 198)
3(478 198 477)
3(479 200 199)
3(479 199 478)
3(480 201 200)
3(480 200 479)
3(481 202 201)
3(481 201 480)
3(482 203 202)
3(482 202 481)
3(483 204 203)
3(483 203 482)
3(484 205 204)
3(484 204 483)
3(485 206 205)
3(485 205 484)
3(486 207 206)
3(486 206 485)
3(487 208 207)
3(487 207 486)
3(488 209 208)
3(488 208 487)
3(489 210 209)
3(489 209 488)
3(490 211 210)
3(490 210 489)
3(491 212 211)
3(491 211 490)
3(492 213 212)
3(492 212 491)
3(493 214 213)
3(493 213 492)
3(494 215 214)
3(494 214 493)
3(495 216 215)
3(495 215 494)
3(496 217 216)
3(496 216 495)
3(497 218 217)
3(497 217 496)
3(498 219 218)
3(498 218 497)
3(499 220 219)
3(499 219 498)
3(500 221 220)
3(500 220 499)
3(501 222 221)
3(501 221 500)
3(502 223 222)
3(502 222 501)
3(503 224 223)
3(503 223 502)
3(183 11 224)
3(183 224 503)
3(0 17 425)
3(27 0 425)
3(27 425 426)
3(28 27 426)
3(28 426 427)
3(29 28 427)
3(30 29 428)
3(29 427 428)
3(31 30 429)
3(30 428 429)
3(32 31 430)
3(31 429 430)
3(33 32 431)
3(32 430 431)
3(34 33 432)
3(33 431 432)
3(35 34 433)
3(34 432 433)
3(36 35 434)
3(35 433 434)
3(37 36 435)
3(36 434 435)
3(38 37 436)
3(37 435 436)
3(39 38 437)
3(38 436 437)
3(40 39 438)
3(39 437 438)
3(41 40 439)
3(40 438 439)
3(42 41 440)
3(41 439 440)
3(43 42 441)
3(42 440 441)
3(44 43 442)
3(43 441 442)
3(45 44 443)
3(44 442 443)
3(46 45 444)
3(45 443 444)
3(47 46 445)
3(46 444 445)
3(48 47 446)
3(47 445 446)
3(49 48 447)
3(48 446 447)
3(50 49 448)
3(49 447 448)
3(51 50 449)
3(50 448 449)
3(52 51 450)
3(51 449 450)
3(53 52 451)
3(52 450 451)
3(54 53 452)
3(53 451 452)
3(55 54 453)
3(54 452 453)
3(55 453 454)
3(56 55 454)
3(56 454 455)
3(57 56 455)
3(57 455 456)
3(58 57 456)
3(58 456 457)
3(59 58 457)
3(59 457 458)
3(60 59 458)
3(60 458 459)
3(61 60 459)
3(61 459 460)
3(62 61 460)
3(62 460 461)
3(63 62 461)
3(63 461 462)
3(64 63 462)
3(64 462 463)
3(65 64 463)
3(65 463 26)
3(7 65 26)
3(425 3 144)
3(425 17 3)
3(426 144 145)
3(426 425 144)
3(427 145 146)
3(427 426 145)
3(428 146 147)
3(428 427 146)
3(429 147 148)
3(429 428 147)
3(430 148 149)
3(430 429 148)
3(431 149 150)
3(431 430 149)
3(432 150 151)
3(432 431 150)
3(432 151 433)
3(433 151 152)
3(433 152 434)
3(434 152 153)
3(434 153 435)
3(435 153 154)
3(435 154 436)
3(436 154 155)
3(436 155 437)
3(437 155 156)
3(437 156 438)
3(438 156 157)
3(439 157 158)
3(439 438 157)
3(440 158 159)
3(440 439 158)
3(441 159 160)
3(441 440 159)
3(442 160 161)
3(442 441 160)
3(443 161 162)
3(443 442 161)
3(444 162 163)
3(444 443 162)
3(445 163 164)
3(445 444 163)
3(446 164 165)
3(446 445 164)
3(447 165 166)
3(447 446 165)
3(448 166 167)
3(448 447 166)
3(449 167 168)
3(449 448 167)
3(450 168 169)
3(450 449 168)
3(451 169 170)
3(451 450 169)
3(452 170 171)
3(452 451 170)
3(453 171 172)
3(453 452 171)
3(454 172 173)
3(454 453 172)
3(455 173 174)
3(455 454 173)
3(456 174 175)
3(456 455 174)
3(457 175 176)
3(457 456 175)
3(458 176 177)
3(458 457 176)
3(459 177 178)
3(459 458 177)
3(460 178 179)
3(460 459 178)
3(461 179 180)
3(461 460 179)
3(462 180 181)
3(462 461 180)
3(463 181 182)
3(463 462 181)
3(26 182 10)
3(26 463 182)
3(144 3 622)
3(3 22 622)
3(145 144 623)
3(144 622 623)
3(146 145 624)
3(145 623 624)
3(147 146 625)
3(146 624 625)
3(148 147 626)
3(147 625 626)
3(149 148 627)
3(148 626 627)
3(150 149 628)
3(149 627 628)
3(151 150 629)
3(150 628 629)
3(152 151 630)
3(151 629 630)
3(153 152 631)
3(152 630 631)
3(154 153 632)
3(153 631 632)
3(155 154 633)
3(154 632 633)
3(156 155 634)
3(155 633 634)
3(157 156 635)
3(156 634 635)
3(158 157 636)
3(157 635 636)
3(159 158 637)
3(158 636 637)
3(160 159 638)
3(159 637 638)
3(161 160 639)
3(160 638 639)
3(162 161 640)
3(161 639 640)
3(163 162 641)
3(162 640 641)
3(164 163 642)
3(163 641 642)
3(165 164 643)
3(164 642 643)
3(166 165 644)
3(165 643 644)
3(167 166 645)
3(166 644 645)
3(168 167 646)
3(167 645 646)
3(169 168 647)
3(168 646 647)
3(170 169 648)
3(169 647 648)
3(171 170 649)
3(170 648 649)
3(172 171 650)
3(171 649 650)
3(173 172 651)
3(172 650 651)
3(174 173 652)
3(173 651 652)
3(175 174 653)
3(174 652 653)
3(176 175 654)
3(175 653 654)
3(177 176 655)
3(176 654 655)
3(178 177 656)
3(177 655 656)
3(179 178 657)
3(178 656 657)
3(180 179 658)
3(179 657 658)
3(181 180 659)
3(180 658 659)
3(182 181 660)
3(181 659 660)
3(10 182 265)
3(182 660 265)
3(22 6 622)
3(622 6 266)
3(623 266 267)
3(623 622 266)
3(624 267 268)
3(624 623 267)
3(625 268 269)
3(625 624 268)
3(626 269 270)
3(626 625 269)
3(627 270 271)
3(627 626 270)
3(628 271 272)
3(628 627 271)
3(628 272 629)
3(629 272 273)
3(629 273 630)
3(630 273 274)
3(630 274 631)
3(631 274 275)
3(631 275 632)
3(632 275 276)
3(632 276 633)
3(633 276 277)
3(633 277 634)
3(634 277 278)
3(634 278 635)
3(635 278 279)
3(636 279 280)
3(636 635 279)
3(637 280 281)
3(637 636 280)
3(638 281 282)
3(638 637 281)
3(639 282 283)
3(639 638 282)
3(640 283 284)
3(640 639 283)
3(641 284 285)
3(641 640 284)
3(642 285 286)
3(642 641 285)
3(642 286 643)
3(643 286 287)
3(643 287 644)
3(644 287 288)
3(644 288 645)
3(645 288 289)
3(645 289 646)
3(646 289 290)
3(646 290 647)
3(647 290 291)
3(647 291 648)
3(648 291 292)
3(648 292 649)
3(649 292 293)
3(649 293 650)
3(650 293 294)
3(650 294 651)
3(651 294 295)
3(651 295 652)
3(652 295 296)
3(652 296 653)
3(653 296 297)
3(653 297 654)
3(654 297 298)
3(654 298 655)
3(655 298 299)
3(655 299 656)
3(656 299 300)
3(656 300 657)
3(657 300 301)
3(657 301 658)
3(658 301 302)
3(658 302 659)
3(659 302 303)
3(659 303 660)
3(660 303 304)
3(660 304 265)
3(265 304 13)
3(7 26 23)
3(26 464 23)
3(26 10 464)
3(10 25 464)
3(23 464 8)
3(464 24 8)
3(464 25 24)
3(25 9 24)
3(8 24 183)
3(24 582 183)
3(24 9 582)
3(9 185 582)
3(183 582 11)
3(186 504 4)
3(4 504 19)
3(187 505 186)
3(186 505 504)
3(188 506 187)
3(187 506 505)
3(189 507 188)
3(188 507 506)
3(190 508 189)
3(189 508 507)
3(191 509 190)
3(190 509 508)
3(192 510 191)
3(191 510 509)
3(193 511 192)
3(192 511 510)
3(194 512 193)
3(193 512 511)
3(195 513 194)
3(194 513 512)
3(196 514 195)
3(195 514 513)
3(197 515 196)
3(196 515 514)
3(198 516 197)
3(197 516 515)
3(199 517 198)
3(198 517 516)
3(200 518 199)
3(199 518 517)
3(201 519 200)
3(200 519 518)
3(202 520 201)
3(201 520 519)
3(203 521 202)
3(202 521 520)
3(204 522 203)
3(203 522 521)
3(205 523 204)
3(204 523 522)
3(206 524 205)
3(205 524 523)
3(207 525 206)
3(206 525 524)
3(208 526 207)
3(207 526 525)
3(209 527 208)
3(208 527 526)
3(210 528 209)
3(209 528 527)
3(211 529 210)
3(210 529 528)
3(212 530 211)
3(211 530 529)
3(213 531 212)
3(212 531 530)
3(214 532 213)
3(213 532 531)
3(215 533 214)
3(214 533 532)
3(216 534 215)
3(215 534 533)
3(217 535 216)
3(216 535 534)
3(218 536 217)
3(217 536 535)
3(219 537 218)
3(218 537 536)
3(220 538 219)
3(219 538 537)
3(221 539 220)
3(220 539 538)
3(222 540 221)
3(221 540 539)
3(223 541 222)
3(222 541 540)
3(224 542 223)
3(223 542 541)
3(11 184 224)
3(582 184 11)
3(224 184 542)
3(582 185 184)
3(504 225 5)
3(19 504 5)
3(504 505 225)
3(505 226 225)
3(505 506 226)
3(506 227 226)
3(506 507 227)
3(507 228 227)
3(507 508 228)
3(508 229 228)
3(508 509 229)
3(509 230 229)
3(509 510 230)
3(510 231 230)
3(510 511 231)
3(511 232 231)
3(511 512 232)
3(512 233 232)
3(512 513 233)
3(513 234 233)
3(513 514 234)
3(514 235 234)
3(514 515 235)
3(515 236 235)
3(515 516 236)
3(516 237 236)
3(516 517 237)
3(517 238 237)
3(517 518 238)
3(518 239 238)
3(518 519 239)
3(519 240 239)
3(519 520 240)
3(520 241 240)
3(520 521 241)
3(521 242 241)
3(521 522 242)
3(522 243 242)
3(522 523 243)
3(523 244 243)
3(523 524 244)
3(524 245 244)
3(525 246 245)
3(524 525 245)
3(526 247 246)
3(525 526 246)
3(527 248 247)
3(526 527 247)
3(528 249 248)
3(527 528 248)
3(529 250 249)
3(528 529 249)
3(530 251 250)
3(529 530 250)
3(531 252 251)
3(530 531 251)
3(532 253 252)
3(531 532 252)
3(533 254 253)
3(532 533 253)
3(534 255 254)
3(533 534 254)
3(535 256 255)
3(534 535 255)
3(536 257 256)
3(535 536 256)
3(537 258 257)
3(536 537 257)
3(538 259 258)
3(537 538 258)
3(539 260 259)
3(538 539 259)
3(540 261 260)
3(539 540 260)
3(541 262 261)
3(540 541 261)
3(542 263 262)
3(541 542 262)
3(184 12 263)
3(185 12 184)
3(542 184 263)
3(9 25 185)
3(25 661 185)
3(25 10 661)
3(10 265 661)
3(185 661 12)
3(225 583 5)
3(5 583 21)
3(226 584 225)
3(225 584 583)
3(227 585 226)
3(226 585 584)
3(228 586 227)
3(227 586 585)
3(229 587 228)
3(228 587 586)
3(230 588 229)
3(229 588 587)
3(231 589 230)
3(230 589 588)
3(232 590 231)
3(231 590 589)
3(233 591 232)
3(232 591 590)
3(234 592 233)
3(233 592 591)
3(235 593 234)
3(234 593 592)
3(236 594 235)
3(235 594 593)
3(237 595 236)
3(236 595 594)
3(238 596 237)
3(237 596 595)
3(239 597 238)
3(238 597 596)
3(240 598 239)
3(239 598 597)
3(241 599 240)
3(240 599 598)
3(242 600 241)
3(241 600 599)
3(243 601 242)
3(242 601 600)
3(244 602 243)
3(243 602 601)
3(245 603 244)
3(244 603 602)
3(246 604 245)
3(245 604 603)
3(247 605 246)
3(246 605 604)
3(248 606 247)
3(247 606 605)
3(249 607 248)
3(248 607 606)
3(250 608 249)
3(249 608 607)
3(251 609 250)
3(250 609 608)
3(252 610 251)
3(251 610 609)
3(253 611 252)
3(252 611 610)
3(254 612 253)
3(253 612 611)
3(255 613 254)
3(254 613 612)
3(256 614 255)
3(255 614 613)
3(257 615 256)
3(256 615 614)
3(258 616 257)
3(257 616 615)
3(259 617 258)
3(258 617 616)
3(260 618 259)
3(259 618 617)
3(261 619 260)
3(260 619 618)
3(262 620 261)
3(261 620 619)
3(263 621 262)
3(262 621 620)
3(12 264 263)
3(661 264 12)
3(263 264 621)
3(661 265 264)
3(583 266 6)
3(21 583 6)
3(583 584 266)
3(584 267 266)
3(584 585 267)
3(585 268 267)
3(585 586 268)
3(586 269 268)
3(586 587 269)
3(587 270 269)
3(587 588 270)
3(588 271 270)
3(588 589 271)
3(589 272 271)
3(590 273 272)
3(589 590 272)
3(591 274 273)
3(590 591 273)
3(592 275 274)
3(591 592 274)
3(593 276 275)
3(592 593 275)
3(594 277 276)
3(593 594 276)
3(595 278 277)
3(594 595 277)
3(596 279 278)
3(595 596 278)
3(596 597 279)
3(597 280 279)
3(597 598 280)
3(598 281 280)
3(598 599 281)
3(599 282 281)
3(599 600 282)
3(600 283 282)
3(600 601 283)
3(601 284 283)
3(601 602 284)
3(602 285 284)
3(602 603 285)
3(603 286 285)
3(604 287 286)
3(603 604 286)
3(605 288 287)
3(604 605 287)
3(606 289 288)
3(605 606 288)
3(607 290 289)
3(606 607 289)
3(608 291 290)
3(607 608 290)
3(609 292 291)
3(608 609 291)
3(610 293 292)
3(609 610 292)
3(611 294 293)
3(610 611 293)
3(612 295 294)
3(611 612 294)
3(613 296 295)
3(612 613 295)
3(614 297 296)
3(613 614 296)
3(615 298 297)
3(614 615 297)
3(616 299 298)
3(615 616 298)
3(617 300 299)
3(616 617 299)
3(618 301 300)
3(617 618 300)
3(619 302 301)
3(618 619 301)
3(620 303 302)
3(619 620 302)
3(621 304 303)
3(620 621 303)
3(264 13 304)
3(265 13 264)
3(621 264 304)
)


// ************************************************************************* //
