/*--------------------------------*- C++ -*----------------------------------*\
  =========                 |
  \\      /  F ield         | OpenFOAM: The Open Source CFD Toolbox
   \\    /   O peration     | Website:  https://openfoam.org
    \\  /    A nd           | Version:  6
     \\/     M anipulation  |
\*---------------------------------------------------------------------------*/
FoamFile
{
    version     2.0;
    format      ascii;
    class       labelList;
    note        "nPoints:779  nCells:2880  nFaces:6264  nInternalFaces:5256";
    location    "constant/polyMesh";
    object      neighbour;
}
// * * * * * * * * * * * * * * * * * * * * * * * * * * * * * * * * * * * * * //


5256
(
2
122
2
3
121
5
125
5
6
124
8
128
8
9
127
11
131
11
12
130
14
134
14
15
133
17
137
17
18
136
20
140
20
21
139
23
143
23
24
142
26
144
26
27
146
29
147
29
30
149
32
150
32
33
152
35
153
35
36
155
38
156
38
39
158
41
159
41
42
161
44
164
44
45
163
47
167
47
48
166
50
170
50
51
169
53
173
53
54
172
56
176
56
57
175
59
179
59
60
178
62
182
62
63
181
65
185
65
66
184
68
188
68
69
187
71
191
71
72
190
74
194
74
75
193
77
197
77
78
196
80
200
80
81
199
83
203
83
84
202
86
206
86
87
205
89
209
89
90
208
92
212
92
93
211
95
215
95
96
214
98
218
98
99
217
101
221
101
102
220
104
224
104
105
223
107
227
107
108
226
110
230
110
111
229
113
233
113
114
232
116
236
116
117
235
119
239
119
238
122
240
480
122
123
482
242
125
243
483
125
126
485
245
128
246
486
128
129
488
248
131
249
489
131
132
251
491
134
252
492
134
135
254
494
137
255
495
137
138
257
497
140
258
498
140
141
260
500
143
261
501
143
144
263
503
146
504
146
147
266
506
264
149
507
149
150
269
509
267
152
510
152
153
272
512
270
155
513
155
156
275
515
273
158
516
158
159
278
518
276
161
519
161
162
281
521
279
164
282
522
164
165
284
524
167
285
525
167
168
287
527
170
288
528
170
171
290
530
173
291
531
173
174
293
533
176
294
534
176
177
296
536
179
297
537
179
180
299
539
182
300
540
182
183
302
542
185
303
543
185
186
305
545
188
306
546
188
189
308
548
191
309
549
191
192
311
551
194
312
552
194
195
314
554
197
315
555
197
198
317
557
200
318
558
200
201
320
560
203
321
561
203
204
323
563
206
324
564
206
207
326
566
209
327
567
209
210
569
329
212
330
570
212
213
572
332
215
333
573
215
216
575
335
218
336
576
218
219
578
338
221
339
579
221
222
581
341
224
342
582
224
225
584
344
227
345
585
227
228
587
347
230
348
588
230
231
590
350
233
351
591
233
234
593
353
236
354
594
236
237
596
356
239
357
597
239
599
359
242
360
242
243
361
245
363
245
246
364
248
366
248
249
367
251
369
251
252
370
254
372
254
255
373
257
375
257
258
376
260
378
260
261
379
263
381
263
264
382
266
266
267
385
386
269
269
270
388
389
272
272
273
391
392
275
275
276
394
395
278
278
279
397
398
281
281
282
400
401
284
402
284
285
403
287
405
287
288
406
290
408
290
291
409
293
411
293
294
412
296
414
296
297
415
299
417
299
300
418
302
420
302
303
421
305
423
305
306
424
308
426
308
309
427
311
429
311
312
430
314
432
314
315
433
317
435
317
318
436
320
438
320
321
439
323
441
323
324
442
326
444
326
327
445
329
447
329
330
448
332
450
332
333
451
335
453
335
336
454
338
456
338
339
457
341
459
341
342
460
344
462
344
345
463
347
465
347
348
466
350
468
350
351
469
353
471
353
354
472
356
474
356
357
475
359
477
359
478
362
720
362
363
2161
722
2162
365
723
365
366
2164
724
2165
368
726
368
369
2167
727
2168
371
729
371
372
2170
730
2171
374
732
374
375
2173
733
2174
377
735
377
378
2176
736
2177
380
738
380
381
2179
739
2180
383
741
383
384
2182
742
2183
386
746
2186
386
387
2185
745
389
749
2189
389
390
2188
748
392
752
2192
392
393
2191
751
395
755
2195
395
396
2194
754
398
758
2198
398
399
2197
757
401
761
2201
401
402
2200
760
404
762
404
405
2203
764
2204
407
765
407
408
2206
767
2207
410
768
410
411
2209
770
2210
413
771
413
414
2212
773
2213
416
774
416
417
2215
776
2216
419
777
419
420
2218
779
2219
422
780
422
423
2221
782
2222
425
783
425
426
2224
785
2225
428
786
428
429
2227
788
2228
431
789
431
432
2230
791
2231
434
792
434
435
2233
794
2234
437
795
437
438
2236
797
2237
440
798
440
441
2239
800
2240
443
801
443
444
2242
803
2243
446
804
446
447
2245
806
2246
449
807
449
450
2248
809
2249
452
810
452
453
2251
812
2252
455
813
455
456
2254
815
2255
458
816
458
459
2257
818
2258
461
819
461
462
2260
821
2261
464
822
464
465
2263
824
2264
467
825
467
468
2266
827
2267
470
828
470
471
2269
830
2270
473
831
473
474
2272
833
2273
476
834
476
477
2275
836
2276
479
837
479
2278
839
2279
482
600
482
483
601
485
603
485
486
604
488
606
488
489
607
491
609
491
492
610
494
612
494
495
613
497
615
497
498
616
500
618
500
501
619
503
621
503
504
622
506
506
507
625
626
509
509
510
628
629
512
512
513
631
632
515
515
516
634
635
518
518
519
637
638
521
521
522
640
641
524
642
524
525
643
527
645
527
528
646
530
648
530
531
649
533
651
533
534
652
536
654
536
537
655
539
657
539
540
658
542
660
542
543
661
545
663
545
546
664
548
666
548
549
667
551
669
551
552
670
554
672
554
555
673
557
675
557
558
676
560
678
560
561
679
563
681
563
564
682
566
684
566
567
685
569
687
569
570
688
572
690
572
573
691
575
693
575
576
694
578
696
578
579
697
581
699
581
582
700
584
702
584
585
703
587
705
587
588
706
590
708
590
591
709
593
711
593
594
712
596
714
596
597
715
599
717
599
718
602
720
602
603
961
721
962
605
723
605
606
964
725
965
608
726
608
609
967
728
968
611
729
611
612
970
731
971
614
732
614
615
973
734
974
617
735
617
618
976
737
977
620
738
620
621
979
740
980
623
741
623
624
982
743
983
626
744
986
626
627
985
745
629
747
989
629
630
988
748
632
750
992
632
633
991
751
635
753
995
635
636
994
754
638
756
998
638
639
997
757
641
759
1001
641
642
1000
760
644
762
644
645
1003
763
1004
647
765
647
648
1006
766
1007
650
768
650
651
1009
769
1010
653
771
653
654
1012
772
1013
656
774
656
657
1015
775
1016
659
777
659
660
1018
778
1019
662
780
662
663
1021
781
1022
665
783
665
666
1024
784
1025
668
786
668
669
1027
787
1028
671
789
671
672
1030
790
1031
674
792
674
675
1033
793
1034
677
795
677
678
1036
796
1037
680
798
680
681
1039
799
1040
683
801
683
684
1042
802
1043
686
804
686
687
1045
805
1046
689
807
689
690
1048
808
1049
692
810
692
693
1051
811
1052
695
813
695
696
1054
814
1055
698
816
698
699
1057
817
1058
701
819
701
702
1060
820
1061
704
822
704
705
1063
823
1064
707
825
707
708
1066
826
1067
710
828
710
711
1069
829
1070
713
831
713
714
1072
832
1073
716
834
716
717
1075
835
1076
719
837
719
1078
838
1079
722
722
723
842
840
725
725
726
845
843
728
728
729
848
846
731
731
732
851
849
734
734
735
854
852
737
737
738
857
855
740
740
741
860
858
743
743
744
863
861
746
864
746
747
866
749
867
749
750
869
752
870
752
753
872
755
873
755
756
875
758
876
758
759
878
761
879
761
762
881
764
764
765
884
882
767
767
768
887
885
770
770
771
890
888
773
773
774
893
891
776
776
777
896
894
779
779
780
899
897
782
782
783
902
900
785
785
786
905
903
788
788
789
908
906
791
791
792
911
909
794
794
795
914
912
797
797
798
917
915
800
800
801
920
918
803
803
804
923
921
806
806
807
926
924
809
809
810
929
927
812
812
813
932
930
815
815
816
935
933
818
818
819
938
936
821
821
822
941
939
824
824
825
944
942
827
827
828
947
945
830
830
831
950
948
833
833
834
953
951
836
836
837
956
954
839
839
959
957
842
1922
842
843
1201
1921
1202
845
1205
845
846
1204
1924
1925
848
1208
848
849
1207
1927
1928
851
1211
851
852
1210
1930
1931
854
1214
854
855
1213
1933
1934
857
1217
857
858
1216
1936
1937
860
1220
860
861
1219
1939
1940
863
1223
863
864
1222
1942
1943
866
1226
866
867
1225
1945
1946
869
1229
869
870
1228
1948
1949
872
1232
872
873
1231
1951
1952
875
1235
875
876
1234
1954
1955
878
1238
878
879
1237
1957
1958
881
1241
881
882
1240
1960
1961
884
1962
884
885
1243
1963
1244
887
1965
887
888
1246
1966
1247
890
1968
890
891
1249
1969
1250
893
1971
893
894
1252
1972
1253
896
1974
896
897
1255
1975
1256
899
1977
899
900
1258
1978
1259
902
1980
902
903
1261
1981
1262
905
1985
905
906
1264
1984
1265
908
1988
908
909
1267
1987
1268
911
1991
911
912
1270
1990
1271
914
1994
914
915
1273
1993
1274
917
1997
917
918
1276
1996
1277
920
2000
920
921
1279
1999
1280
923
2003
923
924
1282
2002
1283
926
2006
926
927
1285
2005
1286
929
2009
929
930
1288
2008
1289
932
2012
932
933
1291
2011
1292
935
2015
935
936
1294
2014
1295
938
2018
938
939
1297
2017
1298
941
2021
941
942
1300
2020
1301
944
2024
944
945
1303
2023
1304
947
2027
947
948
1306
2026
1307
950
2030
950
951
1309
2029
1310
953
2033
953
954
1312
2032
1313
956
2036
956
957
1315
2035
1316
959
2039
959
1318
2038
1319
962
1082
962
963
1081
965
1085
965
966
1084
968
1088
968
969
1087
971
1091
971
972
1090
974
1094
974
975
1093
977
1097
977
978
1096
980
1100
980
981
1099
983
1103
983
984
1102
986
1106
986
987
1105
989
1109
989
990
1108
992
1112
992
993
1111
995
1115
995
996
1114
998
1118
998
999
1117
1001
1121
1001
1002
1120
1004
1124
1004
1005
1123
1007
1127
1007
1008
1126
1010
1130
1010
1011
1129
1013
1133
1013
1014
1132
1016
1136
1016
1017
1135
1019
1139
1019
1020
1138
1022
1142
1022
1023
1141
1025
1145
1025
1026
1144
1028
1148
1028
1029
1147
1031
1151
1031
1032
1150
1034
1154
1034
1035
1153
1037
1157
1037
1038
1156
1040
1160
1040
1041
1159
1043
1163
1043
1044
1162
1046
1166
1046
1047
1165
1049
1169
1049
1050
1168
1052
1172
1052
1053
1171
1055
1175
1055
1056
1174
1058
1178
1058
1059
1177
1061
1181
1061
1062
1180
1064
1184
1064
1065
1183
1067
1187
1067
1068
1186
1070
1190
1070
1071
1189
1073
1193
1073
1074
1192
1076
1196
1076
1077
1195
1079
1199
1079
1198
1082
1200
1440
1082
1083
1202
1442
1085
1203
1443
1085
1086
1205
1445
1088
1206
1446
1088
1089
1208
1448
1091
1209
1449
1091
1092
1211
1451
1094
1212
1452
1094
1095
1214
1454
1097
1215
1455
1097
1098
1217
1457
1100
1218
1458
1100
1101
1220
1460
1103
1221
1461
1103
1104
1223
1463
1106
1224
1464
1106
1107
1226
1466
1109
1227
1467
1109
1110
1229
1469
1112
1230
1470
1112
1113
1232
1472
1115
1233
1473
1115
1116
1235
1475
1118
1236
1476
1118
1119
1238
1478
1121
1239
1479
1121
1122
1241
1481
1124
1242
1482
1124
1125
1244
1484
1127
1245
1485
1127
1128
1247
1487
1130
1248
1488
1130
1131
1250
1490
1133
1251
1491
1133
1134
1253
1493
1136
1254
1494
1136
1137
1256
1496
1139
1257
1497
1139
1140
1259
1499
1142
1260
1500
1142
1143
1262
1502
1145
1263
1503
1145
1146
1265
1505
1148
1266
1506
1148
1149
1268
1508
1151
1269
1509
1151
1152
1271
1511
1154
1272
1512
1154
1155
1274
1514
1157
1275
1515
1157
1158
1277
1517
1160
1278
1518
1160
1161
1280
1520
1163
1281
1521
1163
1164
1283
1523
1166
1284
1524
1166
1167
1286
1526
1169
1287
1527
1169
1170
1289
1529
1172
1290
1530
1172
1173
1292
1532
1175
1293
1533
1175
1176
1295
1535
1178
1296
1536
1178
1179
1298
1538
1181
1299
1539
1181
1182
1301
1541
1184
1302
1542
1184
1185
1304
1544
1187
1305
1545
1187
1188
1307
1547
1190
1308
1548
1190
1191
1310
1550
1193
1311
1551
1193
1194
1313
1553
1196
1314
1554
1196
1197
1316
1556
1199
1317
1557
1199
1319
1559
1202
1320
1202
1203
1321
1205
1323
1205
1206
1324
1208
1326
1208
1209
1327
1211
1329
1211
1212
1330
1214
1332
1214
1215
1333
1217
1335
1217
1218
1336
1220
1338
1220
1221
1339
1223
1341
1223
1224
1342
1226
1344
1226
1227
1345
1229
1347
1229
1230
1348
1232
1350
1232
1233
1351
1235
1353
1235
1236
1354
1238
1356
1238
1239
1357
1241
1359
1241
1242
1360
1244
1362
1244
1245
1363
1247
1365
1247
1248
1366
1250
1368
1250
1251
1369
1253
1371
1253
1254
1372
1256
1374
1256
1257
1375
1259
1377
1259
1260
1378
1262
1380
1262
1263
1381
1265
1383
1265
1266
1384
1268
1386
1268
1269
1387
1271
1389
1271
1272
1390
1274
1392
1274
1275
1393
1277
1395
1277
1278
1396
1280
1398
1280
1281
1399
1283
1401
1283
1284
1402
1286
1404
1286
1287
1405
1289
1407
1289
1290
1408
1292
1410
1292
1293
1411
1295
1413
1295
1296
1414
1298
1416
1298
1299
1417
1301
1419
1301
1302
1420
1304
1422
1304
1305
1423
1307
1425
1307
1308
1426
1310
1428
1310
1311
1429
1313
1431
1313
1314
1432
1316
1434
1316
1317
1435
1319
1437
1319
1438
1322
1680
1322
1323
1921
1682
1920
1325
1683
1325
1326
1924
1684
1923
1328
1686
1328
1329
1927
1687
1926
1331
1689
1331
1332
1930
1690
1929
1334
1692
1334
1335
1933
1693
1932
1337
1695
1337
1338
1936
1696
1935
1340
1698
1340
1341
1939
1699
1938
1343
1701
1343
1344
1942
1702
1941
1346
1704
1346
1347
1945
1705
1944
1349
1707
1349
1350
1948
1708
1947
1352
1710
1352
1353
1951
1711
1950
1355
1713
1355
1356
1954
1714
1953
1358
1716
1358
1359
1957
1717
1956
1361
1719
1361
1362
1960
1720
1959
1364
1722
1364
1365
1963
1723
1964
1367
1725
1367
1368
1966
1726
1967
1370
1728
1370
1371
1969
1729
1970
1373
1731
1373
1374
1972
1732
1973
1376
1734
1376
1377
1975
1735
1976
1379
1737
1379
1380
1978
1738
1979
1382
1740
1382
1383
1981
1741
1982
1385
1743
1385
1386
1984
1745
1983
1388
1746
1388
1389
1987
1748
1986
1391
1749
1391
1392
1990
1751
1989
1394
1752
1394
1395
1993
1754
1992
1397
1755
1397
1398
1996
1757
1995
1400
1758
1400
1401
1999
1760
1998
1403
1761
1403
1404
2002
1763
2001
1406
1764
1406
1407
2005
1766
2004
1409
1767
1409
1410
2008
1769
2007
1412
1770
1412
1413
2011
1772
2010
1415
1773
1415
1416
2014
1775
2013
1418
1776
1418
1419
2017
1778
2016
1421
1779
1421
1422
2020
1781
2019
1424
1782
1424
1425
2023
1784
2022
1427
1785
1427
1428
2026
1787
2025
1430
1788
1430
1431
2029
1790
2028
1433
1791
1433
1434
2032
1793
2031
1436
1794
1436
1437
2035
1796
2034
1439
1797
1439
2038
1799
2037
1442
1560
1442
1443
1561
1445
1563
1445
1446
1564
1448
1566
1448
1449
1567
1451
1569
1451
1452
1570
1454
1572
1454
1455
1573
1457
1575
1457
1458
1576
1460
1578
1460
1461
1579
1463
1581
1463
1464
1582
1466
1584
1466
1467
1585
1469
1587
1469
1470
1588
1472
1590
1472
1473
1591
1475
1593
1475
1476
1594
1478
1596
1478
1479
1597
1481
1599
1481
1482
1600
1484
1602
1484
1485
1603
1487
1605
1487
1488
1606
1490
1608
1490
1491
1609
1493
1611
1493
1494
1612
1496
1614
1496
1497
1615
1499
1617
1499
1500
1618
1502
1620
1502
1503
1621
1505
1623
1505
1506
1624
1508
1626
1508
1509
1627
1511
1629
1511
1512
1630
1514
1632
1514
1515
1633
1517
1635
1517
1518
1636
1520
1638
1520
1521
1639
1523
1641
1523
1524
1642
1526
1644
1526
1527
1645
1529
1647
1529
1530
1648
1532
1650
1532
1533
1651
1535
1653
1535
1536
1654
1538
1656
1538
1539
1657
1541
1659
1541
1542
1660
1544
1662
1544
1545
1663
1547
1665
1547
1548
1666
1550
1668
1550
1551
1669
1553
1671
1553
1554
1672
1556
1674
1556
1557
1675
1559
1677
1559
1678
1562
1680
1562
1563
1681
1565
1683
1565
1566
1685
1568
1686
1568
1569
1688
1571
1689
1571
1572
1691
1574
1692
1574
1575
1694
1577
1695
1577
1578
1697
1580
1698
1580
1581
1700
1583
1701
1583
1584
1703
1586
1704
1586
1587
1706
1589
1707
1589
1590
1709
1592
1710
1592
1593
1712
1595
1713
1595
1596
1715
1598
1716
1598
1599
1718
1601
1719
1601
1602
1721
1604
1722
1604
1605
1724
1607
1725
1607
1608
1727
1610
1728
1610
1611
1730
1613
1731
1613
1614
1733
1616
1734
1616
1617
1736
1619
1737
1619
1620
1739
1622
1740
1622
1623
1742
1625
1743
1625
1626
1744
1628
1746
1628
1629
1747
1631
1749
1631
1632
1750
1634
1752
1634
1635
1753
1637
1755
1637
1638
1756
1640
1758
1640
1641
1759
1643
1761
1643
1644
1762
1646
1764
1646
1647
1765
1649
1767
1649
1650
1768
1652
1770
1652
1653
1771
1655
1773
1655
1656
1774
1658
1776
1658
1659
1777
1661
1779
1661
1662
1780
1664
1782
1664
1665
1783
1667
1785
1667
1668
1786
1670
1788
1670
1671
1789
1673
1791
1673
1674
1792
1676
1794
1676
1677
1795
1679
1797
1679
1798
1682
1682
1683
1802
1800
1685
1685
1686
1805
1803
1688
1688
1689
1808
1806
1691
1691
1692
1811
1809
1694
1694
1695
1814
1812
1697
1697
1698
1817
1815
1700
1700
1701
1820
1818
1703
1703
1704
1823
1821
1706
1706
1707
1826
1824
1709
1709
1710
1829
1827
1712
1712
1713
1832
1830
1715
1715
1716
1835
1833
1718
1718
1719
1838
1836
1721
1721
1722
1841
1839
1724
1724
1725
1844
1842
1727
1727
1728
1847
1845
1730
1730
1731
1850
1848
1733
1733
1734
1853
1851
1736
1736
1737
1856
1854
1739
1739
1740
1859
1857
1742
1742
1743
1862
1860
1745
1745
1746
1865
1863
1748
1748
1749
1868
1866
1751
1751
1752
1871
1869
1754
1754
1755
1874
1872
1757
1757
1758
1877
1875
1760
1760
1761
1880
1878
1763
1763
1764
1883
1881
1766
1766
1767
1886
1884
1769
1769
1770
1889
1887
1772
1772
1773
1892
1890
1775
1775
1776
1895
1893
1778
1778
1779
1898
1896
1781
1781
1782
1901
1899
1784
1784
1785
1904
1902
1787
1787
1788
1907
1905
1790
1790
1791
1910
1908
1793
1793
1794
1913
1911
1796
1796
1797
1916
1914
1799
1799
1919
1917
1802
2402
1802
1803
2401
1805
1805
1806
2404
2405
1808
1808
1809
2407
2408
1811
1811
1812
2410
2411
1814
1814
1815
2413
2414
1817
1817
1818
2416
2417
1820
1820
1821
2419
2420
1823
1823
1824
2422
2423
1826
1826
1827
2425
2426
1829
1829
1830
2428
2429
1832
1832
1833
2431
2432
1835
1835
1836
2434
2435
1838
1838
1839
2437
2438
1841
1841
1842
2440
2441
1844
1844
1845
2443
2444
1847
1847
1848
2446
2447
1850
1850
1851
2449
2450
1853
1853
1854
2452
2453
1856
1856
1857
2455
2456
1859
1859
1860
2458
2459
1862
1862
1863
2461
2462
1865
2465
1865
1866
2464
1868
2468
1868
1869
2467
1871
2471
1871
1872
2470
1874
2474
1874
1875
2473
1877
2477
1877
1878
2476
1880
2480
1880
1881
2479
1883
2483
1883
1884
2482
1886
2486
1886
1887
2485
1889
2489
1889
1890
2488
1892
2492
1892
1893
2491
1895
2495
1895
1896
2494
1898
2498
1898
1899
2497
1901
2501
1901
1902
2500
1904
2504
1904
1905
2503
1907
2507
1907
1908
2506
1910
2510
1910
1911
2509
1913
2513
1913
1914
2512
1916
2516
1916
1917
2515
1919
2519
1919
2518
1922
2042
1922
1923
2041
1925
2045
1925
1926
2044
1928
2048
1928
1929
2047
1931
2051
1931
1932
2050
1934
2054
1934
1935
2053
1937
2057
1937
1938
2056
1940
2060
1940
1941
2059
1943
2063
1943
1944
2062
1946
2066
1946
1947
2065
1949
2069
1949
1950
2068
1952
2072
1952
1953
2071
1955
2075
1955
1956
2074
1958
2078
1958
1959
2077
1961
2081
1961
1962
2080
1964
2084
1964
1965
2083
1967
2087
1967
1968
2086
1970
2090
1970
1971
2089
1973
2093
1973
1974
2092
1976
2096
1976
1977
2095
1979
2099
1979
1980
2098
1982
2102
1982
1983
2101
1985
2105
1985
1986
2104
1988
2108
1988
1989
2107
1991
2111
1991
1992
2110
1994
2114
1994
1995
2113
1997
2117
1997
1998
2116
2000
2120
2000
2001
2119
2003
2123
2003
2004
2122
2006
2126
2006
2007
2125
2009
2129
2009
2010
2128
2012
2132
2012
2013
2131
2015
2135
2015
2016
2134
2018
2138
2018
2019
2137
2021
2141
2021
2022
2140
2024
2144
2024
2025
2143
2027
2147
2027
2028
2146
2030
2150
2030
2031
2149
2033
2153
2033
2034
2152
2036
2156
2036
2037
2155
2039
2159
2039
2158
2042
2160
2400
2042
2043
2162
2402
2045
2163
2403
2045
2046
2165
2405
2048
2166
2406
2048
2049
2168
2408
2051
2169
2409
2051
2052
2171
2411
2054
2172
2412
2054
2055
2174
2414
2057
2175
2415
2057
2058
2177
2417
2060
2178
2418
2060
2061
2180
2420
2063
2181
2421
2063
2064
2183
2423
2066
2184
2424
2066
2067
2186
2426
2069
2187
2427
2069
2070
2189
2429
2072
2190
2430
2072
2073
2192
2432
2075
2193
2433
2075
2076
2195
2435
2078
2196
2436
2078
2079
2198
2438
2081
2199
2439
2081
2082
2201
2441
2084
2202
2442
2084
2085
2444
2204
2087
2205
2445
2087
2088
2447
2207
2090
2208
2448
2090
2091
2450
2210
2093
2211
2451
2093
2094
2453
2213
2096
2214
2454
2096
2097
2456
2216
2099
2217
2457
2099
2100
2459
2219
2102
2220
2460
2102
2103
2462
2222
2105
2223
2463
2105
2106
2225
2465
2108
2226
2466
2108
2109
2228
2468
2111
2229
2469
2111
2112
2231
2471
2114
2232
2472
2114
2115
2234
2474
2117
2235
2475
2117
2118
2237
2477
2120
2238
2478
2120
2121
2240
2480
2123
2241
2481
2123
2124
2243
2483
2126
2244
2484
2126
2127
2246
2486
2129
2247
2487
2129
2130
2249
2489
2132
2250
2490
2132
2133
2252
2492
2135
2253
2493
2135
2136
2255
2495
2138
2256
2496
2138
2139
2258
2498
2141
2259
2499
2141
2142
2261
2501
2144
2262
2502
2144
2145
2264
2504
2147
2265
2505
2147
2148
2267
2507
2150
2268
2508
2150
2151
2270
2510
2153
2271
2511
2153
2154
2273
2513
2156
2274
2514
2156
2157
2276
2516
2159
2277
2517
2159
2279
2519
2162
2280
2162
2163
2281
2165
2283
2165
2166
2284
2168
2286
2168
2169
2287
2171
2289
2171
2172
2290
2174
2292
2174
2175
2293
2177
2295
2177
2178
2296
2180
2298
2180
2181
2299
2183
2301
2183
2184
2302
2186
2304
2186
2187
2305
2189
2307
2189
2190
2308
2192
2310
2192
2193
2311
2195
2313
2195
2196
2314
2198
2316
2198
2199
2317
2201
2319
2201
2202
2320
2204
2322
2204
2205
2323
2207
2325
2207
2208
2326
2210
2328
2210
2211
2329
2213
2331
2213
2214
2332
2216
2334
2216
2217
2335
2219
2337
2219
2220
2338
2222
2340
2222
2223
2341
2225
2343
2225
2226
2344
2228
2346
2228
2229
2347
2231
2349
2231
2232
2350
2234
2352
2234
2235
2353
2237
2355
2237
2238
2356
2240
2358
2240
2241
2359
2243
2361
2243
2244
2362
2246
2364
2246
2247
2365
2249
2367
2249
2250
2368
2252
2370
2252
2253
2371
2255
2373
2255
2256
2374
2258
2376
2258
2259
2377
2261
2379
2261
2262
2380
2264
2382
2264
2265
2383
2267
2385
2267
2268
2386
2270
2388
2270
2271
2389
2273
2391
2273
2274
2392
2276
2394
2276
2277
2395
2279
2397
2279
2398
2282
2640
2282
2283
2642
2285
2643
2285
2286
2644
2288
2646
2288
2289
2647
2291
2649
2291
2292
2650
2294
2652
2294
2295
2653
2297
2655
2297
2298
2656
2300
2658
2300
2301
2659
2303
2661
2303
2304
2663
2306
2664
2306
2307
2666
2309
2667
2309
2310
2669
2312
2670
2312
2313
2672
2315
2673
2315
2316
2675
2318
2676
2318
2319
2678
2321
2679
2321
2322
2681
2324
2682
2324
2325
2683
2327
2685
2327
2328
2686
2330
2688
2330
2331
2689
2333
2691
2333
2334
2692
2336
2694
2336
2337
2695
2339
2697
2339
2340
2698
2342
2700
2342
2343
2701
2345
2703
2345
2346
2705
2348
2706
2348
2349
2708
2351
2709
2351
2352
2711
2354
2712
2354
2355
2714
2357
2715
2357
2358
2717
2360
2718
2360
2361
2720
2363
2721
2363
2364
2723
2366
2724
2366
2367
2726
2369
2727
2369
2370
2729
2372
2730
2372
2373
2732
2375
2733
2375
2376
2735
2378
2736
2378
2379
2738
2381
2739
2381
2382
2741
2384
2742
2384
2385
2744
2387
2745
2387
2388
2747
2390
2748
2390
2391
2750
2393
2751
2393
2394
2753
2396
2754
2396
2397
2756
2399
2757
2399
2759
2402
2520
2402
2403
2521
2405
2523
2405
2406
2524
2408
2526
2408
2409
2527
2411
2529
2411
2412
2530
2414
2532
2414
2415
2533
2417
2535
2417
2418
2536
2420
2538
2420
2421
2539
2423
2541
2423
2424
2542
2426
2544
2426
2427
2545
2429
2547
2429
2430
2548
2432
2550
2432
2433
2551
2435
2553
2435
2436
2554
2438
2556
2438
2439
2557
2441
2559
2441
2442
2560
2444
2562
2444
2445
2563
2447
2565
2447
2448
2566
2450
2568
2450
2451
2569
2453
2571
2453
2454
2572
2456
2574
2456
2457
2575
2459
2577
2459
2460
2578
2462
2580
2462
2463
2581
2465
2583
2465
2466
2584
2468
2586
2468
2469
2587
2471
2589
2471
2472
2590
2474
2592
2474
2475
2593
2477
2595
2477
2478
2596
2480
2598
2480
2481
2599
2483
2601
2483
2484
2602
2486
2604
2486
2487
2605
2489
2607
2489
2490
2608
2492
2610
2492
2493
2611
2495
2613
2495
2496
2614
2498
2616
2498
2499
2617
2501
2619
2501
2502
2620
2504
2622
2504
2505
2623
2507
2625
2507
2508
2626
2510
2628
2510
2511
2629
2513
2631
2513
2514
2632
2516
2634
2516
2517
2635
2519
2637
2519
2638
2522
2640
2522
2523
2641
2525
2643
2525
2526
2645
2528
2646
2528
2529
2648
2531
2649
2531
2532
2651
2534
2652
2534
2535
2654
2537
2655
2537
2538
2657
2540
2658
2540
2541
2660
2543
2661
2543
2544
2662
2546
2664
2546
2547
2665
2549
2667
2549
2550
2668
2552
2670
2552
2553
2671
2555
2673
2555
2556
2674
2558
2676
2558
2559
2677
2561
2679
2561
2562
2680
2564
2682
2564
2565
2684
2567
2685
2567
2568
2687
2570
2688
2570
2571
2690
2573
2691
2573
2574
2693
2576
2694
2576
2577
2696
2579
2697
2579
2580
2699
2582
2700
2582
2583
2702
2585
2703
2585
2586
2704
2588
2706
2588
2589
2707
2591
2709
2591
2592
2710
2594
2712
2594
2595
2713
2597
2715
2597
2598
2716
2600
2718
2600
2601
2719
2603
2721
2603
2604
2722
2606
2724
2606
2607
2725
2609
2727
2609
2610
2728
2612
2730
2612
2613
2731
2615
2733
2615
2616
2734
2618
2736
2618
2619
2737
2621
2739
2621
2622
2740
2624
2742
2624
2625
2743
2627
2745
2627
2628
2746
2630
2748
2630
2631
2749
2633
2751
2633
2634
2752
2636
2754
2636
2637
2755
2639
2757
2639
2758
2642
2642
2643
2762
2760
2645
2645
2646
2765
2763
2648
2648
2649
2768
2766
2651
2651
2652
2771
2769
2654
2654
2655
2774
2772
2657
2657
2658
2777
2775
2660
2660
2661
2780
2778
2663
2663
2664
2783
2781
2666
2666
2667
2786
2784
2669
2669
2670
2789
2787
2672
2672
2673
2792
2790
2675
2675
2676
2795
2793
2678
2678
2679
2798
2796
2681
2681
2682
2801
2799
2684
2684
2685
2804
2802
2687
2687
2688
2807
2805
2690
2690
2691
2810
2808
2693
2693
2694
2813
2811
2696
2696
2697
2816
2814
2699
2699
2700
2819
2817
2702
2702
2703
2822
2820
2705
2705
2706
2825
2823
2708
2708
2709
2828
2826
2711
2711
2712
2831
2829
2714
2714
2715
2834
2832
2717
2717
2718
2837
2835
2720
2720
2721
2840
2838
2723
2723
2724
2843
2841
2726
2726
2727
2846
2844
2729
2729
2730
2849
2847
2732
2732
2733
2852
2850
2735
2735
2736
2855
2853
2738
2738
2739
2858
2856
2741
2741
2742
2861
2859
2744
2744
2745
2864
2862
2747
2747
2748
2867
2865
2750
2750
2751
2870
2868
2753
2753
2754
2873
2871
2756
2756
2757
2876
2874
2759
2759
2879
2877
2762
2762
2763
2765
2765
2766
2768
2768
2769
2771
2771
2772
2774
2774
2775
2777
2777
2778
2780
2780
2781
2783
2783
2784
2786
2786
2787
2789
2789
2790
2792
2792
2793
2795
2795
2796
2798
2798
2799
2801
2801
2802
2804
2804
2805
2807
2807
2808
2810
2810
2811
2813
2813
2814
2816
2816
2817
2819
2819
2820
2822
2822
2823
2825
2825
2826
2828
2828
2829
2831
2831
2832
2834
2834
2835
2837
2837
2838
2840
2840
2841
2843
2843
2844
2846
2846
2847
2849
2849
2850
2852
2852
2853
2855
2855
2856
2858
2858
2859
2861
2861
2862
2864
2864
2865
2867
2867
2868
2870
2870
2871
2873
2873
2874
2876
2876
2877
2879
2879
)


// ************************************************************************* //
