/*--------------------------------*- C++ -*----------------------------------*\
  =========                 |
  \\      /  F ield         | OpenFOAM: The Open Source CFD Toolbox
   \\    /   O peration     | Website:  https://openfoam.org
    \\  /    A nd           | Version:  6
     \\/     M anipulation  |
\*---------------------------------------------------------------------------*/
FoamFile
{
    version     2.0;
    format      ascii;
    class       pointScalarField;
    location    "2.8998364953912255";
    object      p;
}
// * * * * * * * * * * * * * * * * * * * * * * * * * * * * * * * * * * * * * //

dimensions      [1 -1 -2 0 0 0 0];

internalField   nonuniform List<scalar> 
625
(
1086440.6
-1579563.9
10841.587
15621.431
1986553.5
-3419384.8
11844.935
812.32894
865311.21
-88367.386
-63732.225
-11186.912
4792.1543
8948.3069
484145.4
502854.35
522858.21
500029.41
453007
448891.37
403010.99
376544.07
358926.35
322975.89
298725.98
263092.25
238741.42
211003.54
184123.91
159935.2
137359
111567.25
92779.206
73263.464
53533.177
36651.506
25741.838
-552253.42
-433060.23
-491863.21
-402184.88
-381043.45
-380243.56
-318674.65
-314425.99
-286350.84
-255905.74
-240333.67
-206862.88
-190227.86
-162855.7
-143964.31
-121596.24
-100538.38
-85262.749
-64804.51
-53002.463
-37951.749
-19600.477
-6762.3385
1077164.8
-273433.46
-357024.68
-625596
-735827.62
-545317.67
-493732.79
-584163.47
-430080.96
-489532.1
-426133.57
-376570.7
-350431.56
-316464.22
-282891
-253841.74
-219854.35
-190543.35
-163901.32
-134486.65
-110463.02
-86993.874
-62951.23
-40695.954
-26248.158
-4498.9167
14725.451
418.94843
-2015.7578
24691.482
30323.309
50461.294
65548.582
88642.552
110449.09
134182.89
160597.18
182574.76
214859.16
244683.39
279759.18
295170.55
333512.63
356438.51
394791.04
423164.24
431251.15
527138.05
455903
600012.22
513387.78
553265
1169974.8
1149290.1
1073198.1
-1427811.3
-2001150
-2082557
19996.686
19352.948
21300.217
-2075.053
4857.3476
-817.98119
280758.39
336845.53
322524.02
293439.48
279720.23
265166.97
242597.26
229837.81
210052.42
188106.47
169626.18
157962.99
141519.43
123829.73
110505.34
92998.354
80683.871
67171.017
50220.789
38784.923
27206.377
17373.717
15901.209
-82999.154
-52341.02
-66447.984
-19892.621
-42585.806
-18983.625
-26946.737
-21169.294
-15413.364
-13270.333
-11514.988
-6778.2301
-7660.4069
-3947.9511
-1577.3797
-1349.1478
5254.6987
2240.8231
6814.1716
9640.8435
9039.6437
9206.2852
7563.7007
-388957.69
-247910.18
-300491.67
-223171.61
-272706.25
-214726.22
-225501.14
-192364.21
-172847.92
-162628.78
-143050.12
-129682.34
-114091.38
-97957.227
-84246.56
-69617.502
-56353.941
-47237.332
-31632.697
-26155.019
-15097.604
-9810.5948
1856.1837
670542.8
694896.12
792019.57
-29408.043
-65982.438
-184789.42
-302425.4
-131288.33
-98116.766
-920831.6
-936774.66
-927971.68
-645060.97
-667781.67
-726978.49
-551838.81
-553954.23
-605099.22
-463742.13
-461249.97
-495338.86
-444142.07
-455260.59
-492529.24
-401523.48
-398102.86
-414788.75
-383981.63
-385834.8
-383430.56
-350909.12
-340767.11
-365942.74
-320821.2
-319878.75
-336466.65
-291455.76
-287083.24
-304825.45
-259843.17
-260352.87
-277739.75
-241229.27
-232187.84
-244101.4
-207542.47
-207632.03
-219746.72
-187125.7
-179455.36
-193861.23
-158665.39
-155144.49
-166318.45
-135754.61
-131443.86
-141321.22
-112501.84
-108794.08
-116133.66
-86842.096
-87622.08
-92715.411
-69189.585
-68042.183
-72033.219
-49587.433
-49915.695
-51883.941
-30756.199
-31006.247
-31577.679
-17102.795
-17653.553
-19482.65
-6834.328
-3708.1855
-4484.4723
-11386.876
-14311.026
-13806.505
8948.4431
3937.6534
5000.3355
13388.151
15367.294
15197.341
602371.79
570519.26
622369.08
620975.66
500200.88
568782.46
588581.48
529252.26
566683.18
533527.64
469690.33
510552.59
512600.72
467018.22
480018.71
471759.76
421447.86
442639.97
445260.64
400053.7
412678.87
410123.83
363797.03
384911.91
381133.04
339072.34
352269.36
338694.95
310363.4
324220.56
309529.48
287307.59
294911.01
286834.36
257116.63
252552.43
251578.36
227426.92
232396.12
225680.94
202518.28
209970.47
195742.49
177435.23
181442.16
169513.68
152044.64
155792.08
138803.56
128396.26
132632.27
116053.03
108068.2
108610.17
91881.62
86118.111
86355.701
69842.549
65683.077
66471.257
48981.361
48284.32
47335.325
33994.789
34417.876
31670.647
25450.017
28387.619
26541.178
240036.5
341184.5
265489.26
305585.42
276559.23
260523.05
256472.71
225674.82
213298.97
189128.88
171968.13
157278.19
146788.47
122199.94
110709.1
94923.351
79329.498
67168.551
54000.729
44537.824
30731.752
24309.171
14716.072
-96461.05
823.38281
-5113.1067
11803.299
34475.465
26399.543
21872.388
31493.223
23939.53
26633.587
24421.095
28721.249
19348.469
21278.596
22501.581
18384.597
18143.815
17640.494
15003.952
12951.094
12047.31
10346.763
11020.076
-286104.4
-201531.24
-340134.06
-271787.77
-274808.94
-288125.02
-243150.09
-233950.75
-215298.17
-195828.12
-175835.14
-163523.47
-143992.23
-126389.4
-109860.57
-94543.471
-79643.565
-64370.454
-50965.132
-40348.673
-26428.584
-11883.531
-9697.3087
406087.4
447942.15
383207.12
322108.88
411882.2
347300.09
270388.27
290258.19
302302.77
250943.11
303826.6
258790.72
255961.78
248091.14
251792.43
235168.6
246809.33
242121.72
204903.24
222594.79
219416.27
207940.89
212757.92
205215.56
173379.74
194999.48
186912.28
171821.5
177066.75
177476.99
157413.69
170895.68
152554.38
137371.72
135801.41
145179.77
124039.22
131012.34
131120.57
109880.51
116800.42
113443.03
96567.33
99766.012
97244.068
83446.668
85824.819
87809.481
70364.79
74430.414
72505.403
63105.658
59367.289
60778.11
46917.194
47861.727
48450.672
39274.563
39151.765
37530.534
27075.781
27620.302
28186.123
21001.894
19928.374
17641.259
1154.6399
7481.9018
7848.6327
-83633.112
-135641.09
-82294.311
-6153.3213
-14538.358
-44366.381
-2850.5553
-30640.987
-39646.606
-14463.739
-7031.794
-48945.03
17548.82
-1293.9059
-16373.038
-10069.591
5604.1667
-23878.404
19119.217
13787.169
-15905.289
5074.9571
13548.796
-15688.434
15133.452
12920.48
-8406.146
13200.601
23880.297
-8078.1159
19057.257
11808.949
-8627.8414
15642.086
16048.878
48.216527
14733.935
22083.562
1871.9948
17091.194
18649.697
719.63276
13914.489
20120.953
3093.6233
16164.554
19009.049
6011.3126
12221.822
19677.42
5108.182
13215.967
16874.991
5451.788
11671.565
14170.547
9144.1381
10202.472
14994.821
9093.8567
10436.759
11451.627
9036.9795
10539.737
12149.047
7450.0042
11972.152
11286.512
9847.5987
-326615.93
-426969.89
-365238.56
-284874.86
-240224.54
-298880.81
-248887.51
-367189.13
-319227.04
-318024.51
-268099.11
-338993.84
-248067.29
-300222.86
-289014.74
-235248.74
-261958.86
-287306.9
-222581
-248361.17
-270613.11
-195769.62
-240865.19
-243336.47
-188731.97
-206577.38
-225412.1
-170196.97
-198065.87
-209012.22
-150258.11
-175891.09
-185211.43
-136268.79
-156423.66
-165408.98
-115814.89
-144166.28
-147625.04
-104079.65
-123325.77
-129916.5
-87947.333
-107812.09
-112883.9
-75972.085
-90952.231
-96421.793
-61943.58
-75916.573
-80660.601
-48534.256
-61652.281
-65537.403
-38396.016
-47371.545
-49245.065
-27917.825
-34687.01
-36599.039
-21352.544
-23916.368
-27409.159
-5578.4137
-10731.799
-10911.959
-2322.0264
-6207.8203
-4296.619
)
;

boundaryField
{
    free
    {
        type            calculated;
    }
    bottom
    {
        type            calculated;
    }
    traction
    {
        type            calculated;
    }
}


// ************************************************************************* //
