/*--------------------------------*- C++ -*----------------------------------*\
  =========                 |
  \\      /  F ield         | OpenFOAM: The Open Source CFD Toolbox
   \\    /   O peration     | Website:  https://openfoam.org
    \\  /    A nd           | Version:  6
     \\/     M anipulation  |
\*---------------------------------------------------------------------------*/
FoamFile
{
    version     2.0;
    format      ascii;
    class       pointVectorField;
    location    "0.800026";
    object      u;
}
// * * * * * * * * * * * * * * * * * * * * * * * * * * * * * * * * * * * * * //

dimensions      [0 1 0 0 0 0 0];

internalField   nonuniform List<vector> 
625
(
(0 0 0)
(0 0 0)
(2.9259199 -0.50154968 0.046505109)
(2.6825249 -1.1528227 -0.0039315939)
(0 0 0)
(0 0 0)
(2.7198436 -1.1871973 -0.0064641761)
(2.9628401 -0.53630994 0.044787111)
(0 0 0)
(0 0 0)
(0 0 0)
(2.8643306 -0.66486613 0.033052623)
(2.8036146 -0.82651982 0.021232456)
(2.7435681 -0.98888251 0.0084568453)
(0.0069099823 0.028153153 0.027400768)
(0.027635378 0.059697117 0.030142066)
(0.067767577 0.088217242 0.034192012)
(0.12423968 0.11314425 0.035907765)
(0.19469956 0.13225987 0.037931444)
(0.28080323 0.14657599 0.039864048)
(0.37748514 0.1535456 0.041445636)
(0.48608721 0.15488312 0.043099645)
(0.60448198 0.14913934 0.044711985)
(0.7312787 0.13699705 0.045605596)
(0.86580268 0.1189002 0.046765494)
(1.0066963 0.094347882 0.047078552)
(1.1532342 0.064580014 0.047649773)
(1.3042591 0.029375863 0.047815606)
(1.4591483 -0.010377106 0.047922632)
(1.6171541 -0.054611212 0.047731839)
(1.7773686 -0.10212017 0.047757089)
(1.9396831 -0.15327635 0.047444585)
(2.1031599 -0.20725825 0.047162715)
(2.2673241 -0.2631519 0.047022021)
(2.4321356 -0.32112354 0.046772292)
(2.5969559 -0.37993078 0.046666331)
(2.7612715 -0.44032992 0.04693524)
(-0.0074746986 -0.024338374 -0.035053253)
(0.014882266 -0.047876914 -0.030044066)
(0.044308962 -0.080097226 -0.035694667)
(0.092455995 -0.11079345 -0.031653827)
(0.14874242 -0.14136466 -0.031524758)
(0.22135443 -0.17852316 -0.029340449)
(0.30077995 -0.21328439 -0.02824685)
(0.39386415 -0.25384286 -0.025636287)
(0.49440282 -0.29635413 -0.024636834)
(0.60469801 -0.34063858 -0.022431685)
(0.72269079 -0.38905688 -0.020933856)
(0.84811199 -0.43902255 -0.019016388)
(0.97999864 -0.49198265 -0.017532261)
(1.117666 -0.54677799 -0.015966256)
(1.2605988 -0.60362923 -0.014580305)
(1.4079326 -0.66198013 -0.013220518)
(1.55937 -0.7218038 -0.011891181)
(1.7136751 -0.78254903 -0.010897401)
(1.8713395 -0.84401923 -0.0094604907)
(2.0306868 -0.90580532 -0.0084764915)
(2.192115 -0.96792137 -0.007196133)
(2.3547058 -1.0297573 -0.0062575318)
(2.5182634 -1.0913502 -0.0053298172)
(0 0 0)
(0 0 0)
(0 0 0)
(0.0055163861 -0.015994239 0.023418822)
(0.024653078 -0.065412683 0.027261898)
(0.061269689 -0.082832778 0.021804231)
(0.10844552 -0.11864682 0.01808695)
(0.17197656 -0.1592799 0.01856607)
(0.24394033 -0.18922612 0.013406158)
(0.32704004 -0.23338713 0.014302149)
(0.42090022 -0.27283727 0.011532245)
(0.52355943 -0.31734956 0.010086178)
(0.63512596 -0.36430343 0.0086468449)
(0.75441129 -0.41364835 0.0068944159)
(0.88077726 -0.46532362 0.0057793926)
(1.0135442 -0.51952817 0.004039176)
(1.1521261 -0.57560143 0.0025737866)
(1.2956169 -0.63340662 0.0011526339)
(1.4435308 -0.69292681 -0.00019617624)
(1.5952952 -0.75341471 -0.0015150932)
(1.7502283 -0.81495994 -0.0026652971)
(1.9078395 -0.87705602 -0.0036667473)
(2.0676969 -0.9394193 -0.0045778457)
(2.2290895 -1.0019561 -0.0052756911)
(2.3920448 -1.064051 -0.0057492008)
(2.5553177 -1.1259282 -0.0060121109)
(2.7809467 -1.0234914 0.0063201203)
(2.8405026 -0.86104108 0.019526144)
(2.901059 -0.69994339 0.032726524)
(2.7983809 -0.474984 0.043337159)
(2.6334213 -0.41438 0.042286856)
(2.4685028 -0.35515482 0.040963166)
(2.3033364 -0.29644489 0.039320087)
(2.1386495 -0.23975879 0.037674731)
(1.9746915 -0.18517398 0.035751296)
(1.8119792 -0.13322062 0.033817743)
(1.6509723 -0.084367117 0.03156157)
(1.4922299 -0.039239575 0.029245227)
(1.3365531 0.0018997849 0.026629141)
(1.1844124 0.038209734 0.023820402)
(1.0366938 0.069809126 0.020317952)
(0.89465825 0.095434417 0.017559216)
(0.75864628 0.11538851 0.01374212)
(0.63001108 0.1293112 0.0098244448)
(0.50988004 0.13678152 0.0057161746)
(0.39935402 0.13839007 0.0010047706)
(0.29923486 0.13275522 -0.0027064659)
(0.21301139 0.1215473 -0.0080846295)
(0.13733746 0.10331415 -0.011085946)
(0.0788412 0.082948681 -0.017437758)
(0.033999547 0.054628224 -0.019560849)
(0.016741135 0.026763909 -0.016547424)
(0 0 0)
(0 0 0)
(0 0 0)
(0 0 0)
(0 0 0)
(0 0 0)
(2.6915759 -1.1616924 -0.0049311518)
(2.7010016 -1.17053 -0.005054698)
(2.7100682 -1.1790656 -0.0058251601)
(2.9357616 -0.51004016 0.046076302)
(2.9449385 -0.51879894 0.045513622)
(2.9543361 -0.52731566 0.045077293)
(-0.0062283574 0.017182047 0.019511492)
(0.015799636 0.034486293 0.016195702)
(0.053165585 0.049067399 0.019019204)
(0.10728352 0.060076568 0.02001312)
(0.17546188 0.066984082 0.021757554)
(0.25786454 0.068812421 0.023263666)
(0.35142933 0.064835142 0.025013204)
(0.45657516 0.055799807 0.026577587)
(0.57099607 0.040685972 0.027803532)
(0.69406592 0.020390593 0.029111296)
(0.82492972 -0.0054066187 0.030113727)
(0.96262322 -0.036754679 0.030908041)
(1.1058931 -0.072487445 0.031562583)
(1.2540442 -0.11296299 0.031976881)
(1.4063564 -0.15727027 0.032383517)
(1.5620698 -0.20528342 0.032495963)
(1.7204705 -0.25630264 0.032807004)
(1.8811991 -0.30999148 0.032721791)
(2.0435527 -0.36612475 0.032850337)
(2.2068124 -0.42372412 0.033031005)
(2.3711217 -0.48282231 0.033029531)
(2.5354979 -0.5426684 0.033229553)
(2.6999511 -0.60391843 0.033470145)
(-0.013355397 0.004139662 -0.00023807132)
(0.0099830318 0.0046446186 -0.0018126648)
(0.044698801 0.0065917902 0.001010274)
(0.095911409 0.0047996523 0.0020401503)
(0.16196644 -0.0022672474 0.0038532547)
(0.240446 -0.011810614 0.0057069677)
(0.33034739 -0.026430428 0.0073369465)
(0.4315196 -0.045764138 0.008947511)
(0.54169052 -0.06940027 0.010477479)
(0.66136442 -0.098324334 0.012254828)
(0.7880559 -0.13121791 0.012972285)
(0.92206237 -0.16899558 0.01450591)
(1.061766 -0.21052176 0.015339816)
(1.2068781 -0.25579523 0.016213466)
(1.3562897 -0.30445486 0.016959296)
(1.5095427 -0.35598499 0.017440529)
(1.6658745 -0.41018797 0.018218376)
(1.8247526 -0.46621543 0.018370893)
(1.9854765 -0.52416436 0.019111293)
(2.147688 -0.58332827 0.019499435)
(2.3112021 -0.64364218 0.019785603)
(2.4751268 -0.704525 0.02035474)
(2.6398577 -0.7658403 0.020646994)
(-0.01574439 -0.011207717 -0.013892821)
(0.0074533327 -0.020927525 -0.012992417)
(0.038767804 -0.032596002 -0.014752969)
(0.089785152 -0.048506855 -0.013220587)
(0.15170965 -0.068728349 -0.012308479)
(0.22653876 -0.089112399 -0.010894611)
(0.31328871 -0.11632174 -0.009328065)
(0.40969051 -0.14490396 -0.0077481568)
(0.51643333 -0.17840944 -0.0060651528)
(0.63115359 -0.21558386 -0.0046806612)
(0.75433185 -0.25588736 -0.0033221628)
(0.88432566 -0.30047644 -0.0018408317)
(1.020412 -0.34765826 -0.00080985725)
(1.1621383 -0.39813863 0.00038105478)
(1.308435 -0.45109001 0.0013402921)
(1.459025 -0.50645642 0.0022628204)
(1.6128016 -0.56356162 0.0031516526)
(1.7697759 -0.62229458 0.0038584654)
(1.9289171 -0.68229189 0.0047366269)
(2.0900746 -0.74317815 0.0052929413)
(2.2524376 -0.80473417 0.0060940148)
(2.415721 -0.86619068 0.0068374185)
(2.5796335 -0.92781261 0.0075574392)
(0 0 0)
(0 0 0)
(0 0 0)
(0 0 0)
(0 0 0)
(0 0 0)
(0 0 0)
(0 0 0)
(0 0 0)
(0.0077362089 -0.0088117091 -0.015434043)
(0.011755348 -0.012964809 -0.0060443931)
(0.012170553 -0.010914946 0.0067942656)
(0.030783984 -0.057007959 -0.018187509)
(0.0337314 -0.060115705 -0.0057677545)
(0.036088424 -0.060633407 0.011993565)
(0.060648039 -0.082089221 -0.021035328)
(0.067872828 -0.081921159 -0.0072401163)
(0.070289973 -0.08779264 0.0097071109)
(0.10641107 -0.11504482 -0.018356679)
(0.11355153 -0.11974459 -0.0067726975)
(0.11378474 -0.11926229 0.0068547527)
(0.16558386 -0.15020175 -0.019201002)
(0.1719148 -0.15299323 -0.008885458)
(0.17615136 -0.15987531 0.0063515607)
(0.23427428 -0.18396635 -0.01861142)
(0.24324052 -0.18916213 -0.006816388)
(0.24658711 -0.19136902 0.0039063321)
(0.31622228 -0.2225942 -0.01695005)
(0.32417679 -0.22890075 -0.0084952645)
(0.3279011 -0.23100006 0.004555163)
(0.40731724 -0.26283558 -0.016720581)
(0.41583284 -0.26674672 -0.0076700226)
(0.42083181 -0.27377458 0.0029887289)
(0.50807311 -0.30480298 -0.015484746)
(0.51699739 -0.31230742 -0.0075870029)
(0.52225278 -0.31647816 0.0021927005)
(0.61798254 -0.35080412 -0.014560206)
(0.6268208 -0.35690423 -0.0074604004)
(0.6327307 -0.36272128 0.0015616637)
(0.73534305 -0.39833329 -0.013882387)
(0.7446928 -0.40585618 -0.0071142955)
(0.75104899 -0.41171694 0.00048540004)
(0.86050869 -0.4495959 -0.01276765)
(0.86978505 -0.45621229 -0.0074318339)
(0.87665444 -0.4624739 0.00014984501)
(0.99204066 -0.50166927 -0.012048139)
(1.0013462 -0.50934467 -0.006820993)
(1.0083416 -0.51629174 -0.0009068596)
(1.1293511 -0.55700608 -0.011146851)
(1.138696 -0.56473701 -0.0069579889)
(1.1462947 -0.57169272 -0.0016992084)
(1.2718866 -0.61358857 -0.010560527)
(1.2813496 -0.62155457 -0.0068998629)
(1.2891351 -0.62880762 -0.0024232264)
(1.4189644 -0.67202648 -0.0098376329)
(1.4283803 -0.68011889 -0.0068514347)
(1.4364937 -0.68771832 -0.0031797009)
(1.5698798 -0.73158995 -0.0092590488)
(1.5794066 -0.73988839 -0.0068673372)
(1.5877004 -0.74770534 -0.0038738101)
(1.7242734 -0.79200271 -0.0086893283)
(1.7336845 -0.80067352 -0.0068221928)
(1.742225 -0.8086311 -0.0044813384)
(1.8812532 -0.85357942 -0.0079577439)
(1.8907972 -0.86206451 -0.0066570154)
(1.8994488 -0.87024322 -0.0049679948)
(2.040728 -0.91506319 -0.0074522067)
(2.0501065 -0.9238445 -0.0065377735)
(2.0589253 -0.93218305 -0.005419537)
(2.201781 -0.97713848 -0.0067639657)
(2.2111603 -0.98581101 -0.0062043452)
(2.2202101 -0.99418284 -0.0056760038)
(2.3642841 -1.0387825 -0.0061642968)
(2.3736451 -1.0475617 -0.0060149127)
(2.382681 -1.0561747 -0.0059033322)
(2.5275 -1.100467 -0.0055278386)
(2.5368288 -1.1090883 -0.0057222589)
(2.5461756 -1.1176859 -0.0058163895)
(2.8741909 -0.67355217 0.033258671)
(2.8834381 -0.68216542 0.032922274)
(2.8926267 -0.69088203 0.032703337)
(2.8127294 -0.83522115 0.020856776)
(2.8223305 -0.84400046 0.020257322)
(2.8311966 -0.85253532 0.019785394)
(2.7528114 -0.99794687 0.0078912181)
(2.762319 -1.0067502 0.0073889761)
(2.7714306 -1.0150825 0.0070219538)
(0.019288144 0.023525765 0.014895365)
(0.021029307 0.024378657 0.0048081291)
(0.023470899 0.025467027 -0.0041336029)
(0.0411451 0.054300498 0.016128822)
(0.04268779 0.055407519 0.0056178977)
(0.043917173 0.054431394 -0.0091981915)
(0.081788104 0.083938511 0.021206337)
(0.084919117 0.083884235 0.0080968405)
(0.087904187 0.083958154 -0.0046450371)
(0.13659876 0.10749093 0.022702806)
(0.14265487 0.10565467 0.011079021)
(0.14429277 0.10461885 -0.0016461286)
(0.20929438 0.12679107 0.025448724)
(0.21457121 0.12486261 0.014576356)
(0.21753088 0.12443022 0.0028112948)
(0.29322882 0.14029488 0.028091628)
(0.29998309 0.13603141 0.017922293)
(0.30418788 0.13412043 0.0064845795)
(0.39116381 0.14628948 0.030403417)
(0.39803029 0.14285175 0.021129933)
(0.40221226 0.14015003 0.0098940384)
(0.49929302 0.14673048 0.032727912)
(0.50625606 0.14258587 0.023927146)
(0.51171061 0.13960333 0.013831198)
(0.61723361 0.14079114 0.034967668)
(0.62508184 0.13608537 0.026603006)
(0.63071694 0.13229339 0.017359839)
(0.743937 0.12844507 0.036866796)
(0.75202384 0.12314483 0.029162209)
(0.75812394 0.11893868 0.02066627)
(0.87798004 0.11025209 0.03882909)
(0.88670328 0.10403075 0.031161248)
(0.89319471 0.09902856 0.02394351)
(1.0191148 0.085362334 0.039719679)
(1.0273981 0.078894106 0.034071279)
(1.0343014 0.0740379 0.025896907)
(1.1650565 0.055305805 0.041007975)
(1.1737463 0.048641851 0.035051624)
(1.1811887 0.043455664 0.02887998)
(1.316007 0.02021267 0.041817758)
(1.3247897 0.013242405 0.036898766)
(1.3325216 0.0071576515 0.031148971)
(1.4705719 -0.019649882 0.042692997)
(1.4795397 -0.026990723 0.038160052)
(1.4874491 -0.033351191 0.033162826)
(1.6283422 -0.063708561 0.0431315)
(1.6372877 -0.07132942 0.039330177)
(1.6455044 -0.078054576 0.034985831)
(1.7883643 -0.11155886 0.043828369)
(1.7974672 -0.11921953 0.040450831)
(1.805905 -0.12642381 0.036732527)
(1.950205 -0.16240691 0.044106683)
(1.9594942 -0.17056219 0.041278718)
(1.9680192 -0.1779446 0.038165401)
(2.1135735 -0.21612882 0.044443229)
(2.1227096 -0.22439163 0.042167881)
(2.131461 -0.23206047 0.03966292)
(2.2775059 -0.27210642 0.04478577)
(2.2868521 -0.28038286 0.042923282)
(2.2956598 -0.28844106 0.040891753)
(2.4422016 -0.32974957 0.045041545)
(2.4513635 -0.33851545 0.043548815)
(2.4602834 -0.34655397 0.042222322)
(2.6065529 -0.3890173 0.045384939)
(2.615919 -0.3975043 0.044364201)
(2.6250544 -0.40584079 0.043274166)
(2.771425 -0.44891063 0.045980521)
(2.7805106 -0.45769251 0.045046125)
(2.7897789 -0.46627008 0.04435627)
(0.00065423788 0.0081394438 -0.010298116)
(0.024372902 0.034679036 -0.01101672)
(0.063611866 0.039002207 -0.0050940965)
(0.12186956 0.050766125 -0.004671391)
(0.19301284 0.054274288 -0.0013484539)
(0.27741044 0.053418936 0.0022717354)
(0.3735321 0.048171766 0.0046251247)
(0.48019739 0.036443346 0.0077234318)
(0.59675489 0.019815624 0.010357571)
(0.7214051 -0.0024693725 0.013012761)
(0.85404035 -0.0298079 0.015116134)
(0.99257957 -0.062168611 0.017575517)
(1.136851 -0.099613229 0.019195589)
(1.2861145 -0.1413454 0.021227491)
(1.4392698 -0.18671306 0.02261648)
(1.5956851 -0.23574781 0.024100251)
(1.754775 -0.28781813 0.025403223)
(1.9159644 -0.34237016 0.026536916)
(2.0786767 -0.39903998 0.027665842)
(2.2425024 -0.45750102 0.028600433)
(2.4070536 -0.51706311 0.029563018)
(2.5717432 -0.57747479 0.03046248)
(2.7367187 -0.63879061 0.031399566)
(-0.0090858543 0.004545749 0.0016269343)
(0.017551675 0.0056235543 0.002180707)
(0.056493077 -0.0011138178 0.0031091755)
(0.11362403 -0.0038766861 0.0037191085)
(0.18024061 -0.012835893 0.0045210223)
(0.26260207 -0.025844515 0.0062119048)
(0.35403778 -0.042450656 0.007550116)
(0.45744456 -0.063698425 0.0088730157)
(0.56959588 -0.089749913 0.010119789)
(0.69061697 -0.11996829 0.011338979)
(0.81881461 -0.15509966 0.012416609)
(0.95399924 -0.19385311 0.013216299)
(1.0946515 -0.23717094 0.014198372)
(1.2407691 -0.28359903 0.014808561)
(1.3909213 -0.33340044 0.015291858)
(1.5447739 -0.38618342 0.015888111)
(1.7016026 -0.44116525 0.016289114)
(1.860897 -0.49826001 0.016666513)
(2.022018 -0.55696389 0.01711938)
(2.1845835 -0.61687117 0.017418758)
(2.3483533 -0.67751426 0.018001442)
(2.5121828 -0.73872065 0.018310838)
(2.6772987 -0.80067462 0.018741623)
(-0.012131962 -0.0102176 0.011890682)
(0.019404829 -0.01564591 0.0092141179)
(0.055383704 -0.043546413 0.015429252)
(0.10683535 -0.050634463 0.010473194)
(0.17349818 -0.078089551 0.012517019)
(0.25079581 -0.10284806 0.011646001)
(0.33876013 -0.1292046 0.011566118)
(0.43811222 -0.1622686 0.011395656)
(0.5459479 -0.19743003 0.01129982)
(0.6624366 -0.23642691 0.011148226)
(0.78676818 -0.27897768 0.01068628)
(0.91747684 -0.32500586 0.010576877)
(1.0547482 -0.37368927 0.010028153)
(1.1971228 -0.42574544 0.0095652541)
(1.3440113 -0.47986051 0.0090998666)
(1.4950319 -0.53634309 0.0085961822)
(1.6493585 -0.59457988 0.008090324)
(1.8064648 -0.65421065 0.0076287175)
(1.9658438 -0.71501512 0.00722681)
(2.1270441 -0.77646842 0.0069460278)
(2.2894825 -0.83834384 0.0067269817)
(2.4529115 -0.90044939 0.0064284451)
(2.6168318 -0.96212947 0.0066556648)
(0.0036189925 0.0081843588 0.0092725416)
(0.003729325 0.0091930814 0.0039342466)
(0.0065365087 0.0087015014 -0.0019861033)
(0.028159497 0.032615611 0.008348325)
(0.032608229 0.032167158 0.0016959625)
(0.032386878 0.030842904 -0.0064187988)
(0.066651706 0.044540889 0.010862977)
(0.069912208 0.041558305 0.0048369085)
(0.072410693 0.041461894 -0.0010013952)
(0.12034697 0.055084402 0.012167672)
(0.1274403 0.054340471 0.0064436588)
(0.12796082 0.051069952 0.00056643291)
(0.18973307 0.061518383 0.014158662)
(0.19536477 0.057890387 0.0088513502)
(0.19854835 0.055175774 0.0041660712)
(0.27113266 0.061577379 0.016138991)
(0.2781198 0.058707007 0.011665977)
(0.28154969 0.055317835 0.0055304082)
(0.3649448 0.057452584 0.018656829)
(0.37276352 0.053583479 0.013245256)
(0.37627764 0.049687922 0.0091147747)
(0.46963823 0.048007972 0.020155721)
(0.47724291 0.043364185 0.016025303)
(0.48175003 0.038998592 0.011252409)
(0.58390735 0.03229345 0.022297248)
(0.59212681 0.027461136 0.0181597)
(0.59723759 0.022528703 0.0139414)
(0.70684658 0.012016457 0.023735184)
(0.71529554 0.0060755282 0.019950775)
(0.72070478 0.0006678073 0.016165146)
(0.83755139 -0.014537976 0.025146448)
(0.84614699 -0.02082565 0.021975387)
(0.85225851 -0.026042957 0.018432605)
(0.9746826 -0.045765678 0.02654419)
(0.98368214 -0.052286748 0.023218268)
(0.99001896 -0.058282521 0.020000176)
(1.1177661 -0.081733655 0.027540936)
(1.126659 -0.088477693 0.024642072)
(1.1335864 -0.094713863 0.021813458)
(1.2656004 -0.12215668 0.028477708)
(1.2747661 -0.12919613 0.025982753)
(1.2819219 -0.13608893 0.023241899)
(1.4176655 -0.16648347 0.02916002)
(1.4267847 -0.17405426 0.02689402)
(1.4343345 -0.18094235 0.024607861)
(1.573063 -0.21450135 0.029864748)
(1.582357 -0.222092 0.027841982)
(1.5901555 -0.22944611 0.025781274)
(1.7313605 -0.26544581 0.030200723)
(1.740522 -0.27342662 0.028638053)
(1.7486184 -0.281016 0.026838849)
(1.891582 -0.31909562 0.030867242)
(1.9009734 -0.32738204 0.029290174)
(1.909252 -0.33511919 0.027823991)
(2.0536984 -0.37506818 0.031245976)
(2.0630181 -0.38328777 0.029984475)
(2.0714983 -0.3913472 0.028720087)
(2.2168387 -0.43255965 0.031567238)
(2.2261511 -0.44114289 0.030632094)
(2.234827 -0.44938125 0.029513022)
(2.3808998 -0.49161136 0.031919041)
(2.3902059 -0.50031392 0.031202434)
(2.3990747 -0.50867892 0.030327232)
(2.5451212 -0.55162794 0.032349214)
(2.5544223 -0.56024373 0.031966158)
(2.5633945 -0.56870857 0.031069166)
(2.7095765 -0.61248638 0.032902924)
(2.718833 -0.62118217 0.03243666)
(2.7280398 -0.6299038 0.032015184)
(-0.0045266544 0.0014672705 -0.0014255459)
(-0.0026413589 0.0037692496 -0.0014377556)
(-0.00022886361 0.0026369589 0.0011685804)
(0.020712968 0.0046618078 -0.003584696)
(0.025111263 0.004246488 -0.0019549814)
(0.025217898 0.0023934083 -0.00057393126)
(0.057971188 0.0024946234 -0.00092400933)
(0.06334617 0.00079489333 0.0024602623)
(0.064374923 0.00051258037 0.0018248539)
(0.10934948 -0.00035010911 0.00016796946)
(0.11689833 -0.0027797339 0.0015899999)
(0.11715351 -0.0061804906 0.001763021)
(0.17575116 -0.0072428269 0.0020228018)
(0.18252923 -0.011256819 0.0045970618)
(0.18425485 -0.012388813 0.0030214255)
(0.25330712 -0.018162186 0.0040372412)
(0.2619345 -0.02248872 0.0054336529)
(0.26408264 -0.025572566 0.0050116505)
(0.34386834 -0.033089382 0.0053195182)
(0.35191525 -0.038754271 0.0069928693)
(0.35502127 -0.041763908 0.0063612208)
(0.44451763 -0.053338616 0.0073800818)
(0.45314025 -0.058815982 0.0091135361)
(0.45671198 -0.062374334 0.0079768107)
(0.5546468 -0.077361378 0.0089404738)
(0.56332732 -0.083806478 0.0099179687)
(0.56811737 -0.088216094 0.0092119657)
(0.67380373 -0.10653629 0.010423604)
(0.68305483 -0.11337299 0.011788937)
(0.68782564 -0.11757458 0.010638262)
(0.80068345 -0.14021054 0.011930537)
(0.80939629 -0.14687703 0.012626886)
(0.81534547 -0.15225946 0.011699752)
(0.9341179 -0.17782158 0.013105016)
(0.94351469 -0.18527059 0.01367996)
(0.9495904 -0.19048788 0.012893507)
(1.0737946 -0.21959949 0.014082194)
(1.0830538 -0.22699406 0.014762594)
(1.0895087 -0.23300386 0.013786511)
(1.2184722 -0.26492429 0.015000868)
(1.2277969 -0.27287951 0.015391523)
(1.2348058 -0.27916917 0.01461275)
(1.3677177 -0.31365472 0.015806594)
(1.3770621 -0.32162475 0.016200779)
(1.3844579 -0.3283023 0.01517482)
(1.5206278 -0.36523591 0.016481811)
(1.5300568 -0.37346493 0.016588828)
(1.5376912 -0.38043678 0.015822693)
(1.6766851 -0.41927888 0.017102971)
(1.6860473 -0.4276496 0.017260864)
(1.6940419 -0.43503386 0.016371028)
(1.8352345 -0.47551604 0.017708243)
(1.8446836 -0.48396832 0.017607329)
(1.8529296 -0.49156476 0.016793842)
(1.9958079 -0.53347977 0.018309639)
(2.0052726 -0.54193111 0.018023238)
(2.0136703 -0.54978567 0.017341448)
(2.1579329 -0.5926043 0.018883757)
(2.1672863 -0.60108342 0.018391355)
(2.1760562 -0.60935445 0.017753116)
(2.3210856 -0.65276564 0.019216792)
(2.3306911 -0.6614306 0.018848375)
(2.339356 -0.66971501 0.018317045)
(2.4848165 -0.71347601 0.0197868)
(2.4941491 -0.72199186 0.019342091)
(2.5030376 -0.73056417 0.018654575)
(2.649326 -0.7746888 0.020123581)
(2.6588375 -0.78342637 0.019735637)
(2.6679676 -0.79191326 0.019194044)
(-0.0058964441 -0.0062905495 -0.0074686703)
(-0.0056781158 -0.0070366725 0.0014923824)
(-0.0028729139 -0.0070003953 0.0058555788)
(0.022369984 -0.021098405 -0.0075422486)
(0.027622199 -0.016744045 -0.00071298721)
(0.027100481 -0.019398923 0.0054498018)
(0.054195897 -0.034967735 -0.0084228786)
(0.059581814 -0.040896129 -0.00057010025)
(0.061662393 -0.041769749 0.0064813508)
(0.10544345 -0.054547389 -0.0083624818)
(0.11053907 -0.05352536 -0.0014947592)
(0.11361277 -0.056451581 0.0052741637)
(0.16706305 -0.07303716 -0.0066669628)
(0.17392404 -0.077830476 0.00010308867)
(0.17763795 -0.079267574 0.0057005961)
(0.24206792 -0.096863971 -0.0064606513)
(0.24857699 -0.1002034 -0.0007825318)
(0.25355931 -0.10357735 0.0051246286)
(0.32815602 -0.1238928 -0.0048696545)
(0.33576203 -0.12795674 0.0013664974)
(0.34053628 -0.13127282 0.0058663121)
(0.42436173 -0.1532082 -0.003643862)
(0.43184089 -0.15855634 0.0011244921)
(0.43787038 -0.16233661 0.0057626441)
(0.5305997 -0.18762683 -0.0025445334)
(0.53878092 -0.19279739 0.0021720782)
(0.54501854 -0.19708884 0.0062461676)
(0.64517004 -0.22479531 -0.001355693)
(0.65338032 -0.23063505 0.0027495747)
(0.66012573 -0.23571382 0.0065336764)
(0.76766061 -0.26556891 -0.0004181084)
(0.77625603 -0.2723188 0.0033486746)
(0.78358498 -0.27729591 0.0065503494)
(0.897315 -0.31030115 0.0007364979)
(0.9060363 -0.31685139 0.003899888)
(0.91345634 -0.32272453 0.0067205944)
(1.0329757 -0.35755314 0.0013760166)
(1.0417355 -0.36480708 0.0041348761)
(1.0496811 -0.37088113 0.0067960543)
(1.1742546 -0.40816773 0.0022246766)
(1.1832128 -0.4154491 0.0046914892)
(1.1913979 -0.42201367 0.0066797862)
(1.3202318 -0.46111139 0.0028637368)
(1.3292183 -0.46875321 0.0048219146)
(1.3377268 -0.4756738 0.0065858067)
(1.4703465 -0.51633104 0.0035006195)
(1.4794502 -0.52425107 0.0051021918)
(1.4880849 -0.53136336 0.0065107808)
(1.6239101 -0.57351692 0.0039889534)
(1.6330388 -0.58146028 0.0053335752)
(1.6419559 -0.58904643 0.0063627022)
(1.7803817 -0.63199102 0.0044932395)
(1.7896219 -0.64048446 0.0054689053)
(1.7986219 -0.64808288 0.0062577195)
(1.9392754 -0.69202651 0.005071763)
(1.9484733 -0.70030263 0.0057143361)
(1.9575963 -0.70824562 0.0062254251)
(2.0998186 -0.75249631 0.0055387493)
(2.1093077 -0.76119178 0.0058837494)
(2.1184235 -0.76933299 0.0062436474)
(2.2620037 -0.81369199 0.0060441024)
(2.2713784 -0.82248302 0.0062323028)
(2.2805108 -0.83069069 0.0063452353)
(2.4251443 -0.87528802 0.006743233)
(2.4344988 -0.88408522 0.0065972241)
(2.4438533 -0.89237154 0.0064992414)
(2.5888645 -0.93675508 0.0072519184)
(2.5982569 -0.94535491 0.0070030525)
(2.6074701 -0.95400114 0.0065632286)
)
;

boundaryField
{
    free
    {
        type            calculated;
    }
    bottom
    {
        type            calculated;
    }
    traction
    {
        type            calculated;
    }
}


// ************************************************************************* //
