/*--------------------------------*- C++ -*----------------------------------*\
  =========                 |
  \\      /  F ield         | OpenFOAM: The Open Source CFD Toolbox
   \\    /   O peration     | Website:  https://openfoam.org
    \\  /    A nd           | Version:  6
     \\/     M anipulation  |
\*---------------------------------------------------------------------------*/
FoamFile
{
    version     2.0;
    format      ascii;
    class       pointVectorField;
    location    "2.7998848600280661";
    object      u;
}
// * * * * * * * * * * * * * * * * * * * * * * * * * * * * * * * * * * * * * //

dimensions      [0 1 0 0 0 0 0];

internalField   nonuniform List<vector> 
625
(
(0 0 0)
(0 0 0)
(2.9313727 -0.49726436 0.056187922)
(2.6980858 -1.1372092 0.014578574)
(0 0 0)
(0 0 0)
(2.7300739 -1.1642305 0.012556746)
(2.9629892 -0.52460765 0.05487515)
(0 0 0)
(0 0 0)
(0 0 0)
(2.8723337 -0.65776397 0.044960679)
(2.8141364 -0.81661252 0.035326312)
(2.7565845 -0.97615338 0.024772286)
(0.0096449329 0.031113467 0.029271953)
(0.03357644 0.065446658 0.031754995)
(0.078104799 0.095078518 0.036244344)
(0.1394421 0.120725 0.038196753)
(0.21487862 0.13909905 0.040825541)
(0.30574021 0.15221971 0.043519485)
(0.40657428 0.15706885 0.04600209)
(0.51856396 0.15613784 0.048618778)
(0.6395087 0.14783003 0.051294836)
(0.76785052 0.13323115 0.053207071)
(0.90309504 0.11292847 0.055384299)
(1.0438237 0.086451557 0.056595066)
(1.1893897 0.055251557 0.057945904)
(1.3388657 0.019128292 0.058762365)
(1.4915665 -0.021007693 0.059311773)
(1.6470485 -0.065093624 0.059429663)
(1.8044066 -0.11196333 0.059528932)
(1.9636256 -0.16190306 0.059196659)
(2.1239357 -0.21438977 0.058733199)
(2.2849126 -0.26834895 0.058282375)
(2.4465581 -0.32417457 0.057689062)
(2.608304 -0.38063831 0.057161666)
(2.7696273 -0.43853448 0.056987318)
(-0.0074792097 -0.025662235 -0.037099799)
(0.018028431 -0.050055241 -0.030217624)
(0.051210026 -0.083895205 -0.034661592)
(0.10390786 -0.11591295 -0.028315116)
(0.16451594 -0.14731944 -0.026342703)
(0.24179814 -0.18594013 -0.021986736)
(0.32532988 -0.22131353 -0.018918951)
(0.42236698 -0.26282373 -0.014232434)
(0.52611155 -0.30582406 -0.011430721)
(0.63915242 -0.35026231 -0.0074488779)
(0.75914711 -0.39869402 -0.0043996331)
(0.88585092 -0.44816762 -0.0011708262)
(1.0183356 -0.50030439 0.0014447525)
(1.1559468 -0.55398299 0.0038626633)
(1.2981973 -0.60934433 0.0058768489)
(1.4442746 -0.66590541 0.0075889894)
(1.5939794 -0.72370627 0.0090910287)
(1.7461737 -0.78207988 0.0099946375)
(1.9013395 -0.84122744 0.01120409)
(2.0580095 -0.9003871 0.011857118)
(2.2165593 -0.95999548 0.012687233)
(2.3762031 -1.0192176 0.013166433)
(2.5367726 -1.07826 0.013637118)
(0 0 0)
(0 0 0)
(0 0 0)
(0.0064666745 -0.017757301 0.025797333)
(0.027062413 -0.071284488 0.030472235)
(0.066779871 -0.089661814 0.025208513)
(0.11687041 -0.12705561 0.022080372)
(0.18396274 -0.17009376 0.023789019)
(0.25947673 -0.20022548 0.01964458)
(0.34574112 -0.24562083 0.0221197)
(0.44272026 -0.28486979 0.020733135)
(0.54809784 -0.3293964 0.020859623)
(0.66192427 -0.37561198 0.020992611)
(0.78297037 -0.42394576 0.020746717)
(0.91058852 -0.47409904 0.021035292)
(1.0440115 -0.52643809 0.020588774)
(1.1827492 -0.58029575 0.020218736)
(1.3258133 -0.6355777 0.019717299)
(1.4728241 -0.69239391 0.019063882)
(1.6232157 -0.7499918 0.018242508)
(1.7763621 -0.80856326 0.017372885)
(1.9318236 -0.86769506 0.016490518)
(2.0892443 -0.92709747 0.015522902)
(2.2479806 -0.98678132 0.014668074)
(2.408093 -1.0461365 0.013907494)
(2.5684761 -1.1054544 0.013324722)
(2.788648 -1.0033887 0.023107977)
(2.8457503 -0.84374849 0.034027547)
(2.9037981 -0.68537769 0.045010936)
(2.8014731 -0.46580934 0.05384392)
(2.6395917 -0.407857 0.053295601)
(2.4778044 -0.35131999 0.052554094)
(2.3158475 -0.29523049 0.05148366)
(2.1543291 -0.24105879 0.050361409)
(1.9934718 -0.18875065 0.048876102)
(1.8336926 -0.13877927 0.047230268)
(1.6753876 -0.091504961 0.04508195)
(1.5190179 -0.047521319 0.042682079)
(1.3653049 -0.0069815941 0.039750373)
(1.2145913 0.029264867 0.036376762)
(1.0677432 0.061376641 0.032143559)
(0.92580742 0.088007786 0.02836941)
(0.78918577 0.10949592 0.02333756)
(0.65913123 0.12521805 0.018147217)
(0.53677344 0.13476698 0.012563822)
(0.42326387 0.13843118 0.0063537323)
(0.31947058 0.13462954 0.0011465767)
(0.22914984 0.12496501 -0.00577666)
(0.14894118 0.10754549 -0.010127829)
(0.086495058 0.087313864 -0.01776134)
(0.037648686 0.058200727 -0.020792615)
(0.018485529 0.028874085 -0.018037938)
(0 0 0)
(0 0 0)
(0 0 0)
(0 0 0)
(0 0 0)
(0 0 0)
(2.705851 -1.144187 0.013734497)
(2.7139472 -1.1511915 0.013729635)
(2.7216746 -1.1579261 0.013074202)
(2.9398942 -0.50388213 0.055867546)
(2.947696 -0.5108074 0.055455903)
(2.9557518 -0.51748507 0.055073382)
(-0.0048325066 0.018659474 0.0213052)
(0.020634192 0.03773794 0.017560947)
(0.062334826 0.053025925 0.02108501)
(0.12119678 0.064200013 0.022567727)
(0.19446253 0.070385285 0.025280639)
(0.28160656 0.070960983 0.027745187)
(0.37944497 0.065220247 0.030657623)
(0.48819445 0.054258119 0.03339578)
(0.60541535 0.037089839 0.035840605)
(0.73039635 0.014918338 0.038335937)
(0.86233693 -0.01255869 0.040434112)
(1.0002017 -0.045205543 0.04224947)
(1.1429447 -0.081791063 0.043776229)
(1.2898728 -0.12266462 0.044890696)
(1.4403797 -0.16686388 0.045801858)
(1.593848 -0.21429636 0.046288226)
(1.7496387 -0.26425668 0.046683872)
(1.907477 -0.31649327 0.046643617)
(2.0668183 -0.37083212 0.046586527)
(2.2269634 -0.42633373 0.046492671)
(2.3881576 -0.48315167 0.046132572)
(2.5494414 -0.54056528 0.045924527)
(2.7108755 -0.59928294 0.045756371)
(-0.012694505 0.0050563382 0.00030094562)
(0.014083414 0.0063812415 -0.0010128636)
(0.052848915 0.0084617201 0.002863689)
(0.10890492 0.006618245 0.0048451222)
(0.18000961 -0.0016680447 0.0079454441)
(0.26322493 -0.012364766 0.011103964)
(0.35750518 -0.028611922 0.014150269)
(0.46239068 -0.049624707 0.017197375)
(0.57556038 -0.074838814 0.020147812)
(0.69740414 -0.10525417 0.023240065)
(0.82545337 -0.13921568 0.025272665)
(0.9600142 -0.17783221 0.027895247)
(1.0995169 -0.2196887 0.029653264)
(1.2437665 -0.26484552 0.031288959)
(1.3917077 -0.31297194 0.032590419)
(1.5430093 -0.36347457 0.033434556)
(1.6969693 -0.41628645 0.034327116)
(1.8532024 -0.47056511 0.034528705)
(2.0110399 -0.52649514 0.035058818)
(2.1702617 -0.5834008 0.035180129)
(2.3307138 -0.64129651 0.035103053)
(2.4915867 -0.69965817 0.035276835)
(2.6532995 -0.75841339 0.035145475)
(-0.015754879 -0.010753725 -0.014160535)
(0.010852389 -0.020366465 -0.01233251)
(0.046261308 -0.032268625 -0.01311935)
(0.10225103 -0.049007779 -0.010128621)
(0.16902499 -0.070654269 -0.0076034061)
(0.24854413 -0.092059602 -0.0046150964)
(0.33970983 -0.12097776 -0.0012424551)
(0.43983031 -0.15075085 0.0019539252)
(0.54975017 -0.18553668 0.0053245696)
(0.66681835 -0.22371922 0.0082285246)
(0.79163521 -0.26457323 0.010980499)
(0.92248711 -0.30950616 0.013681182)
(1.0587094 -0.35645523 0.015724767)
(1.1999084 -0.40639846 0.017759545)
(1.3450574 -0.45835224 0.019290963)
(1.4939779 -0.51233987 0.020600694)
(1.6456807 -0.56775765 0.021621233)
(1.8001912 -0.6244382 0.022359462)
(1.9566387 -0.6822349 0.023006502)
(2.1149326 -0.74062981 0.023292565)
(2.2743312 -0.79966617 0.023706228)
(2.434625 -0.85855322 0.02401183)
(2.5955608 -0.9175866 0.024298945)
(0 0 0)
(0 0 0)
(0 0 0)
(0 0 0)
(0 0 0)
(0 0 0)
(0 0 0)
(0 0 0)
(0 0 0)
(0.0089166416 -0.0096065484 -0.016249009)
(0.013243462 -0.014159257 -0.0061356088)
(0.013667652 -0.011894783 0.0076444605)
(0.034576292 -0.061124432 -0.01784771)
(0.037340231 -0.064695252 -0.0047742735)
(0.039641777 -0.065435642 0.014141719)
(0.06768186 -0.087610552 -0.01947671)
(0.074758485 -0.087728463 -0.0051429997)
(0.076781329 -0.094358792 0.012585503)
(0.11703992 -0.12169122 -0.014855444)
(0.12360489 -0.12708278 -0.0031907973)
(0.12304391 -0.1269319 0.01067915)
(0.18037131 -0.15830254 -0.014000555)
(0.18573758 -0.16173943 -0.0038686771)
(0.18924557 -0.16973526 0.011504231)
(0.25295619 -0.19262042 -0.011537481)
(0.26086746 -0.19863691 -1.7163417e-05)
(0.26301862 -0.20119967 0.010403488)
(0.33891021 -0.23229364 -0.0078769393)
(0.3453166 -0.23933869 0.00010951107)
(0.34787525 -0.24192893 0.012802823)
(0.43349157 -0.2728273 -0.0057917892)
(0.44045086 -0.27701035 0.0026511681)
(0.44397976 -0.28493984 0.012797915)
(0.53741596 -0.31502097 -0.0027194677)
(0.54448191 -0.32310717 0.00456027)
(0.54822314 -0.32752338 0.013696063)
(0.64990557 -0.36098594 -6.4971708e-05)
(0.65683281 -0.36703075 0.0063319946)
(0.6611168 -0.37323808 0.014697161)
(0.76921649 -0.40798428 0.0021240942)
(0.77658415 -0.41550094 0.0082858904)
(0.78122458 -0.4214257 0.015159356)
(0.89574007 -0.45849082 0.0046777936)
(0.9030035 -0.46472469 0.0092892375)
(0.90815241 -0.47093268 0.016219537)
(1.02797 -0.50943507 0.0064885288)
(1.035261 -0.51658084 0.011157655)
(1.0405098 -0.52315346 0.016419729)
(1.1653356 -0.56338293 0.0083551463)
(1.1726914 -0.57028339 0.012001663)
(1.1786052 -0.57663192 0.016657057)
(1.307332 -0.61815875 0.009588652)
(1.314903 -0.62509813 0.012813844)
(1.3210109 -0.6315093 0.016775717)
(1.4533261 -0.67459016 0.010763977)
(1.4609145 -0.6814453 0.013388955)
(1.4673984 -0.68799579 0.0166129)
(1.6026848 -0.73188429 0.011554738)
(1.6104501 -0.73880191 0.013660846)
(1.6171917 -0.7453598 0.016318619)
(1.7550798 -0.78991022 0.012088683)
(1.762838 -0.79701172 0.013806878)
(1.7698684 -0.80353984 0.015876754)
(1.9097104 -0.84895282 0.012707278)
(1.9176883 -0.85575789 0.013879131)
(1.9248928 -0.86236892 0.015400562)
(2.0665842 -0.90780845 0.012867258)
(2.0744907 -0.91485129 0.013749446)
(2.081894 -0.92150752 0.014799327)
(2.2248425 -0.96729608 0.013194028)
(2.2328092 -0.9741417 0.01377178)
(2.2404596 -0.98074684 0.01428579)
(2.3844478 -1.0263118 0.013352993)
(2.3924363 -1.0332642 0.013549901)
(2.4001169 -1.040086 0.013721628)
(2.5447233 -1.0854567 0.013546349)
(2.5526879 -1.0922453 0.013443012)
(2.5606654 -1.0990226 0.013428089)
(2.880876 -0.66455277 0.045269795)
(2.8887728 -0.67131364 0.045056398)
(2.8966435 -0.67818952 0.044909213)
(2.8219544 -0.82343494 0.035060869)
(2.8302146 -0.83037131 0.034591324)
(2.8377709 -0.83708029 0.034224862)
(2.7645332 -0.98331924 0.024325512)
(2.7726882 -0.99028766 0.023972253)
(2.7804739 -0.99680618 0.023684868)
(0.022576357 0.026304785 0.015706326)
(0.02390532 0.026593331 0.0047079583)
(0.026087134 0.027600875 -0.0048323432)
(0.047106138 0.059261024 0.016830991)
(0.047993704 0.05998271 0.0057007583)
(0.048786936 0.058367831 -0.009918725)
(0.091947564 0.090172822 0.022599945)
(0.094394065 0.089375574 0.0087862422)
(0.096680547 0.088813626 -0.0044355267)
(0.15115247 0.11419778 0.024512486)
(0.15630498 0.1114652 0.012556959)
(0.15705731 0.10953074 -0.00052073852)
(0.22863206 0.1328405 0.028189276)
(0.23282808 0.12986143 0.017124006)
(0.23475192 0.12867908 0.0052811589)
(0.31696759 0.14503731 0.0317571)
(0.32239623 0.13985149 0.021652358)
(0.32549304 0.1368963 0.010289457)
(0.41880039 0.14912082 0.035218464)
(0.42430044 0.14460072 0.026122329)
(0.42717643 0.14107597 0.015076502)
(0.53015789 0.14733628 0.038650815)
(0.5355855 0.142355 0.03022052)
(0.53968971 0.13850426 0.020427118)
(0.65049633 0.13906769 0.042100521)
(0.65671848 0.13358262 0.034140731)
(0.66092312 0.12900228 0.025365684)
(0.77869404 0.12441458 0.045113016)
(0.78513804 0.11850846 0.037959816)
(0.78975754 0.11372122 0.029923064)
(0.91346511 0.1042071 0.048139125)
(0.9204306 0.097662601 0.04104516)
(0.92540445 0.092188285 0.034374638)
(1.0543299 0.077686892 0.050027018)
(1.0610183 0.071046691 0.044951807)
(1.0663709 0.065883011 0.037357064)
(1.1994427 0.04641569 0.05208628)
(1.2064526 0.03982703 0.0466954)
(1.2123939 0.034592141 0.041091548)
(1.3488264 0.010645937 0.053506195)
(1.356033 0.003988372 0.049166691)
(1.362277 -0.0019347008 0.043960533)
(1.5013501 -0.02938121 0.054828501)
(1.5087703 -0.036178196 0.050819044)
(1.5152082 -0.042107892 0.046307224)
(1.6566464 -0.073068938 0.055473535)
(1.6640922 -0.079876293 0.052152981)
(1.6708882 -0.085961248 0.048260775)
(1.8138851 -0.12002038 0.056204942)
(1.8215486 -0.12671301 0.053276219)
(1.8285868 -0.13301012 0.049932178)
(1.9727393 -0.16958819 0.056366644)
(1.980629 -0.17649423 0.053900123)
(1.9877782 -0.1828016 0.051108215)
(2.1330012 -0.22162697 0.056425137)
(2.1407573 -0.22849796 0.054459436)
(2.1481621 -0.2348661 0.052204055)
(2.2937805 -0.27557068 0.056377449)
(2.301767 -0.28228238 0.054768312)
(2.3092414 -0.28889336 0.052930653)
(2.4553444 -0.33099067 0.056186226)
(2.463153 -0.33808625 0.054898148)
(2.4707559 -0.34452966 0.053698509)
(2.6166169 -0.38783759 0.056049225)
(2.6246396 -0.39458453 0.055190867)
(2.6324156 -0.4012002 0.054206537)
(2.7784702 -0.44523011 0.056165255)
(2.7862085 -0.45219718 0.055340264)
(2.7941525 -0.45899018 0.054759911)
(0.0011874244 0.0085533542 -0.011030226)
(0.027433438 0.036372484 -0.011186199)
(0.070168496 0.040195097 -0.0042488029)
(0.13243464 0.051755544 -0.0029002219)
(0.2079073 0.054056904 0.0017565014)
(0.29638709 0.051827236 0.0067359127)
(0.39625241 0.045021673 0.010522385)
(0.50596653 0.031622824 0.015085037)
(0.62501526 0.013496891 0.019143623)
(0.75133252 -0.010015358 0.023128702)
(0.884926 -0.038187527 0.026495542)
(1.023743 -0.070936571 0.029949031)
(1.1675534 -0.10826408 0.032478436)
(1.3157632 -0.14938513 0.035209434)
(1.4673618 -0.19359394 0.037044397)
(1.6217437 -0.24105578 0.038789905)
(1.7784316 -0.29117474 0.040164058)
(1.9369475 -0.34344242 0.041172043)
(2.0967562 -0.39762553 0.042052481)
(2.2575396 -0.4534292 0.042628679)
(2.4189818 -0.51031174 0.043163945)
(2.5805394 -0.56801786 0.043620847)
(2.7424032 -0.62670681 0.044110355)
(-0.0092089574 0.0046464982 0.0019600575)
(0.020191496 0.0055635883 0.003074139)
(0.062430038 -0.0022340113 0.0047403039)
(0.12357573 -0.0056024324 0.0063341459)
(0.19429841 -0.016112599 0.008271422)
(0.28061992 -0.030289991 0.011298946)
(0.37564323 -0.048488823 0.014044636)
(0.48220895 -0.070844452 0.01679789)
(0.59687258 -0.09808025 0.019534146)
(0.71978473 -0.12884958 0.022101518)
(0.84914055 -0.16436551 0.02453324)
(0.9848919 -0.20283387 0.026467916)
(1.1253899 -0.24551998 0.028521455)
(1.2708354 -0.2907798 0.029912392)
(1.4197651 -0.33896572 0.031022142)
(1.571899 -0.38981215 0.032035323)
(1.7266597 -0.44248957 0.032651084)
(1.8835462 -0.49705217 0.033058276)
(2.0419961 -0.55308866 0.033397443)
(2.2017355 -0.61019252 0.033445647)
(2.3625182 -0.66808673 0.033687362)
(2.5233649 -0.726537 0.033599373)
(2.6854256 -0.78583777 0.033673571)
(-0.012702791 -0.011088921 0.013096274)
(0.021959845 -0.01700625 0.010877368)
(0.061068462 -0.047411979 0.018270372)
(0.11611376 -0.054820844 0.013860166)
(0.18688761 -0.084414298 0.017052442)
(0.26770173 -0.11051533 0.017471275)
(0.35929828 -0.13776617 0.018692365)
(0.46168444 -0.17198893 0.020015942)
(0.57214201 -0.20755571 0.021329795)
(0.69058636 -0.24673974 0.022664192)
(0.8163851 -0.28892084 0.023557073)
(0.94788634 -0.33418557 0.024721614)
(1.0853918 -0.38160491 0.025285163)
(1.2274281 -0.43202219 0.025764061)
(1.3734358 -0.48406518 0.026072626)
(1.5231301 -0.53820023 0.026108928)
(1.6757004 -0.59383118 0.02598333)
(1.8306927 -0.65067315 0.02567789)
(1.9876673 -0.70861542 0.025307311)
(2.1462287 -0.76716553 0.024883604)
(2.3058839 -0.82617018 0.024458259)
(2.4664217 -0.88548288 0.02386932)
(2.6274152 -0.94452042 0.023753176)
(0.0052979465 0.0089207584 0.0099643013)
(0.0050381986 0.0098769392 0.0040492743)
(0.0077692035 0.0092606071 -0.0022533926)
(0.03316211 0.035299052 0.0091186801)
(0.037156309 0.034445318 0.0020786352)
(0.036420979 0.032677157 -0.0064880723)
(0.075647998 0.047752536 0.012382068)
(0.078233734 0.043919272 0.0060600548)
(0.080085469 0.043355635 -3.4277387e-05)
(0.13372727 0.058273038 0.014416916)
(0.14002463 0.056798385 0.0085323854)
(0.13962265 0.052728536 0.0024703179)
(0.20785062 0.063969544 0.017493655)
(0.21239537 0.059342827 0.012061961)
(0.21459486 0.055882871 0.0074049968)
(0.29363682 0.062737519 0.020581831)
(0.29932374 0.059022035 0.016195042)
(0.30163649 0.054677381 0.0099461704)
(0.39148058 0.056939993 0.024451751)
(0.39790546 0.052200521 0.019046674)
(0.40018163 0.047508638 0.015086469)
(0.49956834 0.045726305 0.027171636)
(0.50556779 0.040358178 0.023214148)
(0.50872479 0.035147223 0.018550938)
(0.61647316 0.028102381 0.030696424)
(0.62301471 0.022677337 0.026753349)
(0.6267363 0.017065766 0.022732467)
(0.74124823 0.0061996086 0.033338874)
(0.74792792 -0.00020235508 0.029775542)
(0.75186602 -0.0061469283 0.026236209)
(0.8729794 -0.021808318 0.035958025)
(0.87974966 -0.028293292 0.033107632)
(0.88441408 -0.033879999 0.029765931)
(1.0102954 -0.054070443 0.03838527)
(1.0175192 -0.060606447 0.035334132)
(1.0223798 -0.066755902 0.032394253)
(1.1529109 -0.090650766 0.04027214)
(1.1600261 -0.09717783 0.037655203)
(1.165499 -0.10329888 0.035070845)
(1.2995756 -0.13121785 0.041911875)
(1.3070448 -0.13776957 0.039702301)
(1.3127366 -0.14436199 0.037213843)
(1.4499595 -0.17517246 0.043092511)
(1.4574028 -0.18205539 0.041083264)
(1.4635462 -0.18835552 0.039040041)
(1.6031888 -0.22238443 0.044097984)
(1.6108989 -0.22902521 0.042325907)
(1.6173203 -0.23556643 0.04047274)
(1.7589759 -0.27204661 0.044550072)
(1.7666038 -0.27891047 0.043193952)
(1.7733574 -0.28545249 0.041591247)
(1.9164171 -0.3240861 0.045113652)
(1.9243418 -0.33103519 0.043758323)
(1.9312944 -0.33752843 0.042444125)
(2.0755771 -0.37811251 0.045294577)
(2.0834794 -0.38485092 0.044204926)
(2.0906657 -0.39146931 0.04308357)
(2.2356574 -0.43339914 0.045282238)
(2.2435783 -0.44035636 0.044491152)
(2.2509599 -0.44701964 0.043491899)
(2.3966283 -0.49010325 0.045226024)
(2.4045747 -0.49708759 0.044635098)
(2.4121491 -0.50375526 0.043870197)
(2.5577823 -0.54763491 0.04520446)
(2.5657259 -0.55446937 0.044940934)
(2.5733974 -0.56113063 0.044140932)
(2.7192005 -0.60596944 0.045303481)
(2.727121 -0.61282389 0.044934744)
(2.7349894 -0.61972346 0.044614621)
(-0.0033735933 0.0018294339 -0.0012680302)
(-0.0017888074 0.0041104311 -0.0015177681)
(0.00047613185 0.0028648757 0.0012943557)
(0.024913935 0.0058380293 -0.0031426212)
(0.028995237 0.0049582173 -0.0014778686)
(0.028688292 0.0026466902 7.4469753e-05)
(0.066072849 0.0033126181 0.00070376156)
(0.070971891 0.00083250316 0.0041816805)
(0.071348172 0.00012383466 0.0034424107)
(0.12180435 0.00019496897 0.0027135464)
(0.12853441 -0.0030859645 0.0041134583)
(0.12791267 -0.0073456293 0.0042203882)
(0.19286451 -0.007743972 0.0059485742)
(0.1985811 -0.012864739 0.008561646)
(0.19927075 -0.014602174 0.0067904022)
(0.27477952 -0.019867645 0.0093727769)
(0.28208623 -0.025132126 0.010732626)
(0.28317569 -0.029127254 0.01017844)
(0.36941049 -0.036214456 0.012049303)
(0.37594983 -0.042955927 0.013694931)
(0.37776286 -0.046716596 0.012912619)
(0.47355556 -0.05803522 0.015675437)
(0.48049943 -0.064264289 0.01744394)
(0.48269943 -0.068546138 0.016105654)
(0.58646488 -0.083376083 0.018668735)
(0.5933234 -0.090563099 0.019588235)
(0.59670464 -0.095617439 0.018762592)
(0.70771757 -0.11378234 0.021578366)
(0.71513347 -0.12107858 0.022973931)
(0.71836863 -0.1256911 0.021654043)
(0.8358792 -0.14835591 0.024380735)
(0.84266853 -0.15522928 0.025058602)
(0.84709552 -0.16092574 0.02401658)
(0.96989457 -0.18641043 0.026707179)
(0.97740743 -0.19387577 0.027279574)
(0.98193091 -0.19912562 0.026389812)
(1.1094499 -0.22830073 0.028640673)
(1.1168101 -0.23541215 0.029362007)
(1.1217213 -0.24125161 0.028289674)
(1.2533216 -0.2732236 0.030330928)
(1.2608018 -0.2806647 0.030743153)
(1.2663118 -0.28654041 0.029951214)
(1.401225 -0.32115474 0.031716298)
(1.4088005 -0.32835628 0.032168183)
(1.4147243 -0.33437383 0.031084842)
(1.5522854 -0.37150822 0.032715928)
(1.5600187 -0.37874105 0.032881863)
(1.5662232 -0.38479805 0.032122251)
(1.7061175 -0.42395862 0.033508215)
(1.7138597 -0.43111988 0.03372573)
(1.7204542 -0.43739453 0.03285784)
(1.8620966 -0.47827679 0.034059426)
(1.8700149 -0.48534227 0.034039797)
(1.8769055 -0.49162416 0.033265764)
(2.0199047 -0.53407887 0.034479654)
(2.0279012 -0.54101231 0.034291532)
(2.0349556 -0.54736657 0.033660586)
(2.1790949 -0.59084406 0.034743247)
(2.1870369 -0.59764773 0.034340325)
(2.1944903 -0.60430453 0.033773256)
(2.3392519 -0.64852937 0.034689168)
(2.3474812 -0.65547366 0.03443778)
(2.35483 -0.66201575 0.03397495)
(2.4999606 -0.70670008 0.034841052)
(2.5079406 -0.71341246 0.034484709)
(2.5155109 -0.72019556 0.033870612)
(2.6614598 -0.76536138 0.034730729)
(2.6696175 -0.77225769 0.034454045)
(2.6774304 -0.77891919 0.034014474)
(-0.0053466518 -0.0063774627 -0.0077562542)
(-0.005393902 -0.0072128692 0.0018835863)
(-0.0025257675 -0.0073413942 0.0065073926)
(0.026211164 -0.021696225 -0.0069111954)
(0.031374117 -0.017231597 0.00029551006)
(0.0305117 -0.020567451 0.0068060349)
(0.061658966 -0.036180547 -0.0067242289)
(0.066688615 -0.043216674 0.0014161854)
(0.068192367 -0.044706887 0.0087343614)
(0.11728174 -0.056990288 -0.0054616588)
(0.12149964 -0.056356805 0.0015242422)
(0.1239158 -0.06030078 0.008449195)
(0.18324315 -0.076532727 -0.002004522)
(0.18917139 -0.08238434 0.0047411084)
(0.1920815 -0.084595865 0.010287296)
(0.26253223 -0.10155213 -0.00039446049)
(0.26771318 -0.10563329 0.0051288181)
(0.2716415 -0.11017746 0.010891731)
(0.35263877 -0.12993828 0.0030583865)
(0.35885814 -0.13480803 0.0090898637)
(0.36232851 -0.13896909 0.013302673)
(0.45232718 -0.16021089 0.0058781049)
(0.45807298 -0.16625518 0.010340429)
(0.46278567 -0.17092353 0.014653412)
(0.56153416 -0.1956705 0.0086765423)
(0.56800711 -0.20128483 0.01305594)
(0.57270898 -0.20630835 0.016730994)
(0.67837672 -0.23341729 0.011409954)
(0.68467985 -0.23955274 0.015128509)
(0.68981926 -0.24522098 0.018534368)
(0.80246751 -0.27446363 0.013750547)
(0.80917286 -0.28130687 0.017178216)
(0.81481489 -0.2866308 0.019958089)
(0.93301058 -0.31917719 0.016165883)
(0.93979731 -0.32554337 0.018997548)
(0.94549283 -0.33154447 0.021443912)
(1.0688752 -0.36588961 0.017867717)
(1.0757234 -0.37274542 0.020303842)
(1.0819638 -0.37867841 0.022618975)
(1.2097404 -0.41565786 0.019581883)
(1.2168549 -0.42226773 0.021772023)
(1.2233301 -0.42844689 0.023433065)
(1.3547158 -0.46731449 0.020845341)
(1.3619091 -0.47408942 0.022554516)
(1.3687422 -0.4803531 0.024053306)
(1.5033297 -0.52092382 0.021873348)
(1.5107176 -0.5277457 0.023282981)
(1.5177303 -0.53393419 0.024478352)
(1.6549646 -0.57617789 0.022566767)
(1.6624383 -0.58282344 0.023758464)
(1.66979 -0.58930982 0.024633756)
(1.8091419 -0.63247403 0.023044931)
(1.8168126 -0.63953031 0.023942928)
(1.8242943 -0.64579048 0.024611577)
(1.9654794 -0.69014592 0.023458973)
(1.9731673 -0.69681659 0.024063399)
(1.980827 -0.70327617 0.024519284)
(2.1232498 -0.74811454 0.023639183)
(2.1312914 -0.75512328 0.023990291)
(2.138975 -0.76165169 0.024328323)
(2.2825586 -0.80673059 0.023750752)
(2.2905262 -0.81375262 0.023988081)
(2.2982555 -0.82023718 0.024123386)
(2.4427338 -0.86574554 0.024017752)
(2.4507096 -0.87271278 0.02395389)
(2.4586997 -0.87922304 0.023918441)
(2.6034901 -0.92461928 0.024098443)
(2.6115405 -0.93139121 0.023941575)
(2.6193948 -0.938221 0.023599228)
)
;

boundaryField
{
    free
    {
        type            calculated;
    }
    bottom
    {
        type            calculated;
    }
    traction
    {
        type            calculated;
    }
}


// ************************************************************************* //
