/*--------------------------------*- C++ -*----------------------------------*\
  =========                 |
  \\      /  F ield         | OpenFOAM: The Open Source CFD Toolbox
   \\    /   O peration     | Website:  https://openfoam.org
    \\  /    A nd           | Version:  6
     \\/     M anipulation  |
\*---------------------------------------------------------------------------*/
FoamFile
{
    version     2.0;
    format      ascii;
    class       pointVectorField;
    location    "4.10008216632227906";
    object      u;
}
// * * * * * * * * * * * * * * * * * * * * * * * * * * * * * * * * * * * * * //

dimensions      [0 1 0 0 0 0 0];

internalField   nonuniform List<vector> 
625
(
(0 0 0)
(0 0 0)
(1.6527913 -0.068439684 -0.069214074)
(1.5713921 -0.46252725 -0.090693053)
(0 0 0)
(0 0 0)
(1.5987281 -0.45386288 -0.092061271)
(1.6798987 -0.060184016 -0.069908855)
(0 0 0)
(0 0 0)
(0 0 0)
(1.6318627 -0.1677187 -0.07549763)
(1.6113108 -0.26504437 -0.080019658)
(1.5915755 -0.36279794 -0.085595084)
(0.0026810993 0.014643294 0.014549454)
(0.013208103 0.030214181 0.015490322)
(0.033720804 0.045367275 0.015609465)
(0.062787107 0.059104275 0.014338045)
(0.099224964 0.070720867 0.012707821)
(0.14371374 0.081012935 0.010527786)
(0.19421064 0.088623155 0.0079389244)
(0.25120377 0.094532496 0.0051149335)
(0.31391331 0.097995976 0.0019657841)
(0.38176324 0.099275761 -0.0016067934)
(0.45439138 0.09862433 -0.0053498368)
(0.53137253 0.095579614 -0.0096429582)
(0.61226901 0.090780161 -0.013879042)
(0.6966188 0.083846293 -0.018482901)
(0.78409493 0.075187027 -0.023181714)
(0.87434584 0.064604734 -0.02810054)
(0.96688508 0.052720013 -0.033096934)
(1.0614598 0.038986235 -0.038096292)
(1.1578353 0.023842842 -0.043343537)
(1.2552953 0.0075685357 -0.048426723)
(1.3539775 -0.0099953072 -0.053611733)
(1.4531684 -0.028170785 -0.058781754)
(1.5524758 -0.047807428 -0.063593213)
(-0.0022080242 -0.014301502 -0.018804572)
(0.010482504 -0.028925776 -0.017371019)
(0.027821047 -0.04635813 -0.020920676)
(0.054400242 -0.063051597 -0.021199944)
(0.086674738 -0.079177533 -0.023140822)
(0.1271906 -0.096869609 -0.024922679)
(0.17237492 -0.11352571 -0.027306198)
(0.22476578 -0.13132814 -0.029540565)
(0.28195012 -0.14956583 -0.032584744)
(0.34460628 -0.1678306 -0.035474746)
(0.41193543 -0.18709524 -0.038861826)
(0.48385105 -0.20658655 -0.042153162)
(0.559781 -0.22676904 -0.045892618)
(0.6394085 -0.24725117 -0.049683688)
(0.7225506 -0.26825856 -0.053644827)
(0.80866184 -0.28952995 -0.057701737)
(0.89770813 -0.31119127 -0.061803107)
(0.98889606 -0.33304899 -0.066129317)
(1.0826098 -0.35489487 -0.070177844)
(1.1777076 -0.3768278 -0.074469463)
(1.2746286 -0.39871796 -0.078540486)
(1.3725907 -0.42026716 -0.082783084)
(1.4714955 -0.44150936 -0.086998751)
(0 0 0)
(0 0 0)
(0 0 0)
(0.0027438088 -0.0077468359 0.012048673)
(0.0143487 -0.031951009 0.012691349)
(0.034455659 -0.040745877 0.0086470307)
(0.062348827 -0.05800182 0.0048381754)
(0.098043227 -0.075182934 0.0028068419)
(0.13890964 -0.088926324 -0.0024528492)
(0.18679749 -0.10730075 -0.0051156817)
(0.24024694 -0.12356706 -0.0096857757)
(0.29907186 -0.14117921 -0.013903788)
(0.36315098 -0.15931951 -0.018444732)
(0.43181642 -0.17807792 -0.023241252)
(0.50479864 -0.19732337 -0.027910277)
(0.58182127 -0.21732732 -0.033088011)
(0.66249018 -0.23772008 -0.038235283)
(0.74641348 -0.25862394 -0.043514807)
(0.83333659 -0.28004247 -0.048835498)
(0.92291477 -0.30166585 -0.054268331)
(1.0148298 -0.32363621 -0.059689489)
(1.1087451 -0.34571359 -0.065086785)
(1.2044513 -0.36778944 -0.070548584)
(1.3014702 -0.38987991 -0.075906124)
(1.3998312 -0.41149277 -0.081256259)
(1.4985924 -0.43306854 -0.086478407)
(1.6190686 -0.35430293 -0.086566319)
(1.6383085 -0.25665918 -0.08066764)
(1.6588491 -0.15980375 -0.074638984)
(1.5797808 -0.039459178 -0.066323328)
(1.4798361 -0.019911226 -0.062151397)
(1.3806404 -0.0016014637 -0.058016891)
(1.2816058 0.016318146 -0.054148979)
(1.1837131 0.03273581 -0.050131708)
(1.0870483 0.047920629 -0.046283962)
(0.99199592 0.061646088 -0.042360322)
(0.89885567 0.073807666 -0.038652587)
(0.80799324 0.084215484 -0.034963142)
(0.71978575 0.092894447 -0.031483887)
(0.63457284 0.09951673 -0.02818322)
(0.55262417 0.10433084 -0.02533582)
(0.47476974 0.10681861 -0.022196494)
(0.40089233 0.10718008 -0.019794825)
(0.33173842 0.10543974 -0.017632961)
(0.2676967 0.10131835 -0.015754702)
(0.20924577 0.095249362 -0.014449557)
(0.15666493 0.086533649 -0.013086474)
(0.11167629 0.075955602 -0.012711143)
(0.072475917 0.062667034 -0.011820961)
(0.041827272 0.048933371 -0.012923661)
(0.01889338 0.032002262 -0.012444568)
(0.010237406 0.015730491 -0.0094932452)
(0 0 0)
(0 0 0)
(0 0 0)
(0 0 0)
(0 0 0)
(0 0 0)
(1.5780664 -0.46069345 -0.091396291)
(1.5850664 -0.45871345 -0.091196282)
(1.5916473 -0.45661968 -0.091688151)
(1.6601367 -0.065968682 -0.069396284)
(1.6668273 -0.0640439 -0.069665322)
(1.6737379 -0.061730774 -0.069887843)
(-0.0038511738 0.008531237 0.0097066738)
(0.0074637224 0.016068749 0.0074797314)
(0.026962168 0.023442635 0.0070986726)
(0.055428175 0.029515136 0.005725903)
(0.091331985 0.034277308 0.0038981548)
(0.13475742 0.037717436 0.0018076652)
(0.18455428 0.039100512 -0.00065108394)
(0.24061682 0.039107908 -0.0034398867)
(0.30222578 0.037067419 -0.006599192)
(0.3689728 0.033499477 -0.010024848)
(0.44052149 0.028128851 -0.013748465)
(0.51664094 0.020878518 -0.017693971)
(0.59648904 0.012154244 -0.02189272)
(0.67994701 0.0017128684 -0.026305817)
(0.76656474 -0.010153599 -0.030807204)
(0.85600995 -0.023460699 -0.03558702)
(0.94784951 -0.038054656 -0.040278899)
(1.0418983 -0.053789488 -0.045223333)
(1.137806 -0.070792388 -0.050158807)
(1.2348821 -0.088626116 -0.054998749)
(1.3333621 -0.10732963 -0.060079842)
(1.4323441 -0.12660709 -0.065024547)
(1.5319651 -0.14724067 -0.069871952)
(-0.0069214065 0.001061946 -0.00058761951)
(0.0053273304 3.5196238e-05 -0.0021982169)
(0.024379247 0.00038389216 -0.0024881802)
(0.05181588 -0.00091631136 -0.0039658737)
(0.087269992 -0.0035838421 -0.0054629467)
(0.12952213 -0.006732777 -0.007436633)
(0.17812336 -0.011475708 -0.0098182625)
(0.23305034 -0.017337611 -0.012506763)
(0.29327039 -0.024566709 -0.015510486)
(0.35906935 -0.033194475 -0.018614899)
(0.42927447 -0.043067777 -0.022383506)
(0.5041195 -0.054483338 -0.025971089)
(0.58276335 -0.067002003 -0.030027694)
(0.66516455 -0.080748572 -0.034168503)
(0.7507193 -0.09569802 -0.038473045)
(0.83923288 -0.11162594 -0.043003533)
(0.93031002 -0.12865379 -0.047383407)
(1.0235468 -0.14630511 -0.05221411)
(1.1186176 -0.16494279 -0.056678759)
(1.2152135 -0.18413193 -0.061355435)
(1.3133342 -0.20394888 -0.066160606)
(1.4121804 -0.22421487 -0.070672329)
(1.5121097 -0.24469686 -0.075477946)
(-0.0074883105 -0.0071118168 -0.0078813361)
(0.0053082392 -0.013672974 -0.0086885713)
(0.022967286 -0.021252522 -0.010589933)
(0.05070694 -0.03006557 -0.011828549)
(0.084780836 -0.039912829 -0.013767617)
(0.12581898 -0.049448218 -0.01576478)
(0.17359955 -0.060838214 -0.01816668)
(0.22694208 -0.072334039 -0.020757165)
(0.28618116 -0.08511805 -0.023648778)
(0.35029119 -0.098838832 -0.026847933)
(0.41943891 -0.11322736 -0.030340525)
(0.49294054 -0.12888006 -0.03389583)
(0.57037911 -0.14517257 -0.037818765)
(0.65158557 -0.16244486 -0.041794286)
(0.73600248 -0.18043121 -0.045979537)
(0.82353762 -0.1991942 -0.050239668)
(0.9135159 -0.21850058 -0.054609714)
(1.0060422 -0.23833302 -0.059067285)
(1.1004499 -0.25869754 -0.063463131)
(1.1967361 -0.27930287 -0.068063043)
(1.2942587 -0.30032858 -0.072480265)
(1.3927852 -0.32115626 -0.07693729)
(1.4921098 -0.34215764 -0.081325021)
(0 0 0)
(0 0 0)
(0 0 0)
(0 0 0)
(0 0 0)
(0 0 0)
(0 0 0)
(0 0 0)
(0 0 0)
(0.0050842106 -0.0052233193 -0.0076963541)
(0.0068479649 -0.0070927575 -0.002601836)
(0.0065413761 -0.0057925661 0.0039735404)
(0.018657312 -0.03134886 -0.01056483)
(0.019991899 -0.031739815 -0.0036364365)
(0.020583996 -0.030696658 0.0051980637)
(0.035530626 -0.044852001 -0.012650088)
(0.038716569 -0.043275398 -0.0054510391)
(0.039543149 -0.044202999 0.0027897857)
(0.061858401 -0.062441581 -0.013704854)
(0.065482789 -0.062364795 -0.0075384013)
(0.065385562 -0.060218191 -0.00063713253)
(0.095292354 -0.079323561 -0.016291061)
(0.098549681 -0.077874215 -0.0105749)
(0.10049993 -0.077819521 -0.0030850831)
(0.13444365 -0.095800691 -0.018712936)
(0.13906046 -0.094590835 -0.012533291)
(0.14083217 -0.093035266 -0.0069915941)
(0.18087137 -0.11304721 -0.021064326)
(0.18536566 -0.11213467 -0.01639717)
(0.18734723 -0.1096183 -0.0098448313)
(0.23269173 -0.13068038 -0.024297438)
(0.2374201 -0.12845128 -0.019344062)
(0.24043662 -0.12757187 -0.013872155)
(0.29011687 -0.14833208 -0.027342114)
(0.29535626 -0.14707923 -0.022994804)
(0.29851975 -0.14491547 -0.017847306)
(0.35277284 -0.16691894 -0.030826765)
(0.3581408 -0.16505063 -0.026799309)
(0.36184933 -0.16309392 -0.022028321)
(0.42006616 -0.18581535 -0.034593383)
(0.42593014 -0.18409431 -0.03068618)
(0.42997378 -0.18192677 -0.026550826)
(0.49209389 -0.20564908 -0.038292808)
(0.49790691 -0.20326787 -0.035174848)
(0.50237145 -0.20105962 -0.030906645)
(0.56788813 -0.22526704 -0.042409914)
(0.57401897 -0.22328031 -0.039257989)
(0.57875075 -0.22121364 -0.03579943)
(0.64759701 -0.24597064 -0.046506045)
(0.65381934 -0.24382104 -0.043864351)
(0.65896327 -0.24151598 -0.040679307)
(0.7305812 -0.26677416 -0.050869396)
(0.7370193 -0.26460296 -0.048492056)
(0.74239212 -0.26229389 -0.045657602)
(0.81670742 -0.2880959 -0.055258503)
(0.82322907 -0.285876 -0.053192107)
(0.82889454 -0.2835968 -0.050728689)
(0.90549994 -0.30960511 -0.059749084)
(0.91217732 -0.30740619 -0.058005927)
(0.91803785 -0.30514137 -0.055872957)
(0.99675701 -0.33121592 -0.064325897)
(1.0035113 -0.32922712 -0.062840274)
(1.0095855 -0.32691384 -0.061036572)
(1.0900833 -0.35329038 -0.068763675)
(1.0969572 -0.35107399 -0.06761557)
(1.1031596 -0.34883392 -0.066169498)
(1.1852885 -0.37499011 -0.073395626)
(1.1921509 -0.37298809 -0.072462942)
(1.1985047 -0.3707728 -0.071371783)
(1.2819288 -0.39691273 -0.077882548)
(1.2887918 -0.39482663 -0.077159096)
(1.2953077 -0.39255487 -0.076468933)
(1.3797732 -0.41839313 -0.082407656)
(1.3866988 -0.41635502 -0.081991484)
(1.3932949 -0.41429628 -0.08163084)
(1.4784355 -0.4398193 -0.086870022)
(1.4852628 -0.43765958 -0.086774284)
(1.4920712 -0.43547673 -0.086598134)
(1.639273 -0.16542124 -0.074942785)
(1.6459941 -0.16328473 -0.075010434)
(1.6527717 -0.16124758 -0.074962266)
(1.6179757 -0.26301431 -0.080116278)
(1.6251404 -0.26096196 -0.080448001)
(1.6315211 -0.25887337 -0.08064507)
(1.5985218 -0.36108599 -0.08586566)
(1.6055746 -0.35903573 -0.086047274)
(1.6121152 -0.35670337 -0.086151738)
(0.0097279631 0.01227433 0.0079899068)
(0.011524485 0.01360389 0.0028415977)
(0.01303129 0.014525483 -0.0022667949)
(0.021261409 0.028893423 0.0081595305)
(0.022736933 0.030406678 0.0021893736)
(0.023954366 0.030739415 -0.0062751035)
(0.041900349 0.045104287 0.0088902798)
(0.044321588 0.046686277 0.0018119542)
(0.046265111 0.04832805 -0.0055970716)
(0.070363728 0.058810439 0.007589312)
(0.0742809 0.060182479 0.0012225988)
(0.075752811 0.061508077 -0.0060819832)
(0.10781908 0.071226356 0.0062509497)
(0.11142419 0.073028642 0.00031243901)
(0.11343883 0.075225598 -0.0064916563)
(0.1514373 0.081636564 0.004526968)
(0.15595172 0.082746893 -0.001066287)
(0.15880935 0.084736553 -0.0076405495)
(0.20269823 0.089297861 0.0022499889)
(0.20720428 0.091269118 -0.0028120956)
(0.21020295 0.093153059 -0.0092021396)
(0.25962289 0.09511022 -0.0002601777)
(0.26431997 0.097078036 -0.0051226865)
(0.26795776 0.099336683 -0.010953024)
(0.32226311 0.098802933 -0.0030878076)
(0.32746019 0.10093481 -0.0077115835)
(0.33139798 0.10317913 -0.013082765)
(0.39014358 0.10029471 -0.0062695547)
(0.39562365 0.10247 -0.010596173)
(0.39982281 0.10484914 -0.015629383)
(0.46265525 0.099902349 -0.0096010591)
(0.46863299 0.10190892 -0.014019917)
(0.47318928 0.10416913 -0.018256142)
(0.53991991 0.09693615 -0.013688307)
(0.54567492 0.099019052 -0.016928812)
(0.55047516 0.10165617 -0.021861129)
(0.62062501 0.092109219 -0.017611417)
(0.62668282 0.094320816 -0.02112099)
(0.63184538 0.097123117 -0.024949403)
(0.70500948 0.08538944 -0.021939293)
(0.71119878 0.087646382 -0.024915004)
(0.7166591 0.090203203 -0.028547739)
(0.79240055 0.076778393 -0.026283413)
(0.7987647 0.079032713 -0.029092413)
(0.80437713 0.081604283 -0.032335983)
(0.8825679 0.06642159 -0.030959156)
(0.88899069 0.068575456 -0.033388517)
(0.89483375 0.071215321 -0.036305022)
(0.97502401 0.054293833 -0.03553511)
(0.98152791 0.056688793 -0.037737572)
(0.98758559 0.059124855 -0.040300597)
(1.0693718 0.040818992 -0.040349145)
(1.0761513 0.04294644 -0.042281223)
(1.0822592 0.045455889 -0.04452415)
(1.1656336 0.025851213 -0.045204675)
(1.1722809 0.027988397 -0.04678287)
(1.1785626 0.030446002 -0.048646929)
(1.2629461 0.0095343294 -0.050009407)
(1.2697611 0.011811056 -0.05137992)
(1.2761412 0.014057734 -0.052951717)
(1.3615258 -0.0077369448 -0.054925047)
(1.3683122 -0.0058754515 -0.056038764)
(1.3747052 -0.0034651394 -0.057065688)
(1.4604157 -0.026434579 -0.059788822)
(1.4672887 -0.02422083 -0.06050816)
(1.4738782 -0.021962087 -0.061358224)
(1.5602262 -0.045372306 -0.064331448)
(1.566831 -0.04348587 -0.065031721)
(1.5736719 -0.041356136 -0.065473091)
(0.00076776656 0.0050101802 -0.006713014)
(0.013436723 0.020752243 -0.0079013319)
(0.034076419 0.02504388 -0.0066955187)
(0.065131735 0.033519925 -0.0081881646)
(0.1027687 0.038954653 -0.009241711)
(0.14780118 0.042827561 -0.010184645)
(0.1991376 0.045266003 -0.012213728)
(0.25662128 0.04568134 -0.014269378)
(0.3197117 0.044302346 -0.016701456)
(0.38774726 0.041094384 -0.01940224)
(0.46071127 0.036179363 -0.022575116)
(0.53759147 0.029451197 -0.02572689)
(0.61842683 0.020718606 -0.029419133)
(0.70281869 0.010491725 -0.033008613)
(0.79020898 -0.0012243819 -0.037023056)
(0.88029484 -0.014511423 -0.041032531)
(0.97277385 -0.029172329 -0.045188839)
(1.0672763 -0.045053771 -0.049442533)
(1.1634439 -0.062043669 -0.053711023)
(1.2610359 -0.08015703 -0.05807555)
(1.3596902 -0.099030088 -0.062387071)
(1.458935 -0.11860043 -0.066685428)
(1.5589352 -0.13910097 -0.070864876)
(-0.0045164821 0.0035474324 -7.4581211e-06)
(0.0098574047 0.0053611735 -0.0013039129)
(0.031110308 0.0033038514 -0.0019057286)
(0.061934062 0.0041074845 -0.0038465393)
(0.098071908 0.002421039 -0.0057313797)
(0.14276114 -0.0005531361 -0.0076807558)
(0.19268095 -0.0042955109 -0.010216447)
(0.24927628 -0.0097349365 -0.012928126)
(0.31100757 -0.016471128 -0.016046471)
(0.37803213 -0.024570976 -0.019338378)
(0.44957995 -0.034320486 -0.022959771)
(0.52546988 -0.04514056 -0.026790702)
(0.60514348 -0.057705426 -0.030754731)
(0.68849233 -0.071227934 -0.034983053)
(0.77484382 -0.086097955 -0.039382118)
(0.86407035 -0.10215485 -0.043812361)
(0.95568981 -0.11911947 -0.048374072)
(1.0494785 -0.1370639 -0.053032938)
(1.1450367 -0.15581061 -0.057640584)
(1.2420646 -0.1752857 -0.062383939)
(1.3404573 -0.19508188 -0.066918686)
(1.4392793 -0.21555976 -0.07166996)
(1.5397138 -0.23644245 -0.076316517)
(-0.0057161357 -0.0045385084 0.0052704161)
(0.010974647 -0.0070699199 0.0031119085)
(0.031137813 -0.01893542 0.0047765614)
(0.059763236 -0.022199762 0.00021910009)
(0.096164609 -0.033009777 -0.00089595464)
(0.13935685 -0.042150618 -0.004304463)
(0.18817314 -0.052144947 -0.0072768997)
(0.24352815 -0.063535876 -0.010806519)
(0.30403479 -0.075861857 -0.014434706)
(0.36962377 -0.089121315 -0.01837457)
(0.43996807 -0.10340053 -0.022616109)
(0.51442315 -0.11884142 -0.026865032)
(0.59301646 -0.13493131 -0.031514254)
(0.67510609 -0.15227998 -0.036192111)
(0.76030922 -0.17025399 -0.041029316)
(0.84849837 -0.18909095 -0.045950118)
(0.93919573 -0.20859485 -0.050959401)
(1.032113 -0.228659 -0.056027117)
(1.1269405 -0.24924619 -0.061088054)
(1.2234233 -0.27010742 -0.06614432)
(1.3210942 -0.29118716 -0.071190699)
(1.4199333 -0.31247008 -0.076386186)
(1.5192695 -0.33338302 -0.081173171)
(0.0015119517 0.0040624646 0.0046706287)
(0.0020907144 0.0048935014 0.0020690036)
(0.0037330376 0.0049747239 -0.0013681573)
(0.014433921 0.016364845 0.0036650267)
(0.017241756 0.017288314 -0.00021725207)
(0.017495368 0.017483836 -0.0049804004)
(0.034629051 0.023250902 0.0030844706)
(0.036999359 0.023358572 -0.000427133)
(0.038577918 0.024956005 -0.0038576977)
(0.063066699 0.029618593 0.0017666114)
(0.067187211 0.031652499 -0.0015818579)
(0.068070008 0.031884233 -0.0050474099)
(0.099591402 0.034984202 0.00016479164)
(0.10318975 0.035974211 -0.002900216)
(0.10538962 0.037160919 -0.0058019091)
(0.14281734 0.03796167 -0.0017739663)
(0.14714277 0.039847236 -0.0044905828)
(0.14964455 0.041138611 -0.0079123481)
(0.19276184 0.03981454 -0.0038586)
(0.19759835 0.041679807 -0.0068935804)
(0.20017271 0.042993731 -0.0094828765)
(0.24879916 0.039919025 -0.0066421656)
(0.25367846 0.041763779 -0.0090783941)
(0.2569199 0.043436666 -0.011879605)
(0.31050256 0.038019198 -0.0094637293)
(0.31574869 0.040154105 -0.011913244)
(0.31941491 0.041873302 -0.014437915)
(0.37728276 0.034718199 -0.01279003)
(0.3828457 0.036661899 -0.014999458)
(0.38676232 0.038429031 -0.017301253)
(0.44899204 0.029240473 -0.016361791)
(0.45474003 0.031262884 -0.018291006)
(0.45906999 0.033529527 -0.020419183)
(0.52489946 0.022215454 -0.020037854)
(0.53095899 0.02446655 -0.022015248)
(0.53548853 0.026505689 -0.02404906)
(0.60478218 0.013548166 -0.024087381)
(0.61083779 0.015821518 -0.025882785)
(0.61582939 0.018089723 -0.027663784)
(0.68815769 0.003251072 -0.02827848)
(0.69448341 0.005625275 -0.029853995)
(0.69969051 0.0077001406 -0.031580945)
(0.7747249 -0.0084953136 -0.03267971)
(0.78114394 -0.0062911423 -0.034120115)
(0.78658557 -0.0039602395 -0.035628525)
(0.86406838 -0.021763395 -0.037145082)
(0.8706261 -0.019398743 -0.038486739)
(0.8762974 -0.017177784 -0.039823934)
(0.9559133 -0.036232403 -0.041896918)
(0.96245644 -0.033985268 -0.042914452)
(0.96834962 -0.031750275 -0.044152689)
(1.0496415 -0.051953078 -0.046417435)
(1.0564776 -0.04983766 -0.04751157)
(1.0624732 -0.047540734 -0.048512029)
(1.1453941 -0.068848527 -0.051225939)
(1.1521515 -0.066563542 -0.052066811)
(1.1583092 -0.064374606 -0.052956743)
(1.242364 -0.086558033 -0.056001642)
(1.249208 -0.084496109 -0.056652487)
(1.2555231 -0.082343935 -0.057448965)
(1.3406616 -0.10522912 -0.060840136)
(1.3475357 -0.10325628 -0.061297744)
(1.3539616 -0.10107903 -0.061873788)
(1.4395794 -0.12471959 -0.065583992)
(1.4464055 -0.12254162 -0.065710835)
(1.4529004 -0.12043004 -0.066352158)
(1.5390951 -0.14492532 -0.070174166)
(1.5458714 -0.14288237 -0.070372548)
(1.5526502 -0.14086013 -0.070526742)
(-0.0023924528 0.00042528357 -0.00070832642)
(-0.001120178 0.0020258323 -0.00052765009)
(0.00022110664 0.001543413 0.0005612415)
(0.011441124 0.0012329687 -0.0026401732)
(0.013891922 0.0021464331 -0.0020194228)
(0.01411549 0.0021806331 -0.0020695306)
(0.031475058 0.00056559185 -0.0031478169)
(0.034578669 0.0014191858 -0.0017063541)
(0.03511977 0.0026885886 -0.0021214779)
(0.059367554 -0.00066164773 -0.0045738215)
(0.063523218 0.00061760734 -0.0037897438)
(0.064058834 0.00083471554 -0.0040860453)
(0.094948828 -0.0026834546 -0.0060816892)
(0.099087841 -0.0016910959 -0.0049447483)
(0.10029621 8.3423999e-05 -0.0059808248)
(0.13700341 -0.00603749 -0.0080895308)
(0.14203839 -0.0046685022 -0.0073934707)
(0.14350802 -0.0033809597 -0.0078785993)
(0.1860514 -0.010382482 -0.010545275)
(0.19101695 -0.0091964077 -0.0096874427)
(0.19315101 -0.0073296689 -0.010260563)
(0.24088631 -0.016315998 -0.013136897)
(0.24626255 -0.014739921 -0.01231912)
(0.2487132 -0.012840229 -0.013085245)
(0.30129238 -0.023343719 -0.016093774)
(0.30684856 -0.021812217 -0.015520121)
(0.31002492 -0.019830945 -0.016089674)
(0.36696398 -0.031836296 -0.019377368)
(0.37294137 -0.030269639 -0.018659343)
(0.37621201 -0.027877517 -0.019422896)
(0.43750063 -0.041788323 -0.022810049)
(0.44328682 -0.039874205 -0.022374725)
(0.44731529 -0.037703949 -0.023044497)
(0.51214048 -0.052933439 -0.026561753)
(0.51844377 -0.051106183 -0.026197947)
(0.52260334 -0.048575774 -0.026749643)
(0.59092459 -0.065374334 -0.030600299)
(0.59725888 -0.063371765 -0.030148625)
(0.60176659 -0.061017503 -0.030801766)
(0.67321694 -0.079064263 -0.034721631)
(0.67974212 -0.07717264 -0.034407846)
(0.68459953 -0.074667987 -0.034940678)
(0.75879587 -0.093916231 -0.039023225)
(0.76536996 -0.091891617 -0.038683779)
(0.7705686 -0.08940492 -0.039349483)
(0.84720605 -0.10984362 -0.043461149)
(0.8539633 -0.10783003 -0.043285256)
(0.85932588 -0.1053317 -0.043779798)
(0.93816545 -0.12672287 -0.047955419)
(0.94491104 -0.12470316 -0.047719559)
(0.95060164 -0.12227811 -0.048294385)
(1.0313225 -0.14455548 -0.052527052)
(1.0381867 -0.14246795 -0.052448598)
(1.0440522 -0.14004905 -0.052960711)
(1.1263707 -0.16316535 -0.057063684)
(1.1332578 -0.16101601 -0.057132373)
(1.1392672 -0.15864386 -0.057527417)
(1.2229865 -0.18232592 -0.06163473)
(1.2297662 -0.18017183 -0.061842471)
(1.2361527 -0.17799768 -0.062218574)
(1.3208321 -0.20209303 -0.066402163)
(1.3279028 -0.19994111 -0.066535399)
(1.3341328 -0.19773027 -0.066778464)
(1.4194532 -0.22225564 -0.07095958)
(1.4262663 -0.22006265 -0.071136476)
(1.4327439 -0.21803893 -0.071548344)
(1.519174 -0.24269887 -0.075718765)
(1.5262239 -0.24062731 -0.075842312)
(1.532834 -0.23842 -0.076121801)
(-0.0024313424 -0.0037028831 -0.0038893333)
(-0.0022715183 -0.003841863 0.00075073384)
(-0.00095635875 -0.0035175327 0.0028123763)
(0.013196898 -0.01231942 -0.0051214853)
(0.015767419 -0.0097005088 -0.0015531975)
(0.015164379 -0.0096113302 0.0014080255)
(0.030963559 -0.020295484 -0.0069354528)
(0.033710105 -0.021075053 -0.0029575562)
(0.034631453 -0.019837752 0.00059657091)
(0.059071148 -0.029774673 -0.0085449489)
(0.061965793 -0.027546334 -0.0050968933)
(0.063473848 -0.02648414 -0.001898241)
(0.093057535 -0.038565625 -0.010402204)
(0.096853961 -0.038052143 -0.0070140327)
(0.098547988 -0.036096355 -0.0043113409)
(0.13448271 -0.048896695 -0.012869786)
(0.13823078 -0.047372186 -0.0099608247)
(0.14088433 -0.045472043 -0.0070637805)
(0.18209321 -0.059865395 -0.015371248)
(0.1864531 -0.058166271 -0.012233951)
(0.18920909 -0.056134743 -0.010032358)
(0.23555966 -0.071321636 -0.018166539)
(0.24009823 -0.069737094 -0.015654507)
(0.24354145 -0.067467015 -0.013323597)
(0.29479748 -0.08413748 -0.021330475)
(0.29973497 -0.082198947 -0.018862339)
(0.30348596 -0.07971467 -0.01681346)
(0.35900636 -0.09760796 -0.024699989)
(0.3641524 -0.095561912 -0.022496134)
(0.36834919 -0.093244007 -0.020549792)
(0.42803169 -0.11199148 -0.028385737)
(0.43353506 -0.1101236 -0.02628809)
(0.43814131 -0.10739516 -0.024611156)
(0.5015175 -0.12753548 -0.032120919)
(0.50719631 -0.12533938 -0.030320576)
(0.51203669 -0.12283625 -0.028784238)
(0.57890617 -0.143753 -0.03626349)
(0.58477598 -0.14166068 -0.034621576)
(0.59001355 -0.13901163 -0.033144602)
(0.66002354 -0.16099367 -0.040415456)
(0.6660856 -0.15873268 -0.038906087)
(0.67159247 -0.15612925 -0.037720083)
(0.74440489 -0.17893216 -0.044784615)
(0.75059947 -0.1766713 -0.043499246)
(0.75641695 -0.17411225 -0.042416078)
(0.83175784 -0.19758212 -0.04920387)
(0.83813777 -0.19537796 -0.048105158)
(0.84409873 -0.19275636 -0.047164839)
(0.92174832 -0.21695069 -0.053794162)
(0.92816892 -0.21459977 -0.05278978)
(0.93442901 -0.21214102 -0.05203838)
(1.013978 -0.23667597 -0.058419928)
(1.0206444 -0.23459516 -0.057594208)
(1.0269845 -0.23203617 -0.056956246)
(1.1083171 -0.25710144 -0.062980647)
(1.1149164 -0.25480275 -0.062334467)
(1.1214201 -0.25239596 -0.061851652)
(1.2040915 -0.27761959 -0.067656267)
(1.2110491 -0.27548566 -0.067201901)
(1.2175904 -0.27315053 -0.066767571)
(1.3013968 -0.29838378 -0.072307522)
(1.3083306 -0.29637071 -0.071905933)
(1.3148556 -0.29403963 -0.071646335)
(1.3998564 -0.31942048 -0.076756581)
(1.4067719 -0.3173939 -0.076642457)
(1.4135207 -0.31501222 -0.076511909)
(1.498958 -0.34031179 -0.081348524)
(1.505853 -0.33807748 -0.081333104)
(1.5125739 -0.33606015 -0.081500795)
)
;

boundaryField
{
    free
    {
        type            calculated;
    }
    bottom
    {
        type            calculated;
    }
    traction
    {
        type            calculated;
    }
}


// ************************************************************************* //
