/*--------------------------------*- C++ -*----------------------------------*\
  =========                 |
  \\      /  F ield         | OpenFOAM: The Open Source CFD Toolbox
   \\    /   O peration     | Website:  https://openfoam.org
    \\  /    A nd           | Version:  6
     \\/     M anipulation  |
\*---------------------------------------------------------------------------*/
FoamFile
{
    version     2.0;
    format      ascii;
    class       pointScalarField;
    location    "0.800026";
    object      p;
}
// * * * * * * * * * * * * * * * * * * * * * * * * * * * * * * * * * * * * * //

dimensions      [1 -1 -2 0 0 0 0];

internalField   nonuniform List<scalar> 
625
(
1163112.6
-1667929.8
11118.682
16119.36
2078696.7
-3625360.9
11998.91
994.89939
922464.62
-106706.29
-83740.372
-10400.095
5001.5272
9469.5233
506983.28
536059.44
554444.96
532979.61
484046.75
478800.32
430066.9
401158.88
380117.99
342626.38
314863.34
275694.91
249360.07
218583.67
190042.91
164111.63
140270.81
113330.64
93691.816
73707.826
53745.802
36570.907
25987.109
-586752.99
-466142.82
-532101.73
-444879.39
-421866.71
-425485.58
-360718.45
-356177.05
-326056.16
-293212.42
-273342.22
-236025.32
-215524.28
-183500.53
-160592.98
-134329.43
-109365.17
-91381.95
-68134.077
-54910.479
-38563.459
-19102.549
-5917.4616
1137379.6
-290375.3
-389941.15
-659832.43
-784737.43
-580984.41
-535625.05
-626995.29
-456816.59
-520043.87
-455637.88
-402488.43
-372562.16
-334493.35
-298202.44
-266144.9
-229022.31
-197308.5
-168077.7
-137509.21
-111730.36
-87158.829
-62819.063
-39878.021
-25896.734
-3503.3777
15257.739
246.52311
-1574.9085
24643.595
30354.999
51308.7
67879.45
92854.797
117456.64
143915.56
174175.29
200220.33
235830.78
271378.72
309254.47
329637.53
370814.14
398563.12
437326.19
467953.23
476973.31
574452.52
499670.96
643713.14
550901.33
586210.89
1230690.3
1226140.7
1132747.3
-1506859.9
-2113081.4
-2199725.3
20513.958
19623.474
21708.028
-1836.5392
4665.0462
-715.55312
296794.34
357211.22
339964.41
310934.04
294764.63
279099.22
255080.12
240393.13
219880.44
195329.48
175200.86
162488.79
144717.98
126121.47
111946.27
93920.066
80488.1
67388.379
50015.901
38750.015
27179.839
17823.047
16163.395
-90240.911
-64767.084
-77361.993
-32901.933
-57644.186
-32780.842
-42643.507
-35756.34
-30473.287
-27881.057
-23705.329
-18279.12
-17551.177
-12369.161
-8510.3213
-6548.9032
1381.6698
39.007795
5408.6276
8844.2671
8875.5594
9502.5767
8172.1032
-416264.85
-268671.91
-327682.39
-254307.85
-302713.1
-245994.53
-255863.72
-222280.69
-201763.53
-188633.95
-168053.23
-150793.58
-132625.63
-113513.24
-96884.536
-79131.294
-63973.083
-51486.158
-34650.845
-27573.681
-15872.604
-9515.4766
2382.0364
712872.23
739551.81
842615.49
-37211.965
-79846.806
-198524.91
-336712.18
-147401.39
-114254.82
-973138.9
-992857.18
-980266.65
-695894.11
-719307.65
-782082.69
-598999.65
-595738.56
-648700.94
-507905.3
-502316.63
-534476.91
-490818.5
-493953.51
-531203.57
-445730.45
-437010.61
-453511.35
-427392.26
-422236.55
-416944.84
-392761.27
-374665.86
-398357.25
-359267.62
-350561.54
-364758.23
-326373.4
-315087.25
-330131.36
-291654.16
-284936.59
-299585.38
-268648.95
-251664.5
-260436.33
-230022.74
-224182.89
-233660.62
-205452.13
-192551.17
-203950.09
-173238.27
-164884.14
-173698.13
-146336.07
-138349.76
-145803.12
-120255.57
-113167.71
-118687.45
-91026.236
-90071.908
-93550.159
-71492.076
-69269.707
-71467.93
-49982.57
-49855.307
-50441.843
-30039.796
-30399.503
-29623.79
-15758.862
-16600.5
-17591.922
-5544.6228
-2652.1183
-3266.5555
-10579.683
-13332.161
-12836.002
9033.4557
3882.6366
4886.2233
13961.845
15617.168
15295.534
634147.56
597382.23
656654.84
658904.96
533571.66
608725.6
625173.9
564584.79
607588.37
569668.53
503870.08
552339.56
548552.85
502145.79
522439.31
504871.03
456036.38
483360.56
477997.41
433040.81
453955.25
441275.42
394635.27
423455.64
408497.89
367009.59
389047.13
364296.77
337177.69
358606.86
330473.13
310372.84
325530.86
305776.48
276263.1
278083.02
267149.32
244432.47
255591.55
238155.09
216000.53
228596.51
205664.21
188051.32
196546.92
176676.78
159971.72
167619.85
143465.89
134228.14
141319.05
119178.31
112138.26
114566.45
93587.762
88261.955
90156.058
70635.224
66813.238
68607.665
49027.623
48506.4
48184.83
33593.448
33823.909
31741.598
25186.227
28326.439
26471.339
254869.98
366919.74
287096.69
331783.3
300551.53
289488.51
282610.82
252971.67
237511.8
212409.63
191662.67
176790.2
163030.29
136140.78
122486.36
103703.1
86446.487
72248.228
57549.181
46839.788
31764.657
25005.893
14919.703
-103320.2
4418.5192
-5593.1508
18450.666
40315.512
35073.059
31452.129
39915.125
35135.392
34720.793
35097.14
37076.562
26747.374
28797.512
27884.119
23273.927
21870.376
20419.108
16866.517
14047.928
12719.681
10429.866
11532.196
-306661.07
-204719.09
-360727.98
-279687.51
-289325.35
-299630.32
-255321.23
-240873.24
-223809.14
-201679.63
-180929.45
-168512.11
-146497.58
-129384.79
-111748.71
-96081.848
-80591.771
-65230.318
-51520.087
-40725.684
-26691.617
-11712.475
-9246.8824
426134.68
471365.8
404282.32
335984.16
439358.44
369169.68
284754.46
307280.78
322648.24
262909.99
326504.39
281908.51
267687.95
267365.6
273270.2
247016.01
266298.12
265485.76
215861.05
241909.86
241521.29
216253.21
230127.94
226684.25
182464.79
211961.46
208131.95
177802
192136.34
197190.56
163892.5
184242.2
168498.97
142046.13
147503.94
162377.99
127655.92
140754.7
144364.14
112961.94
124598.82
124655.61
98508.875
105955.07
106689.88
84823.109
90467.312
95133.153
71582.744
78186.129
77763.331
63757.722
61295.501
64476.483
47356.051
49519.808
50794.913
39376.449
39971.656
38761.003
27266.593
27726.183
29195.091
20926.749
20732.734
18014.106
1516.4235
7365.8777
8062.3919
-101011.48
-150040.05
-95735.219
-14228.58
-19935.849
-50666.713
-13896.116
-38501.202
-45567.122
-24417.317
-11324.347
-56144.045
7539.521
-8085.9825
-19926.729
-20577.296
2227.1316
-28005.616
7817.6264
8426.2382
-17721.285
-4856.085
10796.176
-16975.777
4929.7387
9893.1718
-8363.3753
4084.3267
21579.142
-7821.3207
11230.915
10286.383
-6783.6458
8364.7545
14745.778
1994.4296
8874.3422
21430.476
3676.4611
11894.218
18262.419
3374.3207
10009.827
20250.531
5724.0832
13217.67
19289.915
8259.1908
10355.542
19869.094
7284.5563
12051.909
17196.817
7527.228
11037.54
14369.405
11008.344
10232.101
15336.973
10425.755
10709.227
12024.145
10222.34
11059.203
12283.943
7894.7661
12321.272
11928.558
10651.731
-350164.77
-455719.22
-383261.84
-311778.33
-254704.23
-321035.47
-271454.6
-395520.34
-342202.91
-347249.17
-289590.84
-362893.12
-274249.41
-327027.96
-310782.07
-263372.38
-285604.31
-307593.5
-250206.25
-272881.12
-290349.23
-221946.57
-261178.71
-262212.27
-212862.52
-229353.83
-241455.5
-192955.72
-215093.77
-223337.63
-170248.03
-193446.05
-197859.14
-154648.51
-170751.08
-176757.94
-131329.12
-156547.93
-156779.87
-117249.9
-133601.15
-137069.67
-98396.422
-115813.2
-119163.52
-84298.964
-97537.808
-100806.33
-68243.677
-80185.531
-84214.629
-53533.727
-64979.024
-67738.348
-41777.117
-48769.851
-50858.065
-29955.571
-35609.29
-37427.75
-22341.034
-23832.394
-27562.011
-5966.7078
-10357.787
-10903.177
-2327.5788
-5672.7364
-3739.1959
)
;

boundaryField
{
    free
    {
        type            calculated;
    }
    bottom
    {
        type            calculated;
    }
    traction
    {
        type            calculated;
    }
}


// ************************************************************************* //
