/*--------------------------------*- C++ -*----------------------------------*\
  =========                 |
  \\      /  F ield         | OpenFOAM: The Open Source CFD Toolbox
   \\    /   O peration     | Website:  https://openfoam.org
    \\  /    A nd           | Version:  6
     \\/     M anipulation  |
\*---------------------------------------------------------------------------*/
FoamFile
{
    version     2.0;
    format      ascii;
    class       pointVectorField;
    location    "1.79995548311";
    object      u;
}
// * * * * * * * * * * * * * * * * * * * * * * * * * * * * * * * * * * * * * //

dimensions      [0 1 0 0 0 0 0];

internalField   nonuniform List<vector> 
625
(
(0 0 0)
(0 0 0)
(0.068120952 0.017741594 -0.0078306941)
(0.067201769 -0.023884681 0.0065079408)
(0 0 0)
(0 0 0)
(0.053247919 -0.018408864 0.00593589)
(0.054100988 0.022918694 -0.0080335677)
(0 0 0)
(0 0 0)
(0 0 0)
(0.067651183 0.0064435134 -0.0051422842)
(0.066891661 -0.0029835665 -0.00071354163)
(0.066897146 -0.012453561 0.0026997184)
(0.0004082791 -0.00040861615 -0.00080260732)
(-0.00014564606 -0.00061972862 -0.00074640091)
(-0.0012072818 -0.0010191853 -0.00014896074)
(-0.0026485212 -0.0010001111 0.00053558168)
(-0.0041885505 -0.0011840765 0.0013603278)
(-0.0058984575 -0.00098833152 0.0022277555)
(-0.007432328 -0.00090786002 0.0030599595)
(-0.0089424332 -0.00051864409 0.003839454)
(-0.010057122 -9.31473e-05 0.0044843147)
(-0.010863105 0.0005113313 0.0050089967)
(-0.011103176 0.0013218556 0.005321656)
(-0.010728249 0.0022397442 0.0053626867)
(-0.0096666617 0.0033733349 0.0052828569)
(-0.0077015433 0.0046678487 0.0049130008)
(-0.0048813881 0.0061289897 0.0043347549)
(-0.0010075239 0.0076343448 0.0035830176)
(0.0040192862 0.0094603614 0.0024494356)
(0.0099201823 0.011132313 0.0014685935)
(0.017248427 0.012842586 5.1557056e-05)
(0.025467837 0.014482683 -0.0013180103)
(0.034812489 0.015921276 -0.0027728584)
(0.045002789 0.017262701 -0.0043460604)
(0.055702181 0.01779882 -0.0056850722)
(-0.00029436316 0.0015697762 0.0018365231)
(-0.00097750435 0.0028624873 0.0026142713)
(-0.0019446894 0.0038929875 0.0037005979)
(-0.0030835817 0.0046382068 0.00501583)
(-0.0045552902 0.005084223 0.0062482529)
(-0.0059692398 0.0051062938 0.0076589433)
(-0.0074375189 0.0049275325 0.0089024051)
(-0.008697799 0.0043182426 0.010125474)
(-0.0097479183 0.0034511444 0.011148105)
(-0.010398652 0.0023422397 0.012015432)
(-0.010597208 0.00089973697 0.012631906)
(-0.010213057 -0.00073369815 0.013088352)
(-0.0090987515 -0.0025878681 0.013269466)
(-0.0072298017 -0.0046408327 0.013202378)
(-0.0044419094 -0.0068266462 0.012948607)
(-0.00071832859 -0.0090858195 0.012450546)
(0.004093921 -0.01147114 0.011852714)
(0.0099809024 -0.013851062 0.01102459)
(0.017035316 -0.016157147 0.0102345)
(0.025039661 -0.018322267 0.0093459268)
(0.034281941 -0.020384668 0.0085121071)
(0.044345576 -0.021959448 0.0076453358)
(0.055197994 -0.023195021 0.0068256608)
(0 0 0)
(0 0 0)
(0 0 0)
(-0.00040190012 0.00027220625 -0.00032661129)
(-0.0020053909 0.00089188979 0.0010735236)
(-0.0040647128 0.0011694425 0.0025693732)
(-0.0065176146 0.0014015705 0.0043042209)
(-0.0089741444 0.0015081936 0.0060443978)
(-0.011590557 0.0015344817 0.0077147859)
(-0.013938715 0.0014012155 0.0094761913)
(-0.016257481 0.0012365963 0.011021249)
(-0.018195786 0.00078870496 0.01248961)
(-0.019739051 0.00035955653 0.013697722)
(-0.020698889 -0.00041551284 0.01471372)
(-0.021052461 -0.0011713237 0.015514355)
(-0.020588125 -0.0022559549 0.01600746)
(-0.019309004 -0.0034212568 0.016245821)
(-0.017026791 -0.004808584 0.016199472)
(-0.013725383 -0.0063395739 0.015902597)
(-0.0092820515 -0.0080369902 0.015354945)
(-0.0036970393 -0.0097957652 0.014565355)
(0.0030583738 -0.011662289 0.013599709)
(0.011044627 -0.013476713 0.012394924)
(0.020057516 -0.015242575 0.011101239)
(0.030229316 -0.016609962 0.009541887)
(0.041048771 -0.018041877 0.0079803488)
(0.053116458 -0.0070285613 0.0023967548)
(0.052836591 0.002131723 -0.00083266243)
(0.053599585 0.011302357 -0.0038319835)
(0.041953675 0.02312917 -0.0078133353)
(0.030971705 0.022203326 -0.0068210909)
(0.021173293 0.020765315 -0.00571281)
(0.011913704 0.019271411 -0.0047019187)
(0.0040275779 0.017239229 -0.0034778608)
(-0.0027659334 0.015111057 -0.0023348369)
(-0.0083467768 0.012808094 -0.0011202367)
(-0.012770685 0.01047942 -6.0306679e-05)
(-0.016089626 0.0081459139 0.00094650306)
(-0.018345983 0.0058972515 0.0017864943)
(-0.019672293 0.0037663721 0.0024140416)
(-0.020159276 0.0018291498 0.0028879557)
(-0.019883884 7.7343327e-05 0.0031584741)
(-0.018998048 -0.0014383924 0.0031746121)
(-0.017558103 -0.002688383 0.0030956719)
(-0.01575768 -0.0036421076 0.0028184171)
(-0.013637684 -0.0043096721 0.0024353238)
(-0.011348229 -0.0046086702 0.0019956497)
(-0.0090628122 -0.0046576543 0.0015396393)
(-0.0067227957 -0.0043324272 0.0011235729)
(-0.0045539786 -0.0036808402 0.00079400417)
(-0.002780451 -0.0027260119 0.00059674785)
(-0.0015391201 -0.001509626 0.00042674226)
(0 0 0)
(0 0 0)
(0 0 0)
(0 0 0)
(0 0 0)
(0 0 0)
(0.063722134 -0.022794193 0.0060703696)
(0.060420362 -0.021563225 0.0063966703)
(0.056815545 -0.020388139 0.0061300942)
(0.064999574 0.01962188 -0.0078484692)
(0.061413234 0.020644421 -0.0079188161)
(0.057952549 0.022206221 -0.0080983836)
(0.00043545721 -3.5291038e-05 -0.0001115741)
(-0.00016397363 0.00025910488 0.00029700833)
(-0.0012390986 0.00031124739 0.0010479107)
(-0.0027003924 0.00046275604 0.0017627659)
(-0.0042702534 0.00051851125 0.0027456015)
(-0.0060196659 0.00062447125 0.0036672808)
(-0.0076298312 0.00067635541 0.004615649)
(-0.0091499911 0.00082466484 0.0054461529)
(-0.010336653 0.00090016186 0.0062058915)
(-0.011172991 0.0011332463 0.0067646278)
(-0.011501291 0.0013290281 0.0071444231)
(-0.011189955 0.0016393028 0.0073267184)
(-0.010166004 0.0020074429 0.007287885)
(-0.008282215 0.0024686271 0.0069897554)
(-0.0055221435 0.0029509767 0.0065213682)
(-0.001670098 0.0035660904 0.0057635364)
(0.0031511436 0.0041795957 0.0049178054)
(0.0092082842 0.0049220879 0.0038138486)
(0.016490053 0.0055402013 0.0025918678)
(0.024712052 0.0060962844 0.0013591541)
(0.034174152 0.0066198814 -0.00012521851)
(0.044448732 0.0070229497 -0.0016092952)
(0.055704843 0.0065785214 -0.0030008467)
(0.00042079169 0.00058524436 0.00053794401)
(-0.00019017241 0.0011786507 0.0011475549)
(-0.0013238083 0.0015072003 0.0019085907)
(-0.0027211621 0.001931733 0.0028117614)
(-0.0042487213 0.0020032541 0.0038748325)
(-0.0059571418 0.0021678391 0.0048780927)
(-0.0075200997 0.0020724161 0.0059143198)
(-0.009016381 0.0019733392 0.006848871)
(-0.01017861 0.0017547934 0.0076583193)
(-0.010995171 0.0014850392 0.0082974275)
(-0.011335739 0.0012012209 0.0087799427)
(-0.011004513 0.00077403214 0.0090201318)
(-0.0099950296 0.00043200444 0.0090076166)
(-0.0081638029 4.4607581e-05 0.0088262376)
(-0.0053934908 -0.00035174819 0.0084047307)
(-0.0016316982 -0.00069888058 0.0077696547)
(0.0032369043 -0.0010654882 0.0070073386)
(0.0091885328 -0.0013113585 0.0060010715)
(0.016232868 -0.0016898766 0.0050492782)
(0.024394402 -0.0019827344 0.0039363835)
(0.033826745 -0.0022213969 0.0026823619)
(0.04420179 -0.002625818 0.0016710977)
(0.055611167 -0.002751149 0.00037323046)
(0.00023199047 0.0011534378 0.0011134052)
(-0.00049625276 0.0018814383 0.0019938689)
(-0.0015686831 0.0026604307 0.0028449595)
(-0.0028704013 0.0031872616 0.0040000209)
(-0.0044014482 0.003457485 0.0051447882)
(-0.006043639 0.0036122319 0.0063056655)
(-0.0075406345 0.0033825906 0.0075162827)
(-0.0090196111 0.0031194336 0.0085219468)
(-0.010135591 0.0025542789 0.0094919951)
(-0.010926451 0.001815632 0.010248535)
(-0.011223341 0.0010129078 0.010781652)
(-0.010873298 -1.9802876e-05 0.01111295)
(-0.009872988 -0.0010886032 0.011229362)
(-0.0080035514 -0.0022862801 0.011114549)
(-0.0052798741 -0.0035348909 0.010765302)
(-0.0015053497 -0.0048186638 0.010236384)
(0.0032437807 -0.0060933077 0.0094877872)
(0.0092098734 -0.0073088383 0.0086955165)
(0.016269509 -0.008570452 0.0076929111)
(0.024563968 -0.009583535 0.0066325611)
(0.033933084 -0.010716876 0.0056014267)
(0.044191184 -0.011415816 0.0045228567)
(0.055357271 -0.012084164 0.0035982803)
(0 0 0)
(0 0 0)
(0 0 0)
(0 0 0)
(0 0 0)
(0 0 0)
(0 0 0)
(0 0 0)
(0 0 0)
(-0.00072244951 0.00047714569 0.00080202419)
(-0.00078009439 0.00052929328 0.00052960238)
(-0.00076634614 0.00053941122 5.0066438e-05)
(-0.0015781542 0.0021136065 0.0022392366)
(-0.0019005015 0.0019153405 0.0017403254)
(-0.0020841746 0.0017955714 0.0013192001)
(-0.0026282901 0.0029120691 0.0032843828)
(-0.0032297504 0.0025101176 0.0028876876)
(-0.0037405149 0.0023132793 0.0027259682)
(-0.0040692024 0.0035847647 0.0047560571)
(-0.0049997362 0.0031142082 0.0045468573)
(-0.0057512632 0.0027578206 0.004389219)
(-0.0056269482 0.0039102231 0.0062014788)
(-0.0067556322 0.0033457401 0.0060471473)
(-0.0078695035 0.0027935963 0.006051428)
(-0.0073187024 0.0040525003 0.0076758515)
(-0.0087544407 0.0034355339 0.0076646667)
(-0.010124635 0.0029896831 0.007717817)
(-0.0088578367 0.0037734215 0.0091168092)
(-0.010507995 0.003126667 0.0092446252)
(-0.012236309 0.0027678411 0.0094027007)
(-0.010385579 0.0033958955 0.010441841)
(-0.012284648 0.0029362681 0.010604063)
(-0.014126408 0.0024364765 0.010879916)
(-0.011514779 0.0026142978 0.011604457)
(-0.013568584 0.002103663 0.011936052)
(-0.015763575 0.0018660062 0.012283731)
(-0.012339446 0.0017029412 0.012592811)
(-0.014658046 0.0014536864 0.012977352)
(-0.017013852 0.0012406295 0.013435148)
(-0.012721141 0.00047259618 0.013312763)
(-0.015094414 0.00032367861 0.013912813)
(-0.017709298 0.00027716237 0.014369052)
(-0.012320857 -0.00097697473 0.013900487)
(-0.015033112 -0.00085684063 0.014434406)
(-0.017822625 -0.00071882683 0.015129199)
(-0.011380364 -0.0025706522 0.01412642)
(-0.01413015 -0.0023802597 0.014824624)
(-0.017113636 -0.0020720416 0.015522956)
(-0.0095415236 -0.0044405752 0.014177554)
(-0.012469261 -0.0039971575 0.014911299)
(-0.015597735 -0.0034984825 0.015698292)
(-0.0068672136 -0.0063747356 0.013945978)
(-0.0098789609 -0.0057839143 0.014741294)
(-0.013161977 -0.0051140736 0.015598552)
(-0.0031643484 -0.0085146265 0.013505665)
(-0.006310812 -0.0077093336 0.01436472)
(-0.0097025553 -0.0068898287 0.015248842)
(0.0015236746 -0.010673664 0.01291273)
(-0.0016883509 -0.0097511307 0.013722853)
(-0.0051631328 -0.0088068261 0.014667206)
(0.0073056315 -0.012826808 0.012093642)
(0.0040681717 -0.011868726 0.012940954)
(0.00050603471 -0.010769348 0.013870825)
(0.014210849 -0.015128256 0.011261001)
(0.010905497 -0.013943396 0.012008321)
(0.0072728084 -0.012783143 0.012919729)
(0.022199553 -0.017139448 0.010213515)
(0.018877846 -0.016002622 0.01092898)
(0.015220862 -0.014764043 0.011764463)
(0.031259322 -0.019140686 0.0091945451)
(0.027863047 -0.017913543 0.0098724171)
(0.024148793 -0.016566494 0.010542542)
(0.041196418 -0.020692937 0.0081458877)
(0.037840155 -0.019452204 0.0086437786)
(0.034264045 -0.018251416 0.009114244)
(0.051971121 -0.022158023 0.0071384212)
(0.04845942 -0.020828718 0.0073636885)
(0.044887898 -0.01946692 0.0076667254)
(0.06460704 0.0081856798 -0.0044221534)
(0.060984259 0.0094655517 -0.0043503444)
(0.057527215 0.010756705 -0.0042232568)
(0.063286051 -0.0017359162 -0.00067200504)
(0.06016776 -0.00042516052 -0.00082203942)
(0.056344967 0.00075785326 -0.0008823837)
(0.063684164 -0.011386473 0.0025986227)
(0.06036294 -0.010063495 0.0026301918)
(0.056615542 -0.0086589515 0.0026064809)
(-0.00028577876 -0.00040997704 -0.00060206167)
(-0.00089196854 -0.00092589687 -0.00049408593)
(-0.0012299989 -0.0013210483 -0.00014577252)
(-0.0011795805 -0.0011767484 -0.00049609072)
(-0.0018137292 -0.0017624507 -0.00020455855)
(-0.0024358644 -0.0022854357 0.00017127941)
(-0.0022801959 -0.0015455352 3.5798854e-05)
(-0.0031841721 -0.0023991638 0.00020506589)
(-0.0039646312 -0.0031389491 0.00048922232)
(-0.0038087708 -0.0018655929 0.00066401339)
(-0.0048713735 -0.0028241181 0.00076443424)
(-0.0057932697 -0.0036878535 0.00093567725)
(-0.0054540381 -0.0020264398 0.0014403392)
(-0.0066583651 -0.0030582789 0.0014532872)
(-0.0078387036 -0.0039012842 0.0014983341)
(-0.0071995394 -0.0019572895 0.0022457996)
(-0.0086464289 -0.0029206926 0.002144926)
(-0.0099593692 -0.0039515972 0.0020953375)
(-0.0089260129 -0.0017670899 0.0030255242)
(-0.010393447 -0.0027483189 0.0028507025)
(-0.011939762 -0.0036257183 0.0026693057)
(-0.010433391 -0.0013327085 0.0037165205)
(-0.012135661 -0.0021833023 0.0034826614)
(-0.013832689 -0.0030663559 0.003159056)
(-0.01168464 -0.00072848006 0.0043241029)
(-0.013513912 -0.0015022724 0.0039628713)
(-0.015367728 -0.002265905 0.003570632)
(-0.012523305 -1.9426458e-05 0.0047328112)
(-0.014495185 -0.00059103161 0.0043318116)
(-0.01655502 -0.0011809607 0.003750882)
(-0.012893272 0.0010464573 0.0050003595)
(-0.0150141 0.00063492437 0.0044002543)
(-0.01722651 0.00014944628 0.0038491518)
(-0.012612144 0.0021430613 0.0049670939)
(-0.014894238 0.0019881819 0.0044263595)
(-0.017275882 0.0016581714 0.0036138122)
(-0.011564774 0.003518821 0.0047879006)
(-0.014010684 0.0035034306 0.004109493)
(-0.016552458 0.0034353825 0.0032720987)
(-0.0097411593 0.0050044872 0.0043332109)
(-0.012305674 0.0052271606 0.0036291479)
(-0.014983531 0.0053251657 0.0026919508)
(-0.0069719376 0.0066868393 0.0037009979)
(-0.0096784546 0.0071105649 0.0029195469)
(-0.012520656 0.0073714453 0.0018976451)
(-0.003180904 0.0084834221 0.0028183129)
(-0.0060168176 0.0090212656 0.0020042892)
(-0.0090332751 0.0095565823 0.00092210047)
(0.0016785025 0.010325836 0.001766083)
(-0.001382478 0.011156633 0.00094448705)
(-0.004436605 0.011743057 -0.0001366694)
(0.0074969455 0.012245409 0.00055763908)
(0.0045508509 0.013110803 -0.00023650616)
(0.0012675506 0.013916209 -0.0013759878)
(0.014698023 0.014098213 -0.00075528143)
(0.01147241 0.015089687 -0.0015038952)
(0.0080962404 0.016033587 -0.0025763221)
(0.02273839 0.015823222 -0.0020923385)
(0.019493478 0.017011441 -0.0028616257)
(0.016067843 0.017974442 -0.0038961517)
(0.032012564 0.017472265 -0.0035628724)
(0.028747873 0.018505392 -0.0042749273)
(0.025111713 0.019696957 -0.0050254027)
(0.042036203 0.018471074 -0.0050503679)
(0.038691707 0.019762464 -0.005500281)
(0.035080158 0.020981891 -0.0061563801)
(0.053017198 0.019792542 -0.0062333267)
(0.049405133 0.020775032 -0.006789016)
(0.046036201 0.022079793 -0.0070650588)
(-0.00067144189 -0.00037911677 0.00058881733)
(-0.0024454948 -0.0014795937 0.00077630776)
(-0.0042054397 -0.001994698 0.0012905877)
(-0.0065543567 -0.0023974825 0.0019132155)
(-0.008946544 -0.0026091699 0.0026258538)
(-0.011397332 -0.0025629913 0.0033293431)
(-0.013817756 -0.0023407594 0.0040733689)
(-0.01606527 -0.0018799318 0.0047133218)
(-0.017960927 -0.0012540709 0.0052474769)
(-0.01952082 -0.00042602714 0.0056202717)
(-0.020489992 0.00055544153 0.0058229519)
(-0.020861774 0.0016593591 0.0057846787)
(-0.020451174 0.0028101925 0.0055833315)
(-0.019187366 0.0041003135 0.0051959174)
(-0.016977097 0.0054458881 0.004541919)
(-0.013703847 0.0067274135 0.0037855759)
(-0.0093013256 0.007990182 0.002849215)
(-0.0037104844 0.009163054 0.0018205037)
(0.0030613015 0.01021924 0.00071990054)
(0.011074737 0.011029059 -0.00043028334)
(0.020246252 0.01158744 -0.0015135079)
(0.030370009 0.01196028 -0.0025128297)
(0.041592168 0.011719268 -0.0033854488)
(-0.00055959795 -0.0006386285 0.00035989442)
(-0.0021017541 -0.0010922474 0.0010992916)
(-0.0041406809 -0.0013586786 0.0018572356)
(-0.0064910481 -0.0015224828 0.0027967424)
(-0.0089221882 -0.0016459702 0.0037919645)
(-0.011532321 -0.0015881634 0.0048894457)
(-0.013983027 -0.0014844736 0.0058920414)
(-0.016276052 -0.0012309178 0.0068402163)
(-0.018248167 -0.00095221612 0.0076545077)
(-0.019842456 -0.0005091674 0.0083013112)
(-0.020835422 -0.00018839925 0.008751186)
(-0.021256266 0.00039344883 0.0090113935)
(-0.020862513 0.00076394155 0.0090628364)
(-0.019599544 0.0013158521 0.0088026684)
(-0.017374307 0.0017209792 0.0084110864)
(-0.014074213 0.0021067328 0.007763665)
(-0.0096555359 0.0024536618 0.0069752704)
(-0.0040293041 0.0026981972 0.0059983799)
(0.0027992673 0.0028434606 0.0049556414)
(0.01086118 0.002856769 0.0037701836)
(0.020100189 0.0029134275 0.0026599251)
(0.030307891 0.0026199362 0.0013738751)
(0.042020693 0.002428385 0.00018471082)
(-0.0003322505 -0.00032980912 0.00028690151)
(-0.0020172044 -0.00075722824 0.0011268241)
(-0.0040833404 -0.00071272578 0.002132952)
(-0.0064842882 -0.00063304383 0.003439206)
(-0.0089955601 -0.00067549913 0.0048014743)
(-0.011548118 -0.00061257704 0.0061831022)
(-0.014094453 -0.00053750751 0.0075393261)
(-0.016389341 -0.00052728225 0.0087790356)
(-0.018379682 -0.00049616465 0.0099010703)
(-0.019967464 -0.00056919488 0.010853055)
(-0.020990429 -0.00058909472 0.011574183)
(-0.021392067 -0.00079305142 0.012127885)
(-0.021011728 -0.00093664126 0.01235661)
(-0.019734642 -0.0012700535 0.012400569)
(-0.017528485 -0.001649079 0.012192887)
(-0.014238324 -0.002110575 0.01173247)
(-0.0098121956 -0.0026850117 0.011099461)
(-0.004214339 -0.0033329319 0.010235309)
(0.0025922608 -0.0040380973 0.0092557334)
(0.0106474 -0.0047744379 0.0081029696)
(0.01974981 -0.0054852263 0.0068824318)
(0.030179307 -0.0061755669 0.005455329)
(0.041151214 -0.0065620566 0.0041992416)
(7.7903767e-06 -5.5489474e-05 -0.00016359927)
(-0.00036205225 -0.00021149441 -0.00021127461)
(-0.00062449276 -0.00031404595 1.8591116e-05)
(-0.0009514263 -0.0002349553 0.00027828864)
(-0.0015790761 -0.0007070678 0.00035437538)
(-0.0020739592 -0.0010415701 0.00063333754)
(-0.0021637131 -0.00032239098 0.00099471059)
(-0.0030211679 -0.00098369507 0.0010055931)
(-0.0036717621 -0.0014887822 0.0011009288)
(-0.0037515894 -0.00037261394 0.001726247)
(-0.0047592739 -0.0011765277 0.0017266836)
(-0.0056432486 -0.0018033007 0.0018329179)
(-0.0054550659 -0.00037103142 0.0026853185)
(-0.0066604147 -0.0012467278 0.0026116386)
(-0.0078341627 -0.0019289366 0.0026377613)
(-0.0072793874 -0.00031723837 0.0035716673)
(-0.0087081941 -0.0011611225 0.0035012736)
(-0.010000389 -0.0019159386 0.0034002832)
(-0.0090248503 -0.00017452622 0.0045290356)
(-0.010563318 -0.0010380414 0.0043136972)
(-0.012103127 -0.0017119916 0.004257268)
(-0.010609371 2.3550321e-05 0.0053204856)
(-0.012380746 -0.00070501717 0.0051322967)
(-0.01408951 -0.0013924234 0.00493418)
(-0.011911418 0.00025920829 0.0060651673)
(-0.013814152 -0.00037978222 0.0057794782)
(-0.015723991 -0.00089327242 0.0055599062)
(-0.012828462 0.00065549544 0.0065646902)
(-0.014898353 0.00016327995 0.0062691274)
(-0.017012952 -0.00026050078 0.0059742274)
(-0.013252226 0.0010585215 0.0069268031)
(-0.015497956 0.00075181108 0.0066012392)
(-0.017769819 0.00056874281 0.0062475593)
(-0.013037812 0.0015925631 0.0070645965)
(-0.01539565 0.0015131372 0.0066441748)
(-0.017894589 0.001395197 0.0062469644)
(-0.012087173 0.0021807827 0.0069851088)
(-0.014617229 0.0022390671 0.0065344817)
(-0.017231527 0.002407653 0.0060917837)
(-0.010319897 0.0028374816 0.0066517329)
(-0.01297883 0.0031671906 0.0061634535)
(-0.015758899 0.0034302256 0.0057063111)
(-0.0076342429 0.0035945473 0.0061251339)
(-0.010414229 0.0040584705 0.0056100451)
(-0.01335161 0.0045840722 0.0050901834)
(-0.0038916808 0.0043747234 0.0053755675)
(-0.006817729 0.0050733234 0.0048020475)
(-0.0098969355 0.0057200306 0.004326541)
(0.00089314592 0.0052386612 0.0043929893)
(-0.0022085636 0.0060366574 0.0039111992)
(-0.0053603091 0.0068462492 0.0033630899)
(0.0066822067 0.0060452206 0.0033877922)
(0.0036823092 0.0069306048 0.0028019621)
(0.00034496813 0.007903738 0.0023266253)
(0.013834541 0.0067801466 0.0021301633)
(0.010606359 0.0079080228 0.0016809526)
(0.007155787 0.0089523265 0.0011606087)
(0.021884826 0.0075153304 0.00088962299)
(0.018650478 0.0086188167 0.0004269081)
(0.015176903 0.0097339714 -5.6125899e-05)
(0.031189918 0.008087634 -0.00054148489)
(0.027931523 0.0091529392 -0.00084779281)
(0.02432146 0.010415828 -0.0011711295)
(0.041412836 0.0083372554 -0.0018835593)
(0.037971964 0.0097107588 -0.0019189813)
(0.034353054 0.010885873 -0.0023414356)
(0.052440825 0.0082431954 -0.0031287654)
(0.048938808 0.0094751435 -0.0031732634)
(0.045451496 0.010704813 -0.003205615)
(8.0210949e-05 0.00015595634 0.0002326025)
(-0.00030473458 -5.1051037e-05 0.00010910979)
(-0.00062604698 -5.5178572e-05 3.5085853e-05)
(-0.0009655563 0.00057420935 0.00093801882)
(-0.0014699858 0.00010527988 0.00090866463)
(-0.0018600867 -6.8236269e-05 0.00099358618)
(-0.0021930476 0.00067354272 0.0018046576)
(-0.002919783 8.8286027e-05 0.0017339434)
(-0.0035703602 -0.00036939806 0.0017610995)
(-0.0037819126 0.0009736821 0.0027149364)
(-0.0047379807 0.00017216813 0.0026992696)
(-0.0056119916 -0.00041719529 0.002730268)
(-0.0054402835 0.0010203994 0.0038279464)
(-0.0066400208 0.00016162975 0.0038138546)
(-0.0077931123 -0.00041497567 0.003795122)
(-0.0073077784 0.0011326388 0.0048785267)
(-0.0087036846 0.00028746207 0.0048809339)
(-0.0099887944 -0.00042454146 0.0048884943)
(-0.0090062905 0.0011221193 0.0059242196)
(-0.010569812 0.00025521197 0.0059303952)
(-0.012178089 -0.00035991696 0.0059430059)
(-0.010620739 0.0010789107 0.0068920027)
(-0.012383451 0.00036380218 0.0069422261)
(-0.014192193 -0.00021958967 0.0069244844)
(-0.011931288 0.0010319112 0.0077159626)
(-0.013856873 0.00037585376 0.0077497424)
(-0.015869406 -0.000111354 0.0077493676)
(-0.012878109 0.00092810801 0.008376005)
(-0.014928655 0.00045612592 0.0084622193)
(-0.017202708 0.00015514936 0.0084324347)
(-0.013269811 0.00079283082 0.0088673688)
(-0.015553187 0.00048270467 0.0089226402)
(-0.017958538 0.00028296669 0.0088696254)
(-0.013085961 0.0006624736 0.0091007718)
(-0.015475723 0.00055603558 0.0091690463)
(-0.018104413 0.00058828363 0.0091480766)
(-0.01214272 0.00051439903 0.0090829768)
(-0.014700532 0.0005785559 0.0092035054)
(-0.017491274 0.00076285681 0.0091629648)
(-0.010413534 0.00034003382 0.0088877195)
(-0.013073852 0.00062810993 0.0089942242)
(-0.016066729 0.0010410065 0.0089583483)
(-0.0077228706 0.00019819044 0.0084555929)
(-0.010536209 0.00065660953 0.0085941371)
(-0.013628253 0.001231127 0.0085103622)
(-0.004061723 2.8292766e-05 0.00779386)
(-0.0069271733 0.00066354401 0.0079157561)
(-0.010244721 0.0014166877 0.0078710665)
(0.00069182773 -0.00014069232 0.0070052994)
(-0.0023326251 0.0006355363 0.0071633886)
(-0.0056773862 0.001529482 0.007066977)
(0.0065679427 -0.00030583837 0.0060217352)
(0.0035133721 0.00060636082 0.0061588502)
(5.2212899e-06 0.0016357944 0.0060688374)
(0.01363088 -0.00059712879 0.0050296877)
(0.010428638 0.00050131802 0.0050934654)
(0.006822799 0.0016445377 0.0050204871)
(0.02175929 -0.00070654866 0.003941673)
(0.018418424 0.00042208762 0.0039214052)
(0.014936922 0.0015579861 0.0038456051)
(0.031051623 -0.0009708587 0.0026850797)
(0.027788063 0.0003361836 0.0027142818)
(0.024033967 0.0015301611 0.002719759)
(0.041167018 -0.0012798706 0.0016039694)
(0.037701916 -4.2411721e-06 0.0015870852)
(0.034100943 0.0011336947 0.0013980653)
(0.052379774 -0.0014137964 0.00031039419)
(0.049114572 -0.00013106306 0.0003279214)
(0.045431215 0.0012016667 0.00022805056)
(-0.0001516191 0.00027494177 0.00055809133)
(-0.00027297561 0.00027472471 0.00033824451)
(-0.0004149258 0.00010756058 0.00013345095)
(-0.0012170291 0.0010265141 0.0016472833)
(-0.001656509 0.00077743684 0.0013155654)
(-0.0018739931 0.00020103028 0.0012292214)
(-0.0024182095 0.0016559649 0.0025884306)
(-0.0030540996 0.0011387975 0.002428372)
(-0.0036195771 0.00037889802 0.0022475839)
(-0.0039013263 0.0020425175 0.0037753637)
(-0.0048794224 0.001517951 0.0035953383)
(-0.0056742604 0.00058720273 0.0035233193)
(-0.0056068738 0.0022933962 0.0050591293)
(-0.0067403267 0.0015702633 0.0049877732)
(-0.0078395324 0.00068962988 0.0049368681)
(-0.0073773238 0.0023824404 0.0062835331)
(-0.0088031068 0.0017779057 0.0062464756)
(-0.010136123 0.00069684406 0.0062262051)
(-0.0090547093 0.0022643665 0.0076001523)
(-0.010607476 0.0015951072 0.0076136061)
(-0.012290536 0.00069137105 0.0076372986)
(-0.010653367 0.0020798912 0.0086797838)
(-0.012502348 0.0015061675 0.0087690731)
(-0.014346392 0.00061646882 0.0088302363)
(-0.01188204 0.001645623 0.0097468232)
(-0.013867853 0.0012117186 0.0098605631)
(-0.016002562 0.00047708356 0.009950483)
(-0.012805422 0.001158741 0.01056083)
(-0.015017884 0.00081382419 0.010701058)
(-0.017351399 0.00020951243 0.010866509)
(-0.013203113 0.00053250243 0.011163032)
(-0.015541747 0.00036325319 0.011404391)
(-0.018084606 -2.9716441e-05 0.011562711)
(-0.012967431 -0.00025966736 0.011558002)
(-0.015494551 -0.00024030957 0.011825362)
(-0.018247558 -0.00046459656 0.012062498)
(-0.012055789 -0.0010942123 0.011720769)
(-0.014718732 -0.00090282555 0.012026682)
(-0.017643713 -0.00088694284 0.012294797)
(-0.010279885 -0.0020602025 0.01163863)
(-0.013096494 -0.0016634795 0.011993663)
(-0.016171048 -0.001436413 0.012273429)
(-0.0076203766 -0.0030738452 0.011317868)
(-0.010562968 -0.0024969794 0.011690516)
(-0.013753085 -0.002103179 0.012008166)
(-0.0039450098 -0.0041378747 0.010788774)
(-0.006986201 -0.0034369897 0.011183791)
(-0.010333909 -0.0027710212 0.01153069)
(0.00080260705 -0.0052594127 0.01006828)
(-0.0024073788 -0.0043440817 0.010476527)
(-0.0057743365 -0.0035733157 0.010837906)
(0.0066103525 -0.0063432986 0.0091451081)
(0.0034262287 -0.0054041675 0.0095893193)
(-8.0887356e-05 -0.0044019355 0.0099548873)
(0.013645126 -0.0074855843 0.0081662004)
(0.010237491 -0.0063557837 0.0086126585)
(0.0067424365 -0.0052762341 0.0089424532)
(0.021647052 -0.0085116742 0.0070566481)
(0.018389827 -0.0073088655 0.0074435259)
(0.014829656 -0.0061302235 0.0078016689)
(0.030787506 -0.0094544663 0.0058776988)
(0.02748823 -0.0082885796 0.0063146293)
(0.023782091 -0.0070401769 0.0065497355)
(0.041037122 -0.010346413 0.0048477526)
(0.037670153 -0.0090845478 0.0050731083)
(0.034096275 -0.0076589213 0.0053046858)
(0.051953898 -0.010920968 0.0037111522)
(0.048506641 -0.0095024844 0.0038402453)
(0.044969305 -0.0083289244 0.0038391279)
)
;

boundaryField
{
    free
    {
        type            calculated;
    }
    bottom
    {
        type            calculated;
    }
    traction
    {
        type            calculated;
    }
}


// ************************************************************************* //
