/*--------------------------------*- C++ -*----------------------------------*\
  =========                 |
  \\      /  F ield         | OpenFOAM: The Open Source CFD Toolbox
   \\    /   O peration     | Website:  https://openfoam.org
    \\  /    A nd           | Version:  6
     \\/     M anipulation  |
\*---------------------------------------------------------------------------*/
FoamFile
{
    version     2.0;
    format      ascii;
    class       pointVectorField;
    location    "4.70020500178721434";
    object      u;
}
// * * * * * * * * * * * * * * * * * * * * * * * * * * * * * * * * * * * * * //

dimensions      [0 1 0 0 0 0 0];

internalField   nonuniform List<vector> 
625
(
(0 0 0)
(0 0 0)
(2.7719725 -0.4167096 0.11718323)
(2.5546062 -1.0370949 0.074730206)
(0 0 0)
(0 0 0)
(2.572745 -1.0829318 0.072281976)
(2.7897277 -0.46299484 0.11552169)
(0 0 0)
(0 0 0)
(0 0 0)
(2.7169138 -0.57232998 0.10568138)
(2.6626529 -0.7262567 0.095898312)
(2.609106 -0.88083776 0.085128163)
(0.0069304135 0.026202229 0.025540508)
(0.026677351 0.056294028 0.026848753)
(0.064833755 0.082762853 0.03040518)
(0.11797914 0.10691288 0.031346191)
(0.18430068 0.12527732 0.033193186)
(0.26514722 0.14000216 0.035195754)
(0.35589493 0.14781292 0.037430872)
(0.45786332 0.15101142 0.040120303)
(0.56902874 0.14779539 0.04350171)
(0.688287 0.1390149 0.046522928)
(0.81486352 0.12496339 0.050532483)
(0.94772653 0.1050843 0.054231275)
(1.0860773 0.080489531 0.058635463)
(1.2289198 0.050934568 0.063131997)
(1.375621 0.017108745 0.067963926)
(1.5255599 -0.020861443 0.072815797)
(1.6776868 -0.062044841 0.078211785)
(1.8320618 -0.10675712 0.083438007)
(1.9876862 -0.15426669 0.088845317)
(2.1440482 -0.20365643 0.094488929)
(2.3011324 -0.25523496 0.10007859)
(2.4582548 -0.30764723 0.10578615)
(2.6149081 -0.36176802 0.11185968)
(-0.0065066399 -0.02318445 -0.033020929)
(0.015349183 -0.045335082 -0.027932907)
(0.043416313 -0.075164875 -0.033331325)
(0.0896504 -0.10377857 -0.028966855)
(0.14311526 -0.13122193 -0.028478623)
(0.21226511 -0.16528563 -0.025568869)
(0.28768896 -0.19605403 -0.023481271)
(0.3761514 -0.23256398 -0.019429212)
(0.47156217 -0.27031386 -0.016689695)
(0.57627926 -0.30955039 -0.012178761)
(0.68836533 -0.35271257 -0.0079212275)
(0.80746014 -0.39693666 -0.0028225742)
(0.93277201 -0.44408841 0.0023420104)
(1.0636633 -0.49287481 0.008035871)
(1.1996102 -0.54360507 0.013934167)
(1.339822 -0.59579682 0.020177142)
(1.4840126 -0.64941135 0.026699612)
(1.6309487 -0.70395933 0.033129846)
(1.7812401 -0.75919776 0.04016825)
(1.9330878 -0.8148041 0.046900917)
(2.0870154 -0.8707634 0.054010666)
(2.2420294 -0.92644754 0.060807766)
(2.3979954 -0.98185011 0.067556822)
(0 0 0)
(0 0 0)
(0 0 0)
(0.005060062 -0.014898467 0.02206091)
(0.023259334 -0.061457096 0.025513969)
(0.057777468 -0.077615992 0.020501402)
(0.10190184 -0.11114973 0.017194112)
(0.16209867 -0.14961469 0.01819439)
(0.22952171 -0.17681374 0.014072695)
(0.30767507 -0.21839908 0.016287784)
(0.39594018 -0.25432122 0.015025304)
(0.49231446 -0.29558303 0.015809114)
(0.59715372 -0.33850854 0.016957803)
(0.70929726 -0.38373022 0.018273361)
(0.82818118 -0.43079467 0.020656674)
(0.95321898 -0.48017171 0.022910581)
(1.0838981 -0.53112324 0.025825821)
(1.2193459 -0.58350695 0.029194406)
(1.3591942 -0.63749739 0.03290996)
(1.502894 -0.69217593 0.036945443)
(1.6497938 -0.74782321 0.041339511)
(1.7994337 -0.80390792 0.046057924)
(1.9513977 -0.86011927 0.050934694)
(2.1049848 -0.91649005 0.056084975)
(2.2601929 -0.97232789 0.061453866)
(2.4158234 -1.0279901 0.066996072)
(2.627286 -0.92699326 0.083092888)
(2.6803491 -0.77232409 0.094263606)
(2.7344519 -0.61896635 0.10544667)
(2.6328817 -0.407919 0.10833028)
(2.4755702 -0.35360282 0.10143254)
(2.3184443 -0.30070842 0.094322972)
(2.1611655 -0.24823338 0.086869752)
(2.0045324 -0.19775799 0.07948949)
(1.848832 -0.14927126 0.071960416)
(1.6945825 -0.10325082 0.064601613)
(1.5422201 -0.060126036 0.057151742)
(1.3923686 -0.020474551 0.049970107)
(1.2457047 0.015612586 0.042817921)
(1.1027228 0.047148083 0.035940352)
(0.96426368 0.074661025 0.028788776)
(0.83135619 0.096540305 0.023009514)
(0.70444297 0.11355722 0.016610867)
(0.58455733 0.12509566 0.01070159)
(0.4728291 0.13093301 0.0051513436)
(0.3701442 0.13154681 -0.00048020785)
(0.27722157 0.12556242 -0.0045790744)
(0.19724748 0.11472216 -0.0099766742)
(0.12697804 0.097410086 -0.012702607)
(0.072982293 0.078170041 -0.018300771)
(0.031197297 0.0516489 -0.019748732)
(0.015795092 0.025381492 -0.016126495)
(0 0 0)
(0 0 0)
(0 0 0)
(0 0 0)
(0 0 0)
(0 0 0)
(2.5588876 -1.0488476 0.073705554)
(2.5635033 -1.0605471 0.073619546)
(2.5677819 -1.0719236 0.072886817)
(2.777013 -0.42806382 0.11677447)
(2.7814161 -0.4397004 0.1162234)
(2.7860133 -0.45109339 0.11581506)
(-0.0056102868 0.015824181 0.018023207)
(0.015574326 0.032133229 0.014230357)
(0.051267527 0.04577783 0.016681752)
(0.10229169 0.056719197 0.017208042)
(0.16674873 0.063831788 0.018995835)
(0.24428775 0.066704414 0.020744326)
(0.33238672 0.064420799 0.023259751)
(0.4313342 0.057782324 0.02603476)
(0.53909018 0.045844577 0.02894858)
(0.65500556 0.029315471 0.032526534)
(0.77846692 0.0079541003 0.036327623)
(0.90846344 -0.018459803 0.040449633)
(1.0439457 -0.048770046 0.044923679)
(1.1841978 -0.083500481 0.049589912)
(1.3286108 -0.1217683 0.054658398)
(1.4764373 -0.16351848 0.059756563)
(1.6269492 -0.20824563 0.065376365)
(1.7798429 -0.25549451 0.070786318)
(1.9344606 -0.30519352 0.076543383)
(2.0899819 -0.35638092 0.082492553)
(2.2466105 -0.40915295 0.088291986)
(2.4033161 -0.46264082 0.094308313)
(2.5601459 -0.51763915 0.10036732)
(-0.012215341 0.0036657688 -0.00045249987)
(0.010624285 0.0041990998 -0.002403612)
(0.043441444 0.0060222563 0.00027065807)
(0.092093571 0.0049977699 0.001037877)
(0.15463969 -0.0011980836 0.0031368985)
(0.22869088 -0.008855147 0.0053404221)
(0.31357505 -0.021212779 0.0078526826)
(0.40901812 -0.037522846 0.010740603)
(0.51298879 -0.057494457 0.014035064)
(0.62599493 -0.082301924 0.018113)
(0.7456722 -0.11039789 0.021600282)
(0.87247772 -0.14297955 0.026438835)
(1.0047136 -0.17895659 0.031034606)
(1.1423203 -0.21832569 0.036096747)
(1.2840835 -0.26093973 0.041473801)
(1.4297329 -0.30616424 0.046854624)
(1.5783423 -0.35412011 0.052933385)
(1.7295953 -0.40371543 0.058476848)
(1.8826646 -0.45533407 0.064863187)
(2.037204 -0.5081481 0.070990776)
(2.1930935 -0.56215679 0.077086365)
(2.3494085 -0.61672357 0.083447757)
(2.5065318 -0.67180411 0.089554857)
(-0.014291149 -0.010480878 -0.013288938)
(0.0083481562 -0.019883401 -0.012347864)
(0.038160104 -0.030548192 -0.014083035)
(0.086863445 -0.045031064 -0.012506612)
(0.14560522 -0.063457072 -0.011167393)
(0.21638216 -0.081143803 -0.009332578)
(0.29863339 -0.10553568 -0.0066403234)
(0.38971937 -0.13033024 -0.003837441)
(0.4907796 -0.15982768 -0.00021485675)
(0.59931479 -0.19230805 0.0033563592)
(0.71597126 -0.22748156 0.0075529556)
(0.83916957 -0.26671388 0.012303451)
(0.968221 -0.30804885 0.017031818)
(1.1027848 -0.35260045 0.022420316)
(1.2417429 -0.39939093 0.027933416)
(1.3849832 -0.44850282 0.033759609)
(1.531274 -0.49934221 0.039872624)
(1.6807662 -0.5517347 0.045977858)
(1.8323689 -0.60544173 0.0525085)
(1.9859987 -0.6600163 0.058778635)
(2.1408301 -0.7153263 0.065365593)
(2.2965223 -0.77057474 0.071924091)
(2.4528206 -0.82600561 0.078471243)
(0 0 0)
(0 0 0)
(0 0 0)
(0 0 0)
(0 0 0)
(0 0 0)
(0 0 0)
(0 0 0)
(0 0 0)
(0.0076322169 -0.0083673083 -0.014453242)
(0.011266469 -0.01222429 -0.0056374415)
(0.011475876 -0.010256215 0.0064727444)
(0.029946478 -0.053884154 -0.01692129)
(0.03230263 -0.056711741 -0.0053799614)
(0.034293026 -0.057050671 0.01121058)
(0.058329954 -0.076969539 -0.019685549)
(0.064752717 -0.076561995 -0.0066696397)
(0.066583541 -0.082237044 0.0091168279)
(0.10201317 -0.10754104 -0.01663428)
(0.10792116 -0.11199969 -0.006076999)
(0.1075842 -0.111541 0.0066518738)
(0.15821708 -0.13992912 -0.017094362)
(0.16341656 -0.14261502 -0.0076250555)
(0.1667729 -0.1498702 0.006658448)
(0.22333762 -0.17030349 -0.015835879)
(0.23077557 -0.17573509 -0.0049776936)
(0.23293295 -0.17799465 0.0050235519)
(0.30111797 -0.20572018 -0.013090836)
(0.3073361 -0.21240158 -0.0052977836)
(0.30966077 -0.21503601 0.0069299983)
(0.38733887 -0.24173178 -0.011433165)
(0.39395128 -0.2460314 -0.0031843123)
(0.39733128 -0.25409241 0.0068054486)
(0.4828139 -0.27945841 -0.0083291402)
(0.48953065 -0.28803884 -0.0010636315)
(0.49285828 -0.29306846 0.00814616)
(0.58692063 -0.32078735 -0.005047705)
(0.59333604 -0.32776317 0.0014383439)
(0.59702463 -0.33508102 0.010026921)
(0.69806665 -0.36322417 -0.0015577185)
(0.70468139 -0.37229517 0.0047006875)
(0.70851114 -0.37968843 0.011942147)
(0.81668709 -0.40920573 0.0028725196)
(0.82294655 -0.4174888 0.007768874)
(0.82703678 -0.42563649 0.015049661)
(0.94142181 -0.45570489 0.0073348032)
(0.94750527 -0.46529093 0.012213597)
(0.95135975 -0.47434492 0.017925353)
(1.0716983 -0.50534598 0.012473359)
(1.077501 -0.51523334 0.01634979)
(1.0817297 -0.52447452 0.021479531)
(1.2069993 -0.55603919 0.017645568)
(1.2127386 -0.56632576 0.021082416)
(1.2168499 -0.57603132 0.025523046)
(1.3467568 -0.60848953 0.023336172)
(1.3521666 -0.61908971 0.026154882)
(1.3563864 -0.6292906 0.029807216)
(1.4901907 -0.66202284 0.029187522)
(1.495577 -0.6729364 0.031443984)
(1.4997561 -0.68343537 0.034479246)
(1.6370803 -0.71630025 0.035223612)
(1.6421812 -0.72769019 0.037000701)
(1.6464042 -0.73840783 0.039412439)
(1.786546 -0.7717572 0.041600841)
(1.7915911 -0.78301435 0.042897829)
(1.7958026 -0.7940102 0.044652117)
(1.938417 -0.82707041 0.047908026)
(1.9432284 -0.83866604 0.048822296)
(1.947464 -0.84984052 0.050008613)
(2.0918838 -0.88297635 0.054436926)
(2.096609 -0.89445803 0.055019483)
(2.10097 -0.90569255 0.055597704)
(2.2467746 -0.93842536 0.060914155)
(2.2514267 -0.95004394 0.061070061)
(2.2557267 -0.96151676 0.061238023)
(2.4024112 -0.99387931 0.067385819)
(2.4069557 -1.0053718 0.0672165)
(2.4115351 -1.0168195 0.067156089)
(2.7219711 -0.58389072 0.10592601)
(2.7264296 -0.59538443 0.10560807)
(2.7308166 -0.60698941 0.10541625)
(2.6669722 -0.73785589 0.095528743)
(2.6717889 -0.74948656 0.094946025)
(2.6758469 -0.76092678 0.094507767)
(2.6135612 -0.89280796 0.084572249)
(2.6182958 -0.90448649 0.08408709)
(2.622578 -0.91571179 0.083762271)
(0.018466565 0.022402584 0.013688534)
(0.02004723 0.022918875 0.0040287803)
(0.022192436 0.023766534 -0.0043886419)
(0.039119319 0.051427451 0.013710509)
(0.040055374 0.052509808 0.0039769337)
(0.040891096 0.051123975 -0.010099162)
(0.077594641 0.079316016 0.018153178)
(0.079840882 0.079094365 0.005746409)
(0.082079335 0.078865863 -0.0062764696)
(0.12890929 0.10187009 0.01886848)
(0.13371169 0.099949651 0.0080063704)
(0.13435016 0.098485352 -0.0040242483)
(0.1972184 0.12051134 0.02137066)
(0.20090272 0.1183376 0.011176941)
(0.20249859 0.11755919 0.00017121238)
(0.27566567 0.13410329 0.024010914)
(0.28053304 0.12967336 0.014554251)
(0.28316528 0.12714674 0.0038398322)
(0.36745485 0.14089195 0.026869746)
(0.37212006 0.13690639 0.018213778)
(0.37440064 0.1337137 0.007653577)
(0.46867046 0.14294662 0.030200468)
(0.47316218 0.13821272 0.022023061)
(0.4764194 0.13445018 0.012536342)
(0.57918724 0.13924514 0.034061129)
(0.58428543 0.13370886 0.026188126)
(0.58739306 0.12899051 0.017534568)
(0.69803982 0.13000624 0.038066562)
(0.70312439 0.12369495 0.030865287)
(0.70639629 0.11837141 0.022885135)
(0.82392918 0.11548716 0.042800078)
(0.82931582 0.10799169 0.035456089)
(0.83273736 0.10161833 0.02877993)
(0.9567632 0.094965221 0.04697717)
(0.96148852 0.086904837 0.041684937)
(0.96504523 0.08057132 0.03386213)
(1.0942774 0.069785321 0.052066515)
(1.0991943 0.061352065 0.046352321)
(1.1030295 0.054467212 0.040516786)
(1.236821 0.04004596 0.057145553)
(1.2416137 0.0311112 0.05242234)
(1.2455139 0.023077303 0.046972621)
(1.382993 0.0058851654 0.062719422)
(1.3877936 -0.0036870931 0.058335552)
(1.3916584 -0.012148523 0.05356676)
(1.532475 -0.032211364 0.068185914)
(1.5370757 -0.042230726 0.064481502)
(1.5410657 -0.051216861 0.060326422)
(1.6842617 -0.073939529 0.074240745)
(1.6889293 -0.084097236 0.070932846)
(1.6929825 -0.093731187 0.067337905)
(1.8380443 -0.11847615 0.080069707)
(1.8427746 -0.12927666 0.07722991)
(1.8467826 -0.13921016 0.074240128)
(1.9934507 -0.16583311 0.086086463)
(1.9979365 -0.17685952 0.083831221)
(2.0020647 -0.18717114 0.081396999)
(2.1495074 -0.21542518 0.092224178)
(2.1541475 -0.22648756 0.090359971)
(2.1582669 -0.2372834 0.088392904)
(2.3064441 -0.2666789 0.098326701)
(2.3108588 -0.27831891 0.096841787)
(2.3150315 -0.28916317 0.095557852)
(2.4630767 -0.31963578 0.10449392)
(2.46767 -0.33097498 0.10348165)
(2.4720187 -0.34214529 0.10241515)
(2.6202848 -0.3732 0.11094454)
(2.6245877 -0.38485252 0.11002077)
(2.6290707 -0.39629871 0.10934765)
(0.00057164053 0.0078338916 -0.010151162)
(0.022257 0.033193465 -0.011490626)
(0.058942565 0.03681585 -0.0060755956)
(0.11296031 0.048262223 -0.0059438557)
(0.17920975 0.051497352 -0.0027167604)
(0.25779596 0.051076741 0.0011685336)
(0.34724014 0.046796696 0.0041941805)
(0.44652448 0.036544541 0.0084063082)
(0.5552405 0.022053063 0.01270223)
(0.67156029 0.0024911075 0.017468346)
(0.7955768 -0.021539199 0.022278434)
(0.92532019 -0.050009264 0.027937418)
(1.0607318 -0.08308357 0.033181873)
(1.2010501 -0.12002919 0.039411277)
(1.3454473 -0.16023438 0.04533886)
(1.4931363 -0.20373788 0.051695955)
(1.6436914 -0.25010295 0.058224968)
(1.7965217 -0.29870049 0.064759295)
(1.9510242 -0.34929587 0.071510729)
(2.1068249 -0.40156908 0.078158265)
(2.2635065 -0.45490474 0.084911448)
(2.4204105 -0.50901606 0.091615125)
(2.577739 -0.56405306 0.098361773)
(-0.0087583228 0.0045287146 0.0010987286)
(0.016081656 0.0055836346 0.0013363489)
(0.052631135 -0.0012407435 0.0021166744)
(0.10576913 -0.0033293278 0.0025292103)
(0.16814146 -0.012018589 0.0035725531)
(0.24492808 -0.023726724 0.0058268066)
(0.33020404 -0.038964273 0.0079188645)
(0.42682696 -0.058005946 0.010639639)
(0.53155859 -0.081655046 0.013677495)
(0.64478479 -0.10856098 0.017138817)
(0.76476419 -0.14020259 0.021136925)
(0.89159089 -0.17471059 0.02513786)
(1.0237075 -0.2134796 0.029908964)
(1.1612238 -0.25499021 0.034811898)
(1.3028824 -0.29939634 0.039810696)
(1.4481834 -0.34666576 0.045413642)
(1.5966688 -0.39581878 0.051039554)
(1.7476994 -0.44692455 0.056864083)
(1.900716 -0.49954335 0.062958734)
(2.0552938 -0.55323074 0.068976565)
(2.2112478 -0.60762609 0.075377343)
(2.3673131 -0.66251196 0.081480795)
(2.5247956 -0.71818666 0.087749593)
(-0.011521573 -0.0095557365 0.010947088)
(0.018143592 -0.014605728 0.0083161906)
(0.051843958 -0.04127574 0.014120887)
(0.099794486 -0.047105689 0.0095595593)
(0.16255643 -0.073466142 0.011923907)
(0.2346242 -0.096180844 0.011751007)
(0.31710123 -0.1202068 0.012793041)
(0.41007965 -0.15087945 0.014172178)
(0.511108 -0.18275474 0.015964676)
(0.62019824 -0.21830831 0.018372561)
(0.73690873 -0.25682121 0.020804488)
(0.85967027 -0.29847341 0.024092297)
(0.98876999 -0.34241693 0.027481574)
(1.1229434 -0.38938187 0.031263915)
(1.2615177 -0.43809151 0.035497012)
(1.4042912 -0.48898496 0.040005882)
(1.5504233 -0.54139577 0.044774538)
(1.6994174 -0.59504181 0.049793397)
(1.8507881 -0.64977762 0.055049146)
(2.0041022 -0.70502713 0.060533967)
(2.1587465 -0.7606732 0.066112313)
(2.3144755 -0.81649276 0.071638577)
(2.4707853 -0.87190872 0.077689793)
(0.0037520236 0.0077316507 0.0084975645)
(0.0036063578 0.0086033659 0.0032689001)
(0.0062361438 0.0082264589 -0.00225226)
(0.026956931 0.030750736 0.0068389407)
(0.030646246 0.030462822 0.00051600524)
(0.030157583 0.029032583 -0.0071886303)
(0.063495687 0.042081321 0.0090124913)
(0.065889456 0.039045449 0.0032335357)
(0.067765666 0.03903913 -0.0022908254)
(0.11394969 0.052379846 0.009807254)
(0.11977068 0.051685093 0.0043777618)
(0.11948416 0.048316877 -0.0011256949)
(0.17929686 0.059014293 0.011807083)
(0.18341146 0.055249899 0.0067492909)
(0.18541256 0.052500299 0.0024530617)
(0.25567453 0.059981449 0.013969278)
(0.26082701 0.056949631 0.0098293889)
(0.26284402 0.053192987 0.0039464489)
(0.34376719 0.057258864 0.017214379)
(0.34951928 0.053025047 0.012047969)
(0.3513583 0.048789024 0.0083189112)
(0.44205546 0.050092554 0.019820682)
(0.44729136 0.04492897 0.015955158)
(0.44976164 0.039851434 0.01144413)
(0.54940244 0.037167695 0.023669811)
(0.55498647 0.031553726 0.019797204)
(0.55778973 0.025793186 0.015895576)
(0.66493925 0.02044315 0.027261211)
(0.67049894 0.01346916 0.023679721)
(0.67326256 0.0069242653 0.020187439)
(0.7879966 -0.0020768604 0.031451625)
(0.79337759 -0.0096784023 0.028532947)
(0.79659114 -0.016199815 0.025240521)
(0.91712926 -0.028701895 0.036104411)
(0.9227243 -0.036777463 0.032963705)
(0.92582305 -0.044361379 0.029998593)
(1.0522291 -0.059546736 0.040899955)
(1.0574901 -0.068028181 0.038149536)
(1.0609529 -0.076056444 0.035507602)
(1.1919154 -0.094523608 0.046073874)
(1.1972174 -0.10352509 0.043706715)
(1.2006267 -0.11249181 0.041146534)
(1.3358774 -0.13304737 0.051371627)
(1.3409208 -0.14286819 0.04921786)
(1.3445029 -0.15195999 0.047096339)
(1.4831645 -0.17511527 0.057093293)
(1.4882275 -0.18505472 0.055154547)
(1.4918724 -0.19479952 0.053214564)
(1.6334345 -0.2198841 0.062703555)
(1.6382214 -0.23038798 0.061211393)
(1.6419613 -0.2405213 0.059507956)
(1.7856937 -0.26728895 0.068875722)
(1.7905847 -0.27821021 0.067328456)
(1.7943766 -0.28859235 0.065949673)
(1.9399577 -0.31691838 0.074909679)
(1.9446639 -0.32787759 0.073685021)
(1.948547 -0.33867709 0.072502539)
(2.0952662 -0.36807607 0.081005225)
(2.0999003 -0.37945383 0.080099266)
(2.1038882 -0.39050777 0.079030759)
(2.2516115 -0.42081493 0.087192034)
(2.2561915 -0.43235296 0.086492617)
(2.2603143 -0.44358306 0.08565423)
(2.4081446 -0.47451873 0.093430311)
(2.4126626 -0.48600664 0.093091833)
(2.4168622 -0.49731268 0.092210531)
(2.5649679 -0.52908853 0.099832574)
(2.5694319 -0.54065636 0.099367623)
(2.5738614 -0.5522629 0.098980411)
(-0.0039002244 0.0014026697 -0.00151077)
(-0.0023699436 0.0035884794 -0.0016621704)
(-0.00030391042 0.0024085271 0.00079259252)
(0.020176111 0.0045727866 -0.0042262711)
(0.023868856 0.0041432547 -0.0026430297)
(0.023754343 0.0023108439 -0.0013591476)
(0.055551457 0.0024142758 -0.0015481814)
(0.060173391 0.00070060629 0.0015868104)
(0.060548278 0.0004645684 0.00092011171)
(0.10400393 0.00029781605 -0.00091236518)
(0.11026051 -0.0020947651 0.00042191268)
(0.10973449 -0.0056536571 0.00050558771)
(0.16674559 -0.0056644131 0.0012276702)
(0.17211676 -0.009875517 0.0036239414)
(0.17271457 -0.011015535 0.00199285)
(0.23969763 -0.014937683 0.0036170266)
(0.24655295 -0.019443038 0.0048842388)
(0.24746003 -0.022966417 0.0044643322)
(0.32498096 -0.027701201 0.005662021)
(0.33108458 -0.033961627 0.0071595743)
(0.33247088 -0.037400628 0.0065272134)
(0.41974047 -0.045253647 0.0090427786)
(0.42609648 -0.051298711 0.010747988)
(0.42772837 -0.055559978 0.0095594052)
(0.52335405 -0.065854763 0.012311948)
(0.52950681 -0.073359371 0.0131237)
(0.53208342 -0.078694445 0.012461739)
(0.63562566 -0.091262885 0.016090749)
(0.64215484 -0.099188103 0.017425623)
(0.64433743 -0.10449107 0.016226385)
(0.75524902 -0.12047021 0.020358672)
(0.76090659 -0.12853395 0.020972932)
(0.76405702 -0.13535812 0.020078564)
(0.88122039 -0.15313708 0.024837596)
(0.88732897 -0.1623428 0.025336486)
(0.89024409 -0.16915805 0.024573252)
(1.0132368 -0.18969598 0.029587502)
(1.0189359 -0.19898641 0.030265346)
(1.0219902 -0.20683759 0.029244645)
(1.1501187 -0.22938745 0.034707693)
(1.1556523 -0.23954879 0.035044716)
(1.1589779 -0.24793293 0.034333255)
(1.2915495 -0.27231101 0.040145016)
(1.2968882 -0.28264086 0.040570439)
(1.3003994 -0.29155275 0.039515953)
(1.4365864 -0.31786702 0.045783457)
(1.4418344 -0.3286105 0.045875648)
(1.4453598 -0.33799163 0.045134893)
(1.584805 -0.36578196 0.051681071)
(1.5898359 -0.37677085 0.051859616)
(1.5935259 -0.38673195 0.050968216)
(1.7355277 -0.41579262 0.057753786)
(1.7405166 -0.42694921 0.057668351)
(1.7443324 -0.4372131 0.056865395)
(1.8883727 -0.46745851 0.064017821)
(1.8932646 -0.47870143 0.063739754)
(1.897085 -0.48931549 0.063092379)
(2.0427374 -0.52034937 0.070343604)
(2.0474258 -0.53159838 0.069890873)
(2.0515436 -0.54271215 0.069233324)
(2.1982277 -0.5741791 0.076518598)
(2.2031305 -0.58570832 0.076147538)
(2.2070758 -0.59681759 0.075658183)
(2.3543013 -0.62859672 0.08288852)
(2.3589012 -0.63994806 0.082464881)
(2.3630062 -0.65141298 0.081799014)
(2.5112115 -0.68355093 0.089064621)
(2.5159336 -0.69513824 0.088694512)
(2.5202827 -0.7065098 0.088173174)
(-0.0052185677 -0.0058695801 -0.0071912458)
(-0.0052037297 -0.0066500538 0.0012625652)
(-0.0026274145 -0.0065627433 0.005365173)
(0.021989856 -0.019873414 -0.0072154754)
(0.02659857 -0.015679451 -0.0010087984)
(0.025736434 -0.018320604 0.0047545026)
(0.052117994 -0.03258212 -0.0081438171)
(0.056763835 -0.038633093 -0.00079739618)
(0.058132091 -0.039368094 0.005767001)
(0.10088529 -0.0506822 -0.0081559949)
(0.10466631 -0.049595414 -0.0018563821)
(0.10696832 -0.05269112 0.0044552949)
(0.15910528 -0.067378417 -0.0059684775)
(0.16469148 -0.072474734 0.00028966393)
(0.16740695 -0.073949623 0.0055889159)
(0.22996931 -0.088748234 -0.005427883)
(0.23475474 -0.092254668 -0.00019881343)
(0.23843413 -0.096227433 0.0053489739)
(0.31132366 -0.11306397 -0.0026903735)
(0.31710607 -0.11767139 0.0031114133)
(0.32026934 -0.12141547 0.0073248021)
(0.40205104 -0.13890914 -0.00024227011)
(0.40727843 -0.1449403 0.0041704368)
(0.41154459 -0.14958435 0.0085583435)
(0.50238745 -0.16960593 0.0027847454)
(0.50820611 -0.17562247 0.0071347854)
(0.51232629 -0.18099522 0.010970981)
(0.61057109 -0.20234948 0.0062045267)
(0.61605592 -0.2093343 0.010056836)
(0.62040525 -0.21580028 0.0137089)
(0.72627616 -0.23841225 0.0099873742)
(0.73196826 -0.24654329 0.01352562)
(0.7365696 -0.25315101 0.016592792)
(0.84892027 -0.27803353 0.014462974)
(0.85445231 -0.28619703 0.017435196)
(0.85885111 -0.29395288 0.020158049)
(0.97729238 -0.31980904 0.018839563)
(0.98257169 -0.32894465 0.021466852)
(0.98725314 -0.33714374 0.024082491)
(1.1111604 -0.36476076 0.023937161)
(1.1164477 -0.37409411 0.026300658)
(1.1210658 -0.38301924 0.028256128)
(1.2495987 -0.41179767 0.029180715)
(1.2546676 -0.42171449 0.031084037)
(1.2593778 -0.43114506 0.032831523)
(1.3921269 -0.46098308 0.034777393)
(1.3971239 -0.47131481 0.036337931)
(1.4017053 -0.48109717 0.037760034)
(1.5380238 -0.51205668 0.040537551)
(1.5429069 -0.52252376 0.041883795)
(1.5475673 -0.5329167 0.042923691)
(1.6868672 -0.56429607 0.046519878)
(1.6917055 -0.57545831 0.047481012)
(1.6962719 -0.58591425 0.048292671)
(1.8380898 -0.61814656 0.052764086)
(1.8428022 -0.62910697 0.053400229)
(1.8473282 -0.63998077 0.053948446)
(1.9909981 -0.67235251 0.058993161)
(1.9959102 -0.68381601 0.05933266)
(2.0003199 -0.69490721 0.059742434)
(2.1455769 -0.72726996 0.065315032)
(2.1502888 -0.73888182 0.06550678)
(2.154641 -0.75002456 0.065683884)
(2.301124 -0.78264425 0.071829101)
(2.3057348 -0.79426408 0.071710556)
(2.3102807 -0.80548249 0.071662405)
(2.4572258 -0.83787107 0.0781948)
(2.4618632 -0.84932505 0.077959157)
(2.4662427 -0.86088599 0.07755895)
)
;

boundaryField
{
    free
    {
        type            calculated;
    }
    bottom
    {
        type            calculated;
    }
    traction
    {
        type            calculated;
    }
}


// ************************************************************************* //
