/*--------------------------------*- C++ -*----------------------------------*\
  =========                 |
  \\      /  F ield         | OpenFOAM: The Open Source CFD Toolbox
   \\    /   O peration     | Website:  https://openfoam.org
    \\  /    A nd           | Version:  6
     \\/     M anipulation  |
\*---------------------------------------------------------------------------*/
FoamFile
{
    version     2.0;
    format      ascii;
    class       pointScalarField;
    location    "4.20003380168533091";
    object      p;
}
// * * * * * * * * * * * * * * * * * * * * * * * * * * * * * * * * * * * * * //

dimensions      [1 -1 -2 0 0 0 0];

internalField   nonuniform List<scalar> 
625
(
893438.6
-1359913.2
10130.441
13884.212
1665050.9
-2582075.4
10004.798
-422.17718
666606.11
-101117.36
-92372.396
-12474.646
4004.7894
7874.8005
358817.43
386131.72
388473.87
369362.8
330841.47
322249.66
285562.43
262445.54
245412.47
220351.75
201724.81
175381.56
159516.18
140729.88
123462.34
109571.23
95616.767
80894.105
69186.817
57950.772
45142.051
34082.545
25151.963
-462944.8
-364937.66
-409445.94
-344804.81
-321312.82
-318258.39
-271306.84
-264247.19
-239714.15
-218494.12
-201702.11
-176012.65
-161170.05
-139521.16
-123740.86
-105863.06
-88312.24
-76226.297
-59277.022
-49024.717
-38114.334
-21126.235
-8456.3797
911357.79
-128683.48
-254964.33
-469394.29
-556083.67
-394602
-366856.43
-415398.8
-290486.95
-329553.71
-286036.65
-250051.42
-228373.66
-203073.22
-181622.49
-162030.58
-139768.18
-121333.34
-105096.08
-88975.855
-74031.104
-60908.218
-47238.909
-33201.56
-22673.834
-6888.2344
12621.891
160.43439
-3169.4592
25621.495
30388.974
49345.493
62342.647
81855.029
100330.95
118687.75
140816.16
158324.88
181904.04
207511.06
230725.87
247346.38
275071.76
297336.54
322975.78
348268.35
358689.78
427773.78
385141.71
486801.06
430029.74
458075.15
932350.81
967426.61
889928.62
-1234325.9
-1649067.7
-1641833.1
18216.568
16792.223
18989.11
-3083.2404
2981.0061
-2922.4235
205097.04
249502.71
236054.61
212182.22
199046.04
186175.51
166989.07
155113.98
141704.11
123972.55
109584.19
102015.02
90996.566
80123.419
71858.661
62276.309
53543.93
47503.772
36829.352
30067.8
22564.993
14907.6
15043.949
-78609.532
-61693.649
-70213.775
-37579.579
-54632.432
-36440.586
-44368.961
-37574.894
-35006.037
-33336.852
-28401.6
-25265.521
-23839.863
-19527.17
-16191.466
-12970.159
-7983.3161
-5187.8938
-346.29641
4262.3982
5549.5323
7652.0391
6866.2321
-318681.95
-216770.16
-248412.13
-203689.85
-228659.31
-190954.81
-192870.19
-168916.57
-155091.67
-143236.36
-129927.39
-117309.04
-104838.49
-91359.861
-79554.63
-66757.504
-56972.149
-44152.076
-32814.631
-25321.019
-15294.01
-10349.12
1089.3722
530346.11
561157.1
651667.58
-25490.38
-35538.762
-110773.77
-290495.02
-121243.13
-90243.752
-726930.88
-723763.79
-692548.25
-529999.04
-536336.97
-564371.22
-437428.72
-423287.64
-450069.19
-370647.58
-356167.37
-362166.98
-354934.72
-342550.34
-360599.86
-319195.79
-300788.15
-303420.86
-303907.81
-284994.79
-274400
-276134.74
-250596.22
-259444.97
-252178.61
-232216.76
-234723.03
-228269.55
-208429.78
-211518.2
-205033.79
-188400.98
-190889.12
-188680.58
-165807.63
-164738.44
-163540.57
-148842.06
-149261.82
-148285.53
-129405.94
-132136.03
-127100.79
-112299.87
-114069.79
-109878.07
-96499.137
-97904.021
-93112.998
-81115.908
-82305.188
-73089.678
-67157.812
-67758.535
-59258.143
-54658.373
-53945.249
-44469.654
-42323.863
-41002.958
-29728.43
-29103.241
-26704.706
-17773.406
-18593.478
-18735.423
-9395.8609
-6475.3262
-6222.6606
-12900.014
-15760.854
-17264.892
8160.4252
2377.898
2796.5356
12157.846
13211.542
12314.063
465342.29
448132.36
494981.61
488570.31
401721.66
467740.38
450195.44
411087.5
453617.42
405832.17
366068.28
413163.73
385619.54
360141.98
383307.51
350318.2
321809.24
353115.83
327167.02
304061.52
330982.05
300357.41
275211.97
304855.68
274846.28
253751.58
280881.82
245723.22
234296.78
258908.61
220556.6
214400.66
234574.52
203896.5
191886.95
202558.57
180559.22
171476.8
188303.8
161841.32
152824.05
170013.33
142458.23
135151.93
148549.93
124868.38
117291.48
129994.23
104648.71
101112.92
112371.26
88650.688
87093.354
93994.79
73565.523
71046.409
77126.784
58188.052
56555.158
61319.785
43620.643
44026.821
45777.88
31351.155
32984.032
31205.232
26350.137
29098.537
28601.57
218397.63
289456.45
228156.45
254817.66
232860.94
225141.76
215285.76
196316.65
182363.79
165722.86
149599.52
141462.48
129847.24
111236.98
101691.19
87175.938
74821.215
63688.415
52029.902
42784.546
29220.987
23039.267
12184.205
-57975.596
33040.689
17179.104
42784.862
55881.157
49302.848
49498.497
51305.434
49309.243
46332.719
46528.314
45438.133
37061.577
38211.257
34180.588
30122.408
27183.634
24158.711
20100.241
16157.266
13757.672
10276.096
10210.302
-203445.72
-123388.31
-245438.84
-169465.99
-185062.35
-182671.82
-153577.38
-140036.78
-128763.27
-113512.21
-100363.9
-93040.108
-78978.116
-69796.825
-60843.049
-52293.655
-45218.285
-37676.829
-31376.959
-26147.315
-18858.026
-9262.1528
-9243.8203
324497.16
362905.39
327721.66
240189.88
329985.32
288754.97
203033.56
234200.71
255677.88
186359
245541.05
223422.46
185563.45
199000.35
211744.37
168953.52
196574.7
207111.69
146863.97
179470.82
185692.46
144988.29
167156.05
174941.21
122462.79
154859.37
161010.75
117254.67
139483.16
151384.76
109294.51
132081.69
132172.04
94814.812
110643.12
126869.23
85725.478
103811.8
113720.19
76105.925
93315.57
100010.66
68040.225
80877.418
88157.911
59424.941
70413.33
79510.983
51676.664
62842.172
66668.61
48135.31
50857.037
56967.432
37064.594
43216.112
46001.727
32929.503
35801.223
36533.513
23823.091
25664.73
27950.664
19293.922
19029.703
17813.666
265.22476
6538.6068
7595.0014
-82368.995
-99367.275
-49418.59
-12302.713
2176.4056
-9417.1021
-10266.187
-12863.965
-9537.5648
-17001.861
6687.7173
-23058.616
3356.8746
6717.4858
7353.7152
-14872.269
16563.032
-2042.9571
3231.7109
16007.07
5340.3158
-4849.087
18098.02
4773.5978
114.01289
15944.819
9942.6689
-624.44526
22244.774
9115.5313
3689.9342
15521.832
9861.2044
1636.4735
15996.066
13641.692
2465.1215
18547.315
12932.692
4026.8777
16837.131
13021.624
3771.0519
16878.169
12937.406
5300.2467
16004.193
13117.928
5579.2709
15902.315
11678.744
6034.2526
13548.951
10453.835
6252.219
11235.258
11553.91
5989.7543
11473.093
10359.646
7118.2067
9417.1577
8848.8423
8279.3329
10218.876
7567.8825
10348.385
10857.965
9973.9109
-261904.92
-325106.86
-262317.99
-237331.96
-177275.64
-216387.53
-202657.46
-284885.76
-237357.41
-250414.34
-201089.35
-235428.55
-196498.36
-226928.89
-201707.02
-187533.82
-195395.14
-197298.48
-176049.79
-186195.84
-182612.82
-156844.95
-174552.41
-163054.69
-148884.56
-154384.65
-147777.36
-134380.71
-141576.61
-134619.16
-119297.13
-128274.91
-118927.07
-109272.96
-113646.93
-106234.25
-93389.824
-103753.42
-92726.425
-84181.012
-89223.352
-81581.755
-71799.842
-78621.864
-71623.827
-62634.568
-66893.779
-61356.749
-50984.189
-56626.114
-52114.057
-43193.961
-46960.981
-43329.611
-34528.674
-36352.752
-33782.928
-26107.45
-27274.254
-26097.273
-20431.85
-19303.92
-20203.743
-6918.5508
-9974.0409
-9404.9253
-3088.0766
-5552.9992
-3815.5356
)
;

boundaryField
{
    free
    {
        type            calculated;
    }
    bottom
    {
        type            calculated;
    }
    traction
    {
        type            calculated;
    }
}


// ************************************************************************* //
