/*--------------------------------*- C++ -*----------------------------------*\
  =========                 |
  \\      /  F ield         | OpenFOAM: The Open Source CFD Toolbox
   \\    /   O peration     | Website:  https://openfoam.org
    \\  /    A nd           | Version:  6
     \\/     M anipulation  |
\*---------------------------------------------------------------------------*/
FoamFile
{
    version     2.0;
    format      ascii;
    class       pointVectorField;
    location    "4.20003380168533091";
    object      u;
}
// * * * * * * * * * * * * * * * * * * * * * * * * * * * * * * * * * * * * * //

dimensions      [0 1 0 0 0 0 0];

internalField   nonuniform List<vector> 
625
(
(0 0 0)
(0 0 0)
(2.1297742 -0.19265926 -0.06843934)
(2.0029832 -0.67905329 -0.087140576)
(0 0 0)
(0 0 0)
(2.0303766 -0.66883279 -0.088566532)
(2.1568846 -0.18277944 -0.069201401)
(0 0 0)
(0 0 0)
(0 0 0)
(2.0974345 -0.31494585 -0.073983585)
(2.0656602 -0.43533678 -0.077858514)
(2.0346549 -0.55628343 -0.082717548)
(0.00521825 0.020954388 0.019882229)
(0.021021161 0.043073185 0.021223282)
(0.050507086 0.063796852 0.022100904)
(0.091714651 0.081860353 0.021339666)
(0.1426784 0.096224228 0.020223833)
(0.20440457 0.10790418 0.018696069)
(0.27363971 0.11506778 0.016633123)
(0.35103307 0.119181 0.014348348)
(0.43542208 0.11926731 0.011639312)
(0.52574954 0.11579067 0.0083335042)
(0.62169464 0.10919528 0.0047835895)
(0.72240938 0.098975156 0.00039672409)
(0.82737854 0.086093928 -0.0039920261)
(0.93599662 0.070172807 -0.0089556093)
(1.0477759 0.051864192 -0.014186082)
(1.1623256 0.030976429 -0.019768264)
(1.2790545 0.0083633513 -0.025540121)
(1.397725 -0.016358378 -0.031475012)
(1.5179817 -0.042890006 -0.037658013)
(1.6391618 -0.070591806 -0.043757001)
(1.7613729 -0.099700015 -0.049976721)
(1.8839632 -0.12943592 -0.056135112)
(2.0064673 -0.16054896 -0.061932524)
(-0.0035623335 -0.018951337 -0.025725488)
(0.014538428 -0.037896333 -0.021984754)
(0.038626514 -0.061742644 -0.025728787)
(0.07544286 -0.084272 -0.02374524)
(0.11920241 -0.10634371 -0.024444478)
(0.17412873 -0.13135457 -0.024405596)
(0.23444582 -0.15479881 -0.025362397)
(0.3042479 -0.18057767 -0.025896966)
(0.37961074 -0.20717564 -0.027691119)
(0.46177856 -0.23403578 -0.029255707)
(0.54944606 -0.26267092 -0.031632844)
(0.64242646 -0.29174979 -0.034066773)
(0.74003018 -0.32193852 -0.037175081)
(0.8417717 -0.35276015 -0.040592862)
(0.94737794 -0.38433768 -0.044389398)
(1.0561967 -0.41638161 -0.048531014)
(1.1681147 -0.44899971 -0.052877149)
(1.282293 -0.48187665 -0.057710455)
(1.3990305 -0.51497218 -0.062319227)
(1.5172159 -0.5480413 -0.067355124)
(1.6371636 -0.58124337 -0.072242948)
(1.7581783 -0.61404733 -0.077387728)
(1.8801032 -0.64662859 -0.08252195)
(0 0 0)
(0 0 0)
(0 0 0)
(0.0040711358 -0.011391509 0.017325421)
(0.019381158 -0.046270309 0.019550068)
(0.046757784 -0.058124556 0.014974936)
(0.083663826 -0.082636958 0.011320125)
(0.13145952 -0.1077561 0.010363251)
(0.18579938 -0.12707411 0.0050077878)
(0.2488927 -0.15370912 0.0035156157)
(0.31919162 -0.17714697 -0.00061402675)
(0.39619118 -0.20277259 -0.0042782981)
(0.47960291 -0.22930696 -0.0083067273)
(0.56854162 -0.25673455 -0.012798837)
(0.6626072 -0.28503457 -0.017191874)
(0.76131519 -0.31441641 -0.022347113)
(0.86420966 -0.34449621 -0.027614858)
(0.97069547 -0.37536909 -0.033172642)
(1.0804478 -0.40699678 -0.038928905)
(1.1930294 -0.43908567 -0.04492984)
(1.308036 -0.47169154 -0.051038279)
(1.4250833 -0.5045967 -0.057228441)
(1.5439253 -0.53766209 -0.063525697)
(1.6640387 -0.57085441 -0.069779167)
(1.7854736 -0.60370578 -0.076028176)
(1.9072511 -0.636577 -0.082146038)
(2.0621831 -0.54621706 -0.083786811)
(2.0927201 -0.42532201 -0.078589986)
(2.1244243 -0.30534263 -0.073267325)
(2.0338172 -0.15061577 -0.064694702)
(1.9107725 -0.11960781 -0.059540238)
(1.7882446 -0.089905066 -0.054473308)
(1.6657984 -0.060701222 -0.049646872)
(1.5442502 -0.03316419 -0.044746945)
(1.4237216 -0.0071037444 -0.040096941)
(1.3046037 0.017166054 -0.035505725)
(1.1872543 0.039486557 -0.031280747)
(1.0720137 0.059532143 -0.027260407)
(0.95945161 0.077244516 -0.023638053)
(0.84986605 0.092231549 -0.020450591)
(0.74374715 0.10454078 -0.01793182)
(0.64205557 0.11364604 -0.015322398)
(0.54481468 0.11951475 -0.013714717)
(0.45304787 0.12219553 -0.012518664)
(0.36732289 0.12121192 -0.011792245)
(0.28845999 0.1170991 -0.011856395)
(0.21690853 0.10876585 -0.011730451)
(0.15512639 0.097329149 -0.012969612)
(0.10091328 0.081449468 -0.013146167)
(0.058337432 0.064622726 -0.016014441)
(0.026034908 0.042497252 -0.016305641)
(0.013516011 0.021070122 -0.01301432)
(0 0 0)
(0 0 0)
(0 0 0)
(0 0 0)
(0 0 0)
(0 0 0)
(2.0096492 -0.67678866 -0.08782524)
(2.0166482 -0.67444509 -0.087672576)
(2.0232431 -0.67195303 -0.088174844)
(2.1371624 -0.18982866 -0.068620478)
(2.1438211 -0.18750242 -0.068884331)
(2.150739 -0.18482231 -0.069156084)
(-0.0042032665 0.012179282 0.013866546)
(0.012720817 0.023548391 0.010853871)
(0.040574985 0.033819003 0.011395427)
(0.080728553 0.041604717 0.010473654)
(0.13068383 0.047051779 0.0094697622)
(0.19061731 0.049744341 0.0081113305)
(0.25849143 0.048976917 0.0064512793)
(0.33436542 0.045696431 0.0043682118)
(0.41686251 0.038945213 0.0018286591)
(0.50550694 0.029655366 -0.0010796388)
(0.59969601 0.017421466 -0.0044639462)
(0.6990151 0.0023425237 -0.0082412178)
(0.80243078 -0.014999585 -0.012424477)
(0.9096982 -0.034804062 -0.01702177)
(1.0202299 -0.0565939 -0.021873028)
(1.1336498 -0.0803699 -0.02713551)
(1.2493982 -0.10570875 -0.032499198)
(1.3673188 -0.13253602 -0.038235259)
(1.4869337 -0.16085492 -0.043994214)
(1.6075723 -0.19005943 -0.049769839)
(1.7294924 -0.22020747 -0.055791301)
(1.8517793 -0.25097654 -0.061680226)
(1.9745045 -0.2830324 -0.067490795)
(-0.0088108233 0.0023481402 -0.00046221366)
(0.0091192892 0.0017469368 -0.0018840811)
(0.036068266 0.0025456566 -0.0011849693)
(0.074507229 0.00078834161 -0.0017198721)
(0.12365295 -0.0038056599 -0.0022315791)
(0.18156458 -0.0095665754 -0.0030951487)
(0.24757306 -0.018089806 -0.0044665812)
(0.32150174 -0.028859951 -0.0061709904)
(0.40183655 -0.041872867 -0.0082927644)
(0.48887621 -0.057372926 -0.010641032)
(0.58099894 -0.074826276 -0.01388137)
(0.67841038 -0.094771558 -0.017020101)
(0.78004693 -0.11639168 -0.020895613)
(0.88573601 -0.13986331 -0.02500692)
(0.99477907 -0.16498926 -0.029498395)
(1.1068518 -0.19153658 -0.034366698)
(1.2215315 -0.21940941 -0.039306263)
(1.3383612 -0.24821319 -0.044761353)
(1.4569047 -0.27810188 -0.049984119)
(1.5769319 -0.30865599 -0.055520925)
(1.6983506 -0.33990915 -0.061242654)
(1.8203867 -0.37165762 -0.06666611)
(1.9434056 -0.40361493 -0.072407787)
(-0.010215139 -0.0086502352 -0.010265277)
(0.0082817053 -0.01669318 -0.010182801)
(0.033103173 -0.026373331 -0.011715567)
(0.071901858 -0.038365135 -0.011688168)
(0.11873935 -0.05250908 -0.012510419)
(0.17472281 -0.066385656 -0.01322015)
(0.23922674 -0.083714932 -0.014347867)
(0.31063397 -0.10141738 -0.01572997)
(0.3893051 -0.12137848 -0.017526712)
(0.47375972 -0.14308146 -0.019740291)
(0.5641504 -0.16594031 -0.022464594)
(0.65953627 -0.19082989 -0.025404434)
(0.7593213 -0.21676614 -0.028944085)
(0.86326877 -0.24417016 -0.032716556)
(0.9706656 -0.27264905 -0.036926823)
(1.0813387 -0.30220861 -0.041395317)
(1.1945573 -0.33249802 -0.04617313)
(1.3103443 -0.36351194 -0.051139817)
(1.4280181 -0.39516479 -0.056261785)
(1.5474984 -0.42716254 -0.061628667)
(1.6681646 -0.4596163 -0.066894481)
(1.7897811 -0.49184857 -0.07223422)
(1.9121491 -0.52424125 -0.077552938)
(0 0 0)
(0 0 0)
(0 0 0)
(0 0 0)
(0 0 0)
(0 0 0)
(0 0 0)
(0 0 0)
(0 0 0)
(0.0068959838 -0.0070969465 -0.010656651)
(0.0094803167 -0.0098755168 -0.0035396525)
(0.0092302128 -0.0080266528 0.0056599159)
(0.025668687 -0.043237716 -0.012831571)
(0.027292434 -0.044322557 -0.0035025743)
(0.028233794 -0.043395588 0.0089475005)
(0.049023737 -0.061556711 -0.014589169)
(0.053204794 -0.060000714 -0.0048662993)
(0.054106159 -0.062213567 0.0068229484)
(0.084679454 -0.085504814 -0.013810181)
(0.088996213 -0.08654628 -0.0055355878)
(0.088311935 -0.084298509 0.0038406224)
(0.12995335 -0.10924406 -0.01535609)
(0.13349295 -0.10847259 -0.0079756908)
(0.13554445 -0.10998891 0.0023137062)
(0.18233423 -0.13215853 -0.016390312)
(0.18762512 -0.13213695 -0.0082340008)
(0.18899295 -0.13097692 -0.00099688839)
(0.2442745 -0.15685539 -0.017209301)
(0.24896545 -0.15719112 -0.011313587)
(0.250602 -0.15507473 -0.002649767)
(0.31283775 -0.1821583 -0.019260082)
(0.31775609 -0.18063885 -0.012987177)
(0.32048954 -0.18099825 -0.0059211841)
(0.38835276 -0.20781245 -0.021051784)
(0.39375189 -0.20778443 -0.01562181)
(0.39654824 -0.20614877 -0.0091530161)
(0.4703621 -0.23509221 -0.023472845)
(0.47571452 -0.23400544 -0.018548935)
(0.47909734 -0.23274186 -0.012631983)
(0.55773756 -0.26287413 -0.026411455)
(0.56362423 -0.26199278 -0.02166495)
(0.56735808 -0.26039573 -0.016694719)
(0.65078219 -0.29222252 -0.029368844)
(0.65657053 -0.29037162 -0.025717379)
(0.6607416 -0.28859903 -0.020612472)
(0.74817362 -0.32149799 -0.033041629)
(0.75419569 -0.32004673 -0.029338891)
(0.75864392 -0.3183074 -0.025364642)
(0.84991589 -0.35234047 -0.036866016)
(0.85606955 -0.35050883 -0.033846286)
(0.86098789 -0.34837592 -0.030262691)
(0.95535139 -0.3834189 -0.041223578)
(0.9617025 -0.38145655 -0.038528871)
(0.96687569 -0.37920516 -0.035426597)
(1.064156 -0.41531917 -0.045770608)
(1.0706128 -0.41315424 -0.043491324)
(1.0761147 -0.41082111 -0.040864267)
(1.1758309 -0.44754093 -0.050650272)
(1.1824417 -0.44530903 -0.048756069)
(1.1881805 -0.44289335 -0.046532126)
(1.2900977 -0.48004408 -0.055750184)
(1.2967773 -0.47791893 -0.054157941)
(1.3027745 -0.4753688 -0.052344006)
(1.4064422 -0.51314709 -0.06083012)
(1.4132895 -0.51070769 -0.059679333)
(1.4194231 -0.50815623 -0.058247695)
(1.5247426 -0.54593383 -0.066275205)
(1.5315607 -0.5436582 -0.065342923)
(1.5378879 -0.54109499 -0.064281557)
(1.6444419 -0.57907232 -0.071597794)
(1.6512828 -0.57665379 -0.070909859)
(1.6577895 -0.57399249 -0.070264375)
(1.7653616 -0.61175784 -0.077036089)
(1.7722455 -0.60938804 -0.076662789)
(1.7788347 -0.60693619 -0.07634119)
(1.8870244 -0.644517 -0.082428278)
(1.8938521 -0.64197798 -0.082369447)
(1.9006657 -0.63942153 -0.082223181)
(2.1048655 -0.31227841 -0.073469615)
(2.1115946 -0.3097374 -0.073546534)
(2.1183697 -0.30729887 -0.073544552)
(2.0723391 -0.43286734 -0.077969498)
(2.0795016 -0.43047323 -0.078301667)
(2.0859109 -0.42793975 -0.078535137)
(2.0415634 -0.55415204 -0.083003773)
(2.0486018 -0.55174493 -0.083200434)
(2.0551993 -0.54899186 -0.083352798)
(0.014591267 0.017678321 0.010729534)
(0.016252555 0.018800026 0.0034159088)
(0.018054644 0.019709235 -0.0034217659)
(0.031168522 0.040400736 0.011082912)
(0.032499285 0.041618396 0.0030686686)
(0.033477298 0.041519991 -0.0082238121)
(0.060745851 0.062317907 0.012943863)
(0.063099086 0.0633413 0.0033580561)
(0.065064068 0.064510674 -0.006342614)
(0.10075157 0.07999763 0.012174686)
(0.1050562 0.080343679 0.003712604)
(0.10611532 0.080967262 -0.0058047085)
(0.15301911 0.095200528 0.01169685)
(0.15672363 0.095931763 0.0038864987)
(0.15849437 0.09752919 -0.0048873712)
(0.21327913 0.10680185 0.010823926)
(0.21797779 0.10651676 0.0035747036)
(0.22066409 0.10758241 -0.0047804823)
(0.28326858 0.11400122 0.0093758525)
(0.28799507 0.11474984 0.0028706569)
(0.29071072 0.11564343 -0.0052153177)
(0.36044456 0.11791883 0.0075792881)
(0.36522398 0.11868572 0.0014679452)
(0.36872911 0.11996834 -0.0057834784)
(0.44451778 0.11841338 0.0054269422)
(0.44988046 0.11935015 -0.00031538168)
(0.45365296 0.12056679 -0.0068883821)
(0.53483379 0.11523362 0.0027404397)
(0.54043847 0.11626671 -0.0025325164)
(0.54451914 0.11772259 -0.0085963008)
(0.63049486 0.10908883 -0.0002353572)
(0.63662471 0.11004944 -0.0054483787)
(0.64105908 0.11142856 -0.010545982)
(0.73140703 0.099132393 -0.004211206)
(0.73729857 0.10038336 -0.0080309376)
(0.74201927 0.10220806 -0.013782757)
(0.83613321 0.086392709 -0.0081726422)
(0.84231004 0.087897575 -0.012226906)
(0.84745278 0.09005388 -0.016609412)
(0.94470026 0.070929149 -0.012748601)
(0.95103188 0.072622967 -0.016090786)
(0.95648148 0.074614348 -0.020211204)
(1.0563657 0.05284464 -0.017499099)
(1.0628607 0.054702655 -0.020617422)
(1.0684694 0.056866633 -0.024236883)
(1.1707906 0.032422333 -0.022765383)
(1.1773227 0.034382294 -0.025405221)
(1.1832063 0.036698601 -0.02860382)
(1.2874035 0.0098240951 -0.028072327)
(1.2940305 0.012061237 -0.030431617)
(1.3001242 0.014352629 -0.033201988)
(1.4057829 -0.014569894 -0.033763182)
(1.4126592 -0.012414193 -0.035748417)
(1.4188085 -0.0099490707 -0.038153258)
(1.5259233 -0.040725625 -0.039529669)
(1.532635 -0.038445218 -0.041163654)
(1.5389745 -0.035914034 -0.043132819)
(1.6469196 -0.068360259 -0.045337555)
(1.6538005 -0.065882107 -0.046715281)
(1.6602089 -0.063458399 -0.048363453)
(1.769014 -0.097133669 -0.051268378)
(1.7757953 -0.094967372 -0.052390495)
(1.7822398 -0.092287092 -0.053469686)
(1.8912184 -0.12727283 -0.057114584)
(1.8981198 -0.12474971 -0.057834911)
(1.9047352 -0.12216039 -0.058716619)
(2.0142354 -0.15777394 -0.062672359)
(2.0208367 -0.1554976 -0.063386527)
(2.0276767 -0.15301059 -0.063846122)
(0.00090658324 0.0065062796 -0.0086996208)
(0.018712622 0.027119103 -0.0096913367)
(0.047471601 0.031861416 -0.0068694073)
(0.09036562 0.042029937 -0.0077973581)
(0.142038 0.047372554 -0.0075424617)
(0.20339556 0.050144104 -0.0072177792)
(0.27288721 0.050514126 -0.0081596717)
(0.35002054 0.047527807 -0.0090638997)
(0.43408612 0.041806951 -0.010545808)
(0.52402451 0.033168291 -0.012384244)
(0.61973916 0.021927476 -0.01494239)
(0.71987393 0.0079610155 -0.017618499)
(0.82433249 -0.0087864481 -0.021070103)
(0.93266597 -0.027743759 -0.024591571)
(1.0440429 -0.048701714 -0.028811119)
(1.1581813 -0.071832453 -0.033135293)
(1.2746244 -0.096714991 -0.03782727)
(1.3929848 -0.1231821 -0.042740522)
(1.5128746 -0.15105276 -0.047785167)
(1.6339899 -0.18024919 -0.053009761)
(1.7560179 -0.21037133 -0.058230031)
(1.8784902 -0.24130139 -0.063449902)
(2.0015327 -0.27322007 -0.06857502)
(-0.0063590587 0.0042075375 0.00057322284)
(0.013816943 0.005906035 -8.9685203e-05)
(0.042909425 0.0023372762 -0.00010053902)
(0.085315841 0.0020418137 -0.001181293)
(0.13442931 -0.0017757437 -0.0023024431)
(0.19492782 -0.0079162172 -0.0031515985)
(0.26198544 -0.01547062 -0.0047022238)
(0.33750299 -0.025651647 -0.0065166932)
(0.41933052 -0.037993111 -0.0087812508)
(0.50752388 -0.052499363 -0.011359709)
(0.60101456 -0.069455991 -0.014443328)
(0.69952471 -0.088120339 -0.01790351)
(0.80221047 -0.10926627 -0.021616086)
(0.90898824 -0.13179507 -0.025938952)
(1.0188572 -0.15630215 -0.030477063)
(1.1317638 -0.18234971 -0.035290112)
(1.2470299 -0.20967601 -0.040394979)
(1.3644448 -0.2382972 -0.045693033)
(1.4835052 -0.26796047 -0.051082215)
(1.6039607 -0.29850735 -0.056662729)
(1.7256034 -0.32961266 -0.062102718)
(1.8476085 -0.3614105 -0.067773075)
(1.9710299 -0.39377454 -0.073331666)
(-0.0082937492 -0.0068970772 0.0081442544)
(0.015193124 -0.010706101 0.0059041727)
(0.042514366 -0.028666183 0.0095466331)
(0.081387198 -0.033265576 0.0046091024)
(0.13066491 -0.049841005 0.0047028757)
(0.18861101 -0.064085015 0.002008176)
(0.25367673 -0.079319691 -0.00022378534)
(0.32717036 -0.097293966 -0.0029642299)
(0.40683235 -0.11647647 -0.0059054808)
(0.49273878 -0.13723491 -0.009276553)
(0.58428068 -0.15958 -0.013117878)
(0.68055376 -0.18363619 -0.017041905)
(0.78159836 -0.20872745 -0.021640416)
(0.88646999 -0.2356153 -0.026378091)
(0.99473356 -0.2634396 -0.031446489)
(1.1061632 -0.2924581 -0.036798811)
(1.2201713 -0.32245141 -0.042344899)
(1.3364199 -0.35323552 -0.048084974)
(1.4545552 -0.38472528 -0.053919743)
(1.5742652 -0.41669286 -0.059828627)
(1.6951149 -0.44897522 -0.065744955)
(1.8170213 -0.48157022 -0.071841037)
(1.9393841 -0.51387167 -0.07753754)
(0.0028959466 0.0057558274 0.0064895202)
(0.0032099704 0.0067324726 0.0027078359)
(0.0052667712 0.0066158636 -0.0018925535)
(0.021708275 0.023207693 0.0054121618)
(0.024972484 0.023647036 0.0002717775)
(0.024761689 0.023465089 -0.0059554562)
(0.050274111 0.032223582 0.0056977962)
(0.052596777 0.031377419 0.0011041971)
(0.054186851 0.03258638 -0.0033679425)
(0.090023601 0.040274251 0.0050807158)
(0.094799646 0.0415914 0.00074727576)
(0.09506894 0.040871495 -0.0037107509)
(0.14067207 0.0461047 0.0043724084)
(0.14441093 0.045891619 0.00043088399)
(0.14641828 0.046154655 -0.0031752045)
(0.19995155 0.048077877 0.0033741864)
(0.20455074 0.048919476 5.1314355e-06)
(0.20677349 0.049204094 -0.0044128572)
(0.26789101 0.047868132 0.0023117448)
(0.27304204 0.048588887 -0.0015482882)
(0.27523202 0.048842206 -0.0046884423)
(0.34348684 0.044682983 0.00029051742)
(0.34850815 0.045352751 -0.0026717071)
(0.3514742 0.045979702 -0.006113755)
(0.42592523 0.038153031 -0.0016748061)
(0.43135236 0.03924348 -0.0046511695)
(0.4347681 0.039923628 -0.0077102977)
(0.51450012 0.029302397 -0.0044274008)
(0.520179 0.030153307 -0.0070615187)
(0.52384075 0.031014496 -0.0097978415)
(0.60871197 0.017106104 -0.0075146263)
(0.61455001 0.018229446 -0.0097562602)
(0.61872204 0.019679661 -0.012299965)
(0.7077083 0.0024968521 -0.010904816)
(0.71388617 0.0039445551 -0.013215183)
(0.71827315 0.0053144861 -0.015560263)
(0.81108426 -0.014601188 -0.014866703)
(0.81722275 -0.012991815 -0.016902955)
(0.82210221 -0.011271671 -0.018943865)
(0.9181983 -0.034013667 -0.019157672)
(0.92462772 -0.032147326 -0.020911654)
(0.92974458 -0.030487224 -0.022882913)
(1.0286516 -0.0554831 -0.023839106)
(1.0351332 -0.053621733 -0.025446941)
(1.0405587 -0.051551747 -0.027130148)
(1.1419098 -0.078950901 -0.028767473)
(1.1485601 -0.076790865 -0.030223968)
(1.154209 -0.074708361 -0.031722708)
(1.2576564 -0.10400426 -0.034145184)
(1.2642571 -0.10186447 -0.035263586)
(1.2701805 -0.099616144 -0.036603189)
(1.3751926 -0.13064108 -0.039424487)
(1.3820812 -0.12849239 -0.040560979)
(1.3881149 -0.12607266 -0.041664661)
(1.4946335 -0.15870805 -0.045041883)
(1.501448 -0.15627194 -0.04594916)
(1.5076504 -0.15386004 -0.046922316)
(1.6151742 -0.18767953 -0.050761538)
(1.6220371 -0.18540115 -0.051447713)
(1.6283973 -0.18293553 -0.052301138)
(1.7368769 -0.21775911 -0.0565521)
(1.743748 -0.21549137 -0.057033637)
(1.7502238 -0.21293772 -0.057654861)
(1.8590448 -0.24866127 -0.062244354)
(1.8658917 -0.24615359 -0.062411529)
(1.8724236 -0.24363721 -0.063076854)
(1.9816859 -0.28031828 -0.067815757)
(1.9884751 -0.27787775 -0.068029004)
(1.9952338 -0.27546786 -0.068219844)
(-0.0025839909 0.00085080051 -0.00094959297)
(-0.0012487003 0.0028372473 -0.00083291941)
(0.00036597225 0.0021336089 0.00082884151)
(0.016968264 0.0025419205 -0.0027943484)
(0.019958569 0.003079246 -0.0018281765)
(0.019810988 0.002613825 -0.0014537208)
(0.045158064 0.0013547735 -0.0022365599)
(0.048689013 0.0014936184 -2.8237009e-05)
(0.04900719 0.0024346616 -0.00060360898)
(0.083834797 -0.00067562187 -0.0027174343)
(0.088760714 -0.00038889934 -0.0016436088)
(0.088635524 -0.0011379349 -0.0018671844)
(0.13294143 -0.0045179668 -0.0031302633)
(0.13736275 -0.0047939894 -0.0014391214)
(0.13813632 -0.003552331 -0.0027779622)
(0.19022516 -0.010702562 -0.0039658773)
(0.19581479 -0.010634057 -0.0029710332)
(0.1967655 -0.010213287 -0.0035257464)
(0.25663741 -0.018792202 -0.0054292118)
(0.26181475 -0.019020893 -0.0042062484)
(0.26354805 -0.018008647 -0.0048855228)
(0.3301863 -0.029629401 -0.0069043303)
(0.33579518 -0.029341735 -0.0057524555)
(0.33781361 -0.028261841 -0.0067017454)
(0.410571 -0.042352517 -0.0089579563)
(0.41625596 -0.042062924 -0.0081746217)
(0.41913491 -0.040954299 -0.0088473206)
(0.49730172 -0.057485941 -0.011471697)
(0.50341142 -0.05709953 -0.0104958)
(0.50633621 -0.055432302 -0.011403123)
(0.58966933 -0.075012222 -0.01424877)
(0.59545889 -0.074047811 -0.01367002)
(0.59926699 -0.072592493 -0.014462534)
(0.68676439 -0.09439096 -0.017593815)
(0.69312808 -0.093385364 -0.017102982)
(0.69708355 -0.091402855 -0.017756682)
(0.78848572 -0.1157548 -0.021404297)
(0.79481378 -0.1143979 -0.020846905)
(0.79914291 -0.11252357 -0.021569518)
(0.89400188 -0.13893081 -0.025504574)
(0.90050939 -0.13751201 -0.025111867)
(0.90528496 -0.13532305 -0.025724514)
(1.0030188 -0.16375747 -0.029966869)
(1.0095904 -0.16203869 -0.029593823)
(1.0147205 -0.15977452 -0.030331092)
(1.1149771 -0.19005916 -0.034774581)
(1.1217173 -0.18822466 -0.034569216)
(1.1270522 -0.18579401 -0.035113592)
(1.22951 -0.21761985 -0.039803687)
(1.2362413 -0.21565263 -0.039565022)
(1.2419378 -0.21318072 -0.040184453)
(1.3461994 -0.24639685 -0.045028376)
(1.3530718 -0.24426495 -0.04495833)
(1.3589571 -0.24168633 -0.045509759)
(1.4647188 -0.27619888 -0.050354168)
(1.4716222 -0.273869 -0.050427965)
(1.4776569 -0.27124603 -0.050879906)
(1.5847272 -0.30657185 -0.055782604)
(1.5915486 -0.30418005 -0.056042569)
(1.5979454 -0.30169031 -0.056419172)
(1.7058582 -0.33774195 -0.06149639)
(1.7129428 -0.33530447 -0.061616331)
(1.7191915 -0.33272934 -0.061917108)
(1.8276845 -0.36930717 -0.066957476)
(1.834497 -0.36677069 -0.067166683)
(1.840991 -0.36433093 -0.067615784)
(1.9504724 -0.40121186 -0.072678801)
(1.95752 -0.39878997 -0.072818417)
(1.9641502 -0.39617322 -0.07311746)
(-0.0032641156 -0.004837223 -0.00524852)
(-0.003263938 -0.0050941393 0.001352291)
(-0.0014305146 -0.0048947723 0.0042447669)
(0.018777353 -0.016202256 -0.0056776874)
(0.022112889 -0.012696364 -0.00074413806)
(0.021213512 -0.013544751 0.0034780118)
(0.043555293 -0.026837112 -0.0069343059)
(0.046809539 -0.029174408 -0.001430264)
(0.047757016 -0.028609265 0.0034958929)
(0.082400593 -0.040382227 -0.0075967614)
(0.08554771 -0.038171249 -0.0028723008)
(0.087048484 -0.038233404 0.0016107532)
(0.12880885 -0.05296925 -0.0081467296)
(0.1329582 -0.053754416 -0.0035471592)
(0.13462537 -0.052543602 0.0001086222)
(0.18491265 -0.068332547 -0.0095789756)
(0.18881986 -0.067703538 -0.0057239379)
(0.19148415 -0.066971944 -0.0018420203)
(0.24890536 -0.084989966 -0.010776656)
(0.2534557 -0.084258519 -0.0066329559)
(0.25602603 -0.083266408 -0.0037645008)
(0.32018606 -0.10258954 -0.012442525)
(0.32479282 -0.1021442 -0.0092402427)
(0.32813747 -0.10083613 -0.0062476551)
(0.39863058 -0.12257443 -0.014598984)
(0.40363201 -0.12154766 -0.011437639)
(0.40720834 -0.12003243 -0.0088607006)
(0.48300786 -0.14372873 -0.017013306)
(0.48814643 -0.14261488 -0.014317803)
(0.49215437 -0.14116023 -0.011918888)
(0.57309822 -0.16639749 -0.020021492)
(0.57858894 -0.16540886 -0.017464287)
(0.58304193 -0.16336245 -0.015447617)
(0.6683485 -0.19094843 -0.023192502)
(0.67396985 -0.18940882 -0.021041997)
(0.67863429 -0.18753748 -0.019227799)
(0.76798085 -0.21652025 -0.027007487)
(0.77380501 -0.21501509 -0.0251156)
(0.77888317 -0.21280088 -0.023399295)
(0.87177523 -0.24366278 -0.031027552)
(0.87778563 -0.24180912 -0.029301792)
(0.88316096 -0.23951886 -0.027998435)
(0.97908244 -0.27182273 -0.035464993)
(0.98524061 -0.26986369 -0.034067926)
(0.99093512 -0.26746937 -0.032868177)
(1.0895534 -0.30102531 -0.04016199)
(1.0958961 -0.29898354 -0.038967242)
(1.1017744 -0.29635964 -0.037976897)
(1.2027621 -0.33116465 -0.045193566)
(1.2091516 -0.32886778 -0.044162454)
(1.2153604 -0.32630686 -0.043382743)
(1.3182491 -0.36188814 -0.050419243)
(1.3248806 -0.35977204 -0.049570826)
(1.3311926 -0.35697676 -0.048931025)
(1.4358511 -0.39343103 -0.055709072)
(1.4424162 -0.39099604 -0.055065011)
(1.4489292 -0.38827725 -0.054603624)
(1.5548303 -0.42516768 -0.061187833)
(1.5617592 -0.42287128 -0.060747476)
(1.5683115 -0.42015674 -0.060355278)
(1.675324 -0.45728404 -0.066718509)
(1.682203 -0.45500407 -0.066343696)
(1.6887683 -0.45225212 -0.066137179)
(1.7968412 -0.48969016 -0.072065563)
(1.8037369 -0.48734491 -0.071988962)
(1.8105364 -0.48454627 -0.071902991)
(1.918998 -0.52195736 -0.077608096)
(1.9258901 -0.51938512 -0.077615448)
(1.9326314 -0.51692881 -0.077816462)
)
;

boundaryField
{
    free
    {
        type            calculated;
    }
    bottom
    {
        type            calculated;
    }
    traction
    {
        type            calculated;
    }
}


// ************************************************************************* //
