/*--------------------------------*- C++ -*----------------------------------*\
  =========                 |
  \\      /  F ield         | OpenFOAM: The Open Source CFD Toolbox
   \\    /   O peration     | Website:  https://openfoam.org
    \\  /    A nd           | Version:  6
     \\/     M anipulation  |
\*---------------------------------------------------------------------------*/
FoamFile
{
    version     2.0;
    format      ascii;
    class       pointScalarField;
    location    "2.7998848600280661";
    object      p;
}
// * * * * * * * * * * * * * * * * * * * * * * * * * * * * * * * * * * * * * //

dimensions      [1 -1 -2 0 0 0 0];

internalField   nonuniform List<scalar> 
625
(
1290023.7
-1796877.6
11502.581
15336.84
2225189.5
-4024988.1
11174.599
1100.9717
1013449.2
-74337.758
-29569.883
-9836.0594
5539.7318
9678.7044
556950.53
579436.35
587002.82
553417.93
491458.15
477440.33
419502.48
382370.06
356193.4
313036.29
283490.56
243445.64
216344.64
187821.85
160306.61
138799.35
118283.91
95510.949
79882.498
63948.855
48076.872
34047.775
24778.452
-625506.06
-478712.03
-547985.81
-441196.62
-414832.76
-414355.4
-343577.29
-338073.65
-305244.69
-272292.48
-254221.64
-217118.6
-197849.76
-168646.78
-147980.53
-124009.06
-102180.84
-84832.115
-64560.495
-50754.367
-37004.725
-18601.435
-5655.0494
1211524.3
-338585.01
-435577.49
-728542.05
-844994.48
-605161.25
-542706.56
-632269.67
-450609.93
-503663.29
-427738.37
-367685.62
-333833.88
-293288.33
-255617.87
-224242.16
-189281.49
-160158.44
-135644.62
-109415.74
-88687.345
-69828.527
-50490.344
-33004.667
-21522.591
-3395.2138
14489.498
1362.3658
-1597.9406
24653.361
30524.639
50616.408
66750.774
90251.551
112773.67
137490.35
165363.24
188891.99
222258.83
255720.53
290505.87
312183.76
353316.1
381097.38
424667.4
458569.08
472570.49
579236.82
507681.47
668824.82
577869.36
626897.59
1371152.7
1338955.3
1233299.5
-1656201.9
-2325439.3
-2408960.4
19310.664
17721.163
20118.048
-841.65628
4816.3924
-848.67169
331168.69
387117.1
364305.9
324803.66
303228.57
281339.41
249983.47
231427.53
206745.61
179761.21
156672.57
142311.61
124739.72
106397.19
93081.074
78065.19
65260.626
55417.248
41168.174
32695.64
23646.674
15989.929
15543.328
-84660.576
-53379.105
-70026.06
-21897.636
-49733.321
-25890.181
-37273.169
-31889.433
-28059.703
-27502.373
-25031.898
-21171.085
-21484.443
-17082.985
-14060.101
-11216.455
-5469.0138
-3641.1933
1373.9593
5984.5112
6849.9434
8829.8503
8269.1433
-426080.13
-264220.12
-327013.55
-242864.17
-297705.89
-233923.67
-245809.79
-209956.13
-190256.6
-177751.84
-157591.33
-142623.1
-126249.46
-108454.11
-93598.089
-77030.326
-64228.003
-50117.054
-35343.174
-26934.745
-14998.284
-8854.7173
2454.2607
781486.99
801586.12
907468.77
-19163.752
-81017.51
-220202.03
-332271.37
-133043.29
-115372.79
-1060697
-1086614.5
-1069441
-732582.59
-765866.95
-836563.14
-613821.65
-617629.8
-676502.26
-505536.33
-504274.44
-540148.01
-482382.08
-490468.78
-531214.7
-429982.17
-423342.98
-434779.4
-407151.45
-401540.59
-395076.84
-368331.94
-348205.26
-369712.58
-332315.42
-321321.58
-332036.99
-299308.24
-283207.47
-295028.77
-264038.98
-253506.1
-263006.59
-241391.09
-219755.85
-225654.8
-206081.65
-194424.28
-199958.31
-184533.29
-165266.8
-173626.85
-154673.86
-140580.44
-146283.2
-131284.9
-117688.63
-122405.35
-108329.13
-96071.721
-99484.784
-82781.707
-76734.505
-78729.995
-64792.069
-59466.635
-60355.109
-46297.24
-43871.865
-43415.312
-28654.194
-27457.639
-26000.506
-15385.824
-16013.601
-16301.782
-6167.2108
-2839.0712
-3057.9217
-10150.526
-13179.957
-13537.107
9528.1177
4299.8919
5192.6995
13617.813
15206.473
14300.266
690731.58
647974.14
704548.76
705441.75
569590.49
643973.76
658698.76
592539.63
634112.58
588444.13
518971.59
565702.32
556464.69
510198.66
527607.87
504316.78
453375.22
479471.25
466028.56
424898.01
442567.73
422740.77
380825.53
407694.62
384539.41
348184.21
369068.69
337390.17
316084.45
337062.61
301321.95
286362.76
301315.2
273077.26
254360.87
256221.57
236760.33
221900.85
233773.06
208460.06
194920.25
209178.62
178737.45
169315.31
179025.18
153330.19
143356.01
153110.44
123798.02
120881.8
129643.12
103441.34
100722.9
105831.02
81957.683
79967.265
84254.791
62604.201
61247.426
65286.915
45045.857
45762.491
47098.726
31430.906
32813.949
31500.105
24695.699
27802.909
26931.75
264013.07
381354.7
295987.77
339875.3
305323.57
288794.53
282327
249054.92
233738.69
208050.77
187342.55
174071.22
159966.55
134241.35
121319.72
103490.85
86736.283
73090.463
58536.206
47298.19
32376.187
24713.002
14218.472
-118033.19
-772.65361
-7433.917
16793.398
43183.429
38739.96
34799.781
47400.663
41133.386
44112.065
43305.92
46785.71
36054.857
38694.547
36611.672
31615.396
29301.982
26419.502
21883.983
17706.609
15205.809
11618.611
11076.351
-336274.84
-221432.87
-385322.57
-293120.67
-291969.86
-300009.31
-243141.24
-227596.66
-203707.64
-178440.48
-155299.89
-140342.97
-118794.01
-101374.11
-86142.584
-71868.845
-59686.447
-47451.596
-37471.123
-29636.591
-19760.397
-8469.7906
-7787.2175
468769.55
511386.81
432112.85
362789.26
464163.63
388703.11
300030.67
321914.03
333577.07
274206.01
337094.41
288490.72
276152.52
270790.94
276221.33
247360.41
266019.24
265365.68
213135.01
238967.1
238735.41
211411.89
223413.97
221627.13
172755.16
203895.43
202247.28
167415.04
182436.66
189361.37
150856.44
171285.07
164110.81
130085.99
138892.15
154425.01
115319.83
129539.22
138371.65
99999.836
115232.54
119697.9
87961.726
96952.487
102982.75
74098.994
83041.095
92312.901
62933.517
71922.282
75946.162
56373.24
57010.695
63302.551
41877.107
46535.974
50616.821
35997.879
38371.163
39012.447
24878.933
26765.932
28809.968
19983.54
19877.363
18499.388
2016.4368
7694.032
8428.6639
-91787.944
-158548.99
-104614.01
-4609.3005
-15786.313
-53983.104
-4045.5121
-33962.8
-44084.136
-16826.458
-5075.8032
-56037.938
15380.626
-1126.4973
-15123.173
-14296.016
11168.094
-21531.496
15824.578
16968.684
-11459.073
17.385082
18373.42
-9263.7941
9471.6308
16973.587
-326.43782
6361.8444
27752.548
263.88283
12353.821
17195.228
1216.9322
8655.9403
19299.464
9190.6545
7605.6226
23425.552
10424.769
9945.4387
21188.957
10368.885
7882.0601
20923.162
11700.496
9321.9579
20160.152
13367.816
8392.7546
19961.757
11814.565
8884.8752
16524.472
11371.61
8613.5659
14130.971
13514.333
8363.5093
13933.78
11773.112
9237.2594
11204.238
11149.038
10323.487
11969.697
9248.3135
11507.911
11436.604
10536.977
-363514.25
-482548.28
-412072.67
-321558.24
-264138.1
-339946.4
-271600.63
-412588.9
-359020.27
-353809.05
-293912.27
-374971.82
-268918.64
-324276.93
-311625.9
-254346.5
-279488.01
-304499.75
-238339.95
-261601.34
-280097.01
-207151.49
-248707.33
-245417.57
-198102.98
-212062.35
-221761.29
-176039.66
-197262.92
-200253.41
-153684.5
-175151.02
-173013.35
-139426.88
-153595.61
-151463.79
-116759.18
-138400.3
-130418.14
-104148.31
-116995.92
-112606.4
-87327.227
-101339.08
-95832.571
-74779.992
-83908.96
-80344.129
-59614.122
-69643.32
-65893.519
-48790.113
-55467.901
-52957.2
-37554.732
-41829.578
-39475.894
-27424.143
-30029.926
-28501.109
-20979.94
-20053.742
-21375.396
-5479.5907
-8626.6087
-8048.4456
-1701.7454
-4321.6278
-2721.4555
)
;

boundaryField
{
    free
    {
        type            calculated;
    }
    bottom
    {
        type            calculated;
    }
    traction
    {
        type            calculated;
    }
}


// ************************************************************************* //
