/*--------------------------------*- C++ -*----------------------------------*\
  =========                 |
  \\      /  F ield         | OpenFOAM: The Open Source CFD Toolbox
   \\    /   O peration     | Website:  https://openfoam.org
    \\  /    A nd           | Version:  6
     \\/     M anipulation  |
\*---------------------------------------------------------------------------*/
FoamFile
{
    version     2.0;
    format      ascii;
    class       pointVectorField;
    location    "4.80015663715026619";
    object      u;
}
// * * * * * * * * * * * * * * * * * * * * * * * * * * * * * * * * * * * * * //

dimensions      [0 1 0 0 0 0 0];

internalField   nonuniform List<vector> 
625
(
(0 0 0)
(0 0 0)
(2.4312187 -0.27323168 0.12958427)
(2.2646547 -0.82382893 0.090728133)
(0 0 0)
(0 0 0)
(2.2856045 -0.86304932 0.088617022)
(2.4518293 -0.31287228 0.1281919)
(0 0 0)
(0 0 0)
(0 0 0)
(2.3888986 -0.41148076 0.11896134)
(2.347253 -0.54795356 0.11010249)
(2.3063572 -0.68500823 0.10022997)
(0.0072146856 0.024322571 0.023322504)
(0.024731383 0.051776785 0.025330357)
(0.058176509 0.075797941 0.02996502)
(0.10451105 0.098069989 0.032644833)
(0.16225666 0.11518837 0.036406072)
(0.23243376 0.12955056 0.04051175)
(0.31118736 0.13798234 0.044909059)
(0.39959961 0.14286943 0.049658306)
(0.49602814 0.14250094 0.054947557)
(0.59945786 0.13772217 0.059785743)
(0.70939513 0.12882702 0.065274512)
(0.82489724 0.1152491 0.070229072)
(0.94534161 0.098027996 0.075564783)
(1.0699514 0.076880732 0.080701806)
(1.1981255 0.052383983 0.085856948)
(1.3294579 0.024573601 0.090787964)
(1.463 -0.0057268732 0.095921836)
(1.5987767 -0.03887745 0.10076727)
(1.736015 -0.074375358 0.10556786)
(1.874154 -0.11137891 0.1104568)
(2.0132273 -0.15027806 0.11522991)
(2.1525265 -0.18988715 0.12003884)
(2.2915714 -0.23111221 0.12518094)
(-0.0058514648 -0.019223097 -0.028005482)
(0.014325555 -0.038023649 -0.022578532)
(0.039796098 -0.063037224 -0.025771343)
(0.081590359 -0.087139987 -0.019959913)
(0.12956252 -0.109965 -0.017543158)
(0.19140275 -0.13839488 -0.012741923)
(0.25857766 -0.16363653 -0.0086296091)
(0.337227 -0.19371171 -0.002837122)
(0.42181815 -0.22442075 0.0016855622)
(0.51452673 -0.25611089 0.0076505128)
(0.61363766 -0.29084193 0.013144604)
(0.71881427 -0.3260915 0.019171781)
(0.82945869 -0.36351664 0.025011338)
(0.94496307 -0.40201976 0.031026933)
(1.0649592 -0.44186784 0.036995174)
(1.1887124 -0.48268438 0.042997544)
(1.3160669 -0.52449445 0.049055278)
(1.445924 -0.56683652 0.054808458)
(1.57883 -0.60968502 0.060997018)
(1.7132235 -0.65263869 0.06681087)
(1.8496058 -0.69588879 0.072900172)
(1.9870614 -0.73876869 0.078696445)
(2.1254744 -0.78137372 0.084475785)
(0 0 0)
(0 0 0)
(0 0 0)
(0.005535399 -0.013776564 0.01965856)
(0.022281783 -0.056535019 0.023729098)
(0.052722411 -0.070529941 0.02054836)
(0.092050806 -0.10045145 0.019505339)
(0.14560726 -0.1332964 0.022384085)
(0.20531109 -0.15610047 0.020915926)
(0.27491205 -0.19083753 0.02511552)
(0.3531719 -0.2199171 0.026224315)
(0.43876663 -0.25327488 0.029133655)
(0.53183476 -0.28738146 0.032182286)
(0.63138313 -0.32315179 0.035228773)
(0.73690321 -0.35995884 0.039010327)
(0.84787567 -0.3984735 0.042424352)
(0.96386854 -0.43797577 0.046175929)
(1.0840545 -0.47846032 0.050063554)
(1.2081751 -0.52015709 0.05401907)
(1.3356896 -0.56226511 0.058023126)
(1.4660579 -0.60512401 0.062139068)
(1.5988612 -0.64832481 0.066384996)
(1.7337463 -0.69159011 0.070618987)
(1.8700983 -0.73503195 0.075024801)
(2.0079154 -0.77798422 0.079535837)
(2.1461176 -0.82088006 0.084205044)
(2.3273924 -0.72449142 0.098512633)
(2.3677984 -0.58740291 0.10874102)
(2.4093344 -0.45147511 0.11903995)
(2.3124152 -0.27061619 0.12185888)
(2.1727337 -0.22933627 0.11593297)
(2.0334213 -0.18950547 0.10984867)
(1.894064 -0.15008157 0.10342232)
(1.7554979 -0.11254129 0.097023661)
(1.6179591 -0.076725294 0.090379334)
(1.4819109 -0.043020987 0.083753054)
(1.3477453 -0.011700377 0.076839168)
(1.2160157 0.016778018 0.069954359)
(1.0872885 0.042456971 0.06283625)
(0.9619972 0.064517461 0.055665275)
(0.84083341 0.083517121 0.048001059)
(0.72471983 0.098097668 0.041234738)
(0.61394812 0.10899802 0.03366569)
(0.50942815 0.11569954 0.026332748)
(0.41208218 0.11804404 0.01912149)
(0.32263763 0.11647096 0.011721504)
(0.24172763 0.10967181 0.0056550605)
(0.17201667 0.099340609 -0.001561527)
(0.11070014 0.083743537 -0.0062390067)
(0.06343685 0.066982498 -0.013207283)
(0.026751661 0.044080971 -0.016152068)
(0.013157352 0.021863637 -0.014174526)
(0 0 0)
(0 0 0)
(0 0 0)
(0 0 0)
(0 0 0)
(0 0 0)
(2.2696834 -0.83390722 0.089813286)
(2.2750339 -0.84395526 0.089824878)
(2.2799967 -0.85374829 0.089146072)
(2.4369838 -0.28285051 0.12924476)
(2.4420625 -0.29285419 0.12879522)
(2.4473626 -0.30257328 0.12841529)
(-0.0042349635 0.014914224 0.016952801)
(0.014783916 0.030216551 0.014461547)
(0.046294571 0.043053261 0.018194457)
(0.091146149 0.053736905 0.020400386)
(0.14763711 0.061027593 0.024072127)
(0.21538823 0.064986919 0.027868154)
(0.29229817 0.064621158 0.032419465)
(0.3785805 0.060859454 0.037150417)
(0.47251053 0.052819527 0.04197863)
(0.57354843 0.041225261 0.047197087)
(0.68120073 0.02582674 0.052428577)
(0.79463609 0.0064765714 0.057725728)
(0.91298557 -0.015849398 0.063063806)
(1.0356627 -0.041648345 0.068314752)
(1.1621543 -0.07016188 0.073651248)
(1.2918712 -0.10139915 0.078785349)
(1.4241806 -0.13493884 0.084104922)
(1.5588232 -0.170476 0.089116083)
(1.6952702 -0.20800074 0.094223559)
(1.8327216 -0.24672401 0.099404949)
(1.9714238 -0.28676826 0.10434461)
(2.1103462 -0.32744694 0.10944086)
(2.2495915 -0.36957965 0.11457267)
(-0.010344432 0.004311457 0.00080039281)
(0.010300427 0.0056956956 8.7483128e-05)
(0.039567542 0.008189238 0.0039247939)
(0.082711893 0.0082574173 0.0062754675)
(0.1379781 0.0039034116 0.010243844)
(0.20311979 -0.0014168253 0.014345981)
(0.27769252 -0.010674644 0.018820722)
(0.36139883 -0.022954065 0.023625281)
(0.4524856 -0.038083231 0.028696965)
(0.55146655 -0.057006844 0.034281619)
(0.6562407 -0.078350455 0.039248055)
(0.76730622 -0.10325094 0.045085985)
(0.88319086 -0.13063405 0.050482136)
(1.0038709 -0.16058742 0.05605629)
(1.1283421 -0.19303657 0.061631262)
(1.2563658 -0.22740702 0.066989485)
(1.3872107 -0.26390585 0.072702939)
(1.5205407 -0.30159874 0.077821853)
(1.6556882 -0.3409247 0.08347849)
(1.7923543 -0.38116938 0.088822095)
(1.9304444 -0.42239274 0.094032126)
(2.0690636 -0.46411302 0.09949452)
(2.2086226 -0.50625638 0.10465986)
(-0.012297914 -0.0079125878 -0.01070919)
(0.0083411658 -0.015444413 -0.0086907121)
(0.035155099 -0.023916064 -0.0089053331)
(0.078713787 -0.035606481 -0.005546863)
(0.1309497 -0.050678291 -0.0023252729)
(0.19360695 -0.064766667 0.0014629307)
(0.26638575 -0.084578303 0.006135175)
(0.3466822 -0.10425725 0.010807241)
(0.43573669 -0.1277921 0.016162957)
(0.53124695 -0.15352016 0.021299451)
(0.63383097 -0.18111181 0.026787422)
(0.74218847 -0.2119281 0.032527321)
(0.85565822 -0.24409443 0.03801341)
(0.97403769 -0.27874133 0.043828972)
(1.0963435 -0.31496766 0.049477509)
(1.2225153 -0.35289881 0.055187307)
(1.3515141 -0.3920903 0.060891388)
(1.4834668 -0.43236022 0.066472439)
(1.6174554 -0.47367362 0.072209947)
(1.7534346 -0.51553191 0.077651777)
(1.8906181 -0.55803407 0.083308239)
(2.0287292 -0.60041101 0.088898427)
(2.1675213 -0.64295692 0.094497155)
(0 0 0)
(0 0 0)
(0 0 0)
(0 0 0)
(0 0 0)
(0 0 0)
(0 0 0)
(0 0 0)
(0 0 0)
(0.0066179525 -0.0071753914 -0.012498461)
(0.010185502 -0.010826825 -0.004941509)
(0.010635093 -0.0092556836 0.0055272879)
(0.02715371 -0.046639928 -0.013261992)
(0.029466219 -0.049868053 -0.0033979589)
(0.031511264 -0.051018096 0.010882025)
(0.052765562 -0.066053184 -0.014196724)
(0.058508703 -0.066832948 -0.0031386765)
(0.060298229 -0.072907268 0.010533537)
(0.092190033 -0.092158956 -0.0095822648)
(0.097264447 -0.097438624 -0.00061210527)
(0.097013585 -0.098452535 0.010235796)
(0.14251216 -0.11931215 -0.0078587362)
(0.14691783 -0.12315607 9.4559149e-05)
(0.14996449 -0.13123866 0.012375226)
(0.20064075 -0.14450416 -0.0044814133)
(0.20696065 -0.15095194 0.0047037165)
(0.20859223 -0.15462908 0.013177441)
(0.27001065 -0.17390767 0.00025509887)
(0.27515829 -0.18136913 0.0067797355)
(0.27699677 -0.1854685 0.017208011)
(0.34659089 -0.20325071 0.0039867065)
(0.35203489 -0.20854176 0.010899349)
(0.35490226 -0.21738893 0.019358212)
(0.43136238 -0.23388552 0.0089040904)
(0.43700611 -0.24291045 0.014994667)
(0.43969361 -0.24889936 0.022800886)
(0.52362658 -0.26716281 0.013816727)
(0.52898972 -0.27450679 0.019242126)
(0.53213502 -0.28245449 0.026510119)
(0.62200485 -0.30103578 0.018671331)
(0.62775894 -0.31014218 0.024006022)
(0.63102927 -0.31791333 0.030077958)
(0.72703914 -0.3376219 0.024196958)
(0.73247583 -0.34572357 0.028269589)
(0.73610757 -0.35404328 0.034485597)
(0.83727219 -0.3742475 0.029411999)
(0.84275122 -0.38339997 0.033580303)
(0.84631338 -0.39226615 0.038406627)
(0.95248681 -0.41333422 0.035011972)
(0.95784454 -0.42251114 0.038312282)
(0.96187088 -0.4313292 0.042673627)
(1.0720711 -0.45293803 0.040340821)
(1.0775457 -0.46230573 0.043311324)
(1.0816027 -0.47133937 0.047106309)
(1.1956274 -0.49384776 0.045898658)
(1.2009733 -0.50332209 0.048361307)
(1.2052635 -0.51262634 0.051497323)
(1.322486 -0.53542473 0.051367571)
(1.3279268 -0.54506982 0.053362169)
(1.3323338 -0.55447926 0.056007216)
(1.4524079 -0.57749075 0.056784056)
(1.4577646 -0.5874411 0.058424337)
(1.4623218 -0.59690618 0.060534407)
(1.5846924 -0.62045378 0.062429209)
(1.590119 -0.63018621 0.063613971)
(1.5947777 -0.63980071 0.065187419)
(1.7191915 -0.66311879 0.067816105)
(1.7245202 -0.6731397 0.068703874)
(1.7292836 -0.68282927 0.069803563)
(1.8552047 -0.70631014 0.073397968)
(1.8605132 -0.71617148 0.07400195)
(1.8654554 -0.72583289 0.074560492)
(1.9925652 -0.74897918 0.078884162)
(1.9978756 -0.75895927 0.079096288)
(2.0028341 -0.76884909 0.079297622)
(2.1306875 -0.79169362 0.084389378)
(2.1359123 -0.80153604 0.084292031)
(2.1411451 -0.81135016 0.084287645)
(2.3946949 -0.42129755 0.11930536)
(2.3998377 -0.4311296 0.11907259)
(2.4049547 -0.44108765 0.11893502)
(2.3522992 -0.55787402 0.10981531)
(2.3578355 -0.56783883 0.10931305)
(2.3625961 -0.57765769 0.10893955)
(2.3115922 -0.69528141 0.099756844)
(2.3170272 -0.70528629 0.099379973)
(2.3219994 -0.71488079 0.099103701)
(0.017232208 0.020450966 0.012322295)
(0.018040508 0.02052114 0.0035943239)
(0.019492835 0.020942046 -0.0039620839)
(0.035301558 0.046502975 0.013396854)
(0.035596422 0.046626143 0.0047057295)
(0.035886561 0.04495019 -0.0078235132)
(0.068984617 0.071703701 0.018937256)
(0.070462297 0.070416011 0.0078567819)
(0.071954325 0.069321337 -0.0027524667)
(0.11373585 0.092219015 0.021498504)
(0.11752927 0.089210784 0.011855443)
(0.11766105 0.086714126 0.0012803984)
(0.17319933 0.10957887 0.025931668)
(0.17600326 0.10613354 0.016935232)
(0.17699836 0.10402399 0.0072887204)
(0.24131559 0.12273399 0.030684083)
(0.24529442 0.11725156 0.02237709)
(0.24733056 0.1134476 0.012984392)
(0.32108015 0.13037576 0.035690313)
(0.32493117 0.12513557 0.028079411)
(0.32666226 0.12074406 0.01885531)
(0.40892653 0.1342574 0.04104941)
(0.41269095 0.12843386 0.033927376)
(0.41540625 0.12349081 0.025613209)
(0.50488364 0.13357742 0.046825642)
(0.50931361 0.1271088 0.039935953)
(0.51199564 0.12134246 0.032395073)
(0.60812451 0.12849232 0.052521137)
(0.61266873 0.12146609 0.046277122)
(0.61560744 0.11528587 0.0392608)
(0.71760679 0.11934248 0.058660037)
(0.72256263 0.11148663 0.052256491)
(0.72575468 0.10443511 0.046409919)
(0.83322443 0.10542748 0.064075524)
(0.83778987 0.097149928 0.059470659)
(0.8411888 0.090315997 0.052584213)
(0.95315214 0.087844017 0.069979968)
(0.95795437 0.079455954 0.064986399)
(0.96174444 0.072320955 0.059848292)
(1.0776095 0.066734241 0.075602708)
(1.0824804 0.058082327 0.07149468)
(1.0864894 0.050110414 0.06665755)
(1.2055196 0.042100717 0.081404792)
(1.210521 0.033094029 0.077556907)
(1.2146063 0.024927121 0.073289736)
(1.3365718 0.014387983 0.086808733)
(1.3415124 0.0051480009 0.08355013)
(1.3458349 -0.0032891414 0.079810477)
(1.4699338 -0.016263539 0.092516282)
(1.4750165 -0.025453152 0.089602107)
(1.4795035 -0.034290023 0.086332847)
(1.6052881 -0.049165923 0.097830503)
(1.6105479 -0.058763847 0.095301207)
(1.6150705 -0.067728763 0.092545416)
(1.7423897 -0.084399535 0.10314187)
(1.7474766 -0.094096681 0.1011165)
(1.7521825 -0.1032331 0.098849592)
(1.8803047 -0.12150976 0.10843999)
(1.8855734 -0.13110397 0.10674727)
(1.8903324 -0.14058855 0.10488416)
(2.0192594 -0.16004579 0.11362688)
(2.0243756 -0.17013804 0.11226184)
(2.0292064 -0.17953614 0.1110315)
(2.1581224 -0.20016078 0.11883516)
(2.163402 -0.20990469 0.11791524)
(2.1684106 -0.21952467 0.11689141)
(2.2976985 -0.24078511 0.1243246)
(2.302695 -0.25081424 0.12345261)
(2.3078923 -0.26064895 0.12283976)
(0.00019142927 0.0064243575 -0.0083445848)
(0.01914769 0.027479607 -0.0083711433)
(0.051589516 0.030099306 -0.0021912078)
(0.099039519 0.040023307 -0.00012494687)
(0.15710843 0.043244686 0.004784894)
(0.22598606 0.043800725 0.010506242)
(0.30421663 0.041610254 0.015528856)
(0.39109929 0.034800536 0.02152489)
(0.48625158 0.024896469 0.027569145)
(0.58808897 0.011183307 0.033825062)
(0.6967595 -0.0058141349 0.039968224)
(0.81054669 -0.026198728 0.046540979)
(0.92942395 -0.050142687 0.05258309)
(1.0527762 -0.077011501 0.05918872)
(1.1798407 -0.1063584 0.065258758)
(1.3099625 -0.13834292 0.071480564)
(1.4427792 -0.1726348 0.077627665)
(1.5777729 -0.20874002 0.083590421)
(1.7143979 -0.24655335 0.089598492)
(1.8523403 -0.28585259 0.095403317)
(1.9911999 -0.32615556 0.10123921)
(2.1303746 -0.36724372 0.10701666)
(2.270071 -0.40933062 0.11283481)
(-0.0077271258 0.0030883442 0.0015799528)
(0.01463657 0.0030851268 0.0028311554)
(0.046898297 -0.0035578904 0.0049763965)
(0.093766906 -0.0054438906 0.007106337)
(0.14868009 -0.012711885 0.010055352)
(0.21616425 -0.022050394 0.014316823)
(0.29110062 -0.033769623 0.018364147)
(0.37599023 -0.048275108 0.02309278)
(0.46801563 -0.066191053 0.027957974)
(0.56754569 -0.086255377 0.03304265)
(0.67307499 -0.11006356 0.038446309)
(0.78470385 -0.13569694 0.043610019)
(0.90105692 -0.1647322 0.049248748)
(1.022303 -0.19566136 0.054671732)
(1.1472791 -0.2288239 0.059980313)
(1.2755915 -0.26426691 0.065551414)
(1.4068413 -0.30113375 0.070939154)
(1.5404563 -0.33959961 0.076294075)
(1.6759451 -0.37935865 0.081750771)
(1.8129411 -0.42003849 0.087004474)
(1.9512622 -0.46138213 0.092540266)
(2.0897687 -0.50328521 0.097744008)
(2.229742 -0.54595907 0.10312353)
(-0.0096428829 -0.0091522032 0.010481356)
(0.017021242 -0.014929833 0.009127424)
(0.046900569 -0.038942962 0.015539078)
(0.089288356 -0.044008412 0.013202705)
(0.14466955 -0.06689608 0.017332023)
(0.20841675 -0.085553636 0.019266698)
(0.28112624 -0.10503065 0.022445365)
(0.36325757 -0.12963635 0.025889111)
(0.45244746 -0.15464571 0.029600225)
(0.54876218 -0.18239657 0.033767002)
(0.65187907 -0.21211663 0.037756503)
(0.76035088 -0.24417304 0.042304697)
(0.87448685 -0.27771983 0.046677024)
(0.99317564 -0.31360666 0.051172178)
(1.1157772 -0.35067912 0.055810699)
(1.2421888 -0.38943836 0.060440604)
(1.371627 -0.42935084 0.065098707)
(1.5036586 -0.47022701 0.069762025)
(1.6378783 -0.51202084 0.074499561)
(1.7738826 -0.55424501 0.079289591)
(1.9111388 -0.59684499 0.084107743)
(2.0494476 -0.63966958 0.088791414)
(2.1882976 -0.68217704 0.093961464)
(0.0038296727 0.0070461402 0.0079393041)
(0.003410362 0.0075774694 0.0031302407)
(0.0054332987 0.0070854784 -0.0017337972)
(0.024411618 0.028067823 0.0077113329)
(0.027375308 0.027007445 0.0019843234)
(0.026513221 0.025101176 -0.0048397659)
(0.056687466 0.038629744 0.011206796)
(0.05838209 0.034866907 0.0059304821)
(0.059718017 0.033810259 0.001021457)
(0.10101873 0.048446324 0.013690684)
(0.1057559 0.046530025 0.0088496837)
(0.10517506 0.042093433 0.0039970702)
(0.15825725 0.05526009 0.017665799)
(0.16146789 0.05040058 0.013110057)
(0.16294322 0.046366442 0.0093226588)
(0.225046 0.057398809 0.021848899)
(0.22922182 0.053145561 0.018162369)
(0.23077287 0.048058181 0.012937736)
(0.30199954 0.056662292 0.027110104)
(0.30675909 0.051307315 0.022474015)
(0.30815165 0.04576444 0.019229085)
(0.38777219 0.052499807 0.031732917)
(0.39211979 0.046365297 0.028308607)
(0.39418707 0.040058349 0.02429951)
(0.48145799 0.043683496 0.037422322)
(0.48622751 0.037231567 0.033964746)
(0.48866012 0.030422783 0.030520277)
(0.58227582 0.032076228 0.042668671)
(0.58713572 0.024546326 0.039484535)
(0.58963872 0.017124733 0.036385138)
(0.6897459 0.01583423 0.048286333)
(0.6945966 0.0079173617 0.045705773)
(0.69757959 0.000700959 0.042755361)
(0.80259263 -0.0035121654 0.054046648)
(0.80776056 -0.011669041 0.051242079)
(0.81080187 -0.019665076 0.04858875)
(0.92077452 -0.026123196 0.059670368)
(0.92575995 -0.034461984 0.057221053)
(0.92924657 -0.042614588 0.054843582)
(1.0431067 -0.051940975 0.065364096)
(1.0483069 -0.060524093 0.063252504)
(1.0518825 -0.069346876 0.060939578)
(1.1693807 -0.080476325 0.070895963)
(1.1744937 -0.089621671 0.068958702)
(1.1783364 -0.098313413 0.067024192)
(1.2987683 -0.11181385 0.076541769)
(1.3040228 -0.12086665 0.074793849)
(1.3080517 -0.12995258 0.073021532)
(1.4309879 -0.14523027 0.081858238)
(1.4361139 -0.15465643 0.080511781)
(1.4403341 -0.1638984 0.078934115)
(1.5651698 -0.18078282 0.087481403)
(1.570516 -0.19043699 0.086080246)
(1.574856 -0.19974528 0.084792429)
(1.7013601 -0.21814714 0.092820973)
(1.7066097 -0.2277178 0.091711021)
(1.7111169 -0.23724576 0.090595618)
(1.8386784 -0.25675067 0.098102464)
(1.8439345 -0.26661695 0.097272026)
(1.8485854 -0.27627465 0.096257772)
(1.9771433 -0.29672802 0.10337156)
(1.9823941 -0.30669817 0.10274046)
(1.9872048 -0.31641143 0.10195747)
(2.1159424 -0.33759911 0.10866667)
(2.1211502 -0.34745134 0.1083918)
(2.1260429 -0.35717697 0.10755951)
(2.2551441 -0.37930515 0.11410474)
(2.2603086 -0.38922162 0.11370886)
(2.2654453 -0.39919259 0.11338003)
(-0.0030286016 0.0015262911 -0.00082467278)
(-0.0018518989 0.0032168859 -0.001190259)
(-0.00016096015 0.002020677 0.00080237728)
(0.018518842 0.0050378223 -0.0019274649)
(0.021551914 0.0039405768 -0.00080400396)
(0.02132957 0.0017132659 0.00025356911)
(0.050042443 0.0036893518 0.0019312045)
(0.053856498 0.0011015557 0.004481059)
(0.053968924 -0.00025024422 0.0037903009)
(0.092863913 0.0026278577 0.0043236941)
(0.098100008 -0.00086359585 0.0053103154)
(0.097417583 -0.0054850748 0.0052427607)
(0.14825673 -0.0016338222 0.00836837)
(0.15267555 -0.0069213829 0.010290239)
(0.15294324 -0.0094900035 0.0087034275)
(0.21238153 -0.0084694541 0.012684966)
(0.21813786 -0.014051538 0.013665692)
(0.21869248 -0.019017951 0.013166985)
(0.28733858 -0.018003504 0.016806303)
(0.29244544 -0.02522247 0.018012608)
(0.29342071 -0.030051204 0.017307705)
(0.37047579 -0.031333244 0.02210265)
(0.37584752 -0.038242219 0.023534548)
(0.37709217 -0.043816358 0.022310807)
(0.46132729 -0.046859684 0.027180586)
(0.46660988 -0.055024266 0.027804891)
(0.46876237 -0.061468053 0.027100437)
(0.55978023 -0.066164768 0.032581928)
(0.56549583 -0.074512977 0.033725672)
(0.56734699 -0.080769308 0.032502008)
(0.66466634 -0.088313072 0.038206714)
(0.66968814 -0.096641974 0.038693286)
(0.67254757 -0.10408888 0.037768441)
(0.77514121 -0.11303246 0.043779723)
(0.78075898 -0.12215564 0.044192665)
(0.78348507 -0.1293997 0.043387827)
(0.89102131 -0.14073987 0.049321789)
(0.8963661 -0.14975869 0.049917693)
(0.89937055 -0.1577182 0.048886466)
(1.0112314 -0.17078175 0.054950907)
(1.0166132 -0.18036935 0.055239295)
(1.0199944 -0.18858237 0.054515083)
(1.1355944 -0.20329811 0.060590786)
(1.1409288 -0.21285064 0.060978221)
(1.1446123 -0.2213137 0.059928325)
(1.2632491 -0.23781024 0.066141147)
(1.2686551 -0.24755233 0.066233387)
(1.2724664 -0.25622973 0.065496405)
(1.3938867 -0.27413016 0.071726217)
(1.3992072 -0.2839446 0.071898048)
(1.4032952 -0.29297208 0.07103566)
(1.5268925 -0.31209257 0.077246454)
(1.5322875 -0.32192166 0.077191795)
(1.5365852 -0.33105647 0.076417384)
(1.6619505 -0.35137014 0.082810324)
(1.6673446 -0.36117984 0.082581523)
(1.6717285 -0.37048529 0.081959194)
(1.7985465 -0.3916088 0.088309516)
(1.8038051 -0.40133594 0.087901177)
(1.8085596 -0.41100584 0.087293319)
(1.9362981 -0.43265719 0.093575051)
(1.9418369 -0.44257955 0.093272937)
(1.9464394 -0.45216909 0.092820445)
(2.0747018 -0.47422926 0.099020546)
(2.0799587 -0.48396284 0.098651612)
(2.0847638 -0.49383914 0.098023194)
(2.2140466 -0.51628036 0.10423636)
(2.2194688 -0.52621055 0.1039382)
(2.2245097 -0.53594494 0.10348094)
(-0.0042989563 -0.0049249002 -0.0059316111)
(-0.0041901377 -0.0057305921 0.0013466251)
(-0.0019273325 -0.0059567755 0.0049388341)
(0.020305438 -0.016620741 -0.0046550049)
(0.02426533 -0.013570286 0.00052265244)
(0.023604473 -0.016829553 0.0056247987)
(0.047252609 -0.027173428 -0.0039977269)
(0.051293043 -0.033571391 0.0022877114)
(0.052491208 -0.035507822 0.007936148)
(0.090768651 -0.042223136 -0.0020716818)
(0.093849028 -0.04253445 0.0031985121)
(0.095822202 -0.046874438 0.0085972805)
(0.14241428 -0.05584758 0.0019846787)
(0.1471055 -0.061897808 0.0072488843)
(0.14932411 -0.064881801 0.011777635)
(0.20516298 -0.073235889 0.0046733536)
(0.20906087 -0.077820931 0.0090455716)
(0.21211703 -0.083267613 0.013724224)
(0.27709581 -0.092855716 0.0094681313)
(0.28190496 -0.098537284 0.014348614)
(0.28442956 -0.10367667 0.017824308)
(0.35711578 -0.11338496 0.013869964)
(0.3614363 -0.12023179 0.017534883)
(0.3649765 -0.12618271 0.021176579)
(0.44563769 -0.13781225 0.018769788)
(0.45054591 -0.14452405 0.022387987)
(0.45397281 -0.15097858 0.025526805)
(0.54092462 -0.1635148 0.023809127)
(0.54559492 -0.17097762 0.026997761)
(0.54930924 -0.17824734 0.029990135)
(0.64284689 -0.19172542 0.028976862)
(0.64786393 -0.20001429 0.031930866)
(0.65185388 -0.20720529 0.034400827)
(0.75086946 -0.22263209 0.034511413)
(0.75581342 -0.23077514 0.03699326)
(0.75976617 -0.23878704 0.039197738)
(0.86392042 -0.25498547 0.039720059)
(0.86881772 -0.26379948 0.041906744)
(0.87314654 -0.27195485 0.044041782)
(0.98188684 -0.28977689 0.045292744)
(0.98691968 -0.29855345 0.047283546)
(0.9913453 -0.30714411 0.048852695)
(1.103922 -0.32602509 0.050724799)
(1.1089212 -0.33516015 0.052325717)
(1.113562 -0.34397825 0.053746079)
(1.2296542 -0.36387066 0.056225533)
(1.2347316 -0.37320494 0.057546423)
(1.2394027 -0.38212569 0.058715638)
(1.3584805 -0.40312403 0.061640087)
(1.3635542 -0.41242129 0.062801557)
(1.3684531 -0.42174377 0.063663141)
(1.4899818 -0.44319225 0.067048775)
(1.4951798 -0.45301482 0.067910425)
(1.5000909 -0.46221913 0.068586548)
(1.6237697 -0.4845439 0.072558843)
(1.628904 -0.49406621 0.073147599)
(1.6339033 -0.50354398 0.073621257)
(1.759115 -0.52610202 0.077934703)
(1.7645643 -0.5360058 0.078276007)
(1.7695318 -0.54560444 0.078643816)
(1.89611 -0.56821207 0.083321699)
(1.9014415 -0.57822205 0.083555521)
(1.9063974 -0.58779424 0.083724003)
(2.0341012 -0.61074046 0.088881652)
(2.0393828 -0.62071822 0.088821288)
(2.0445826 -0.63030754 0.08880615)
(2.1726928 -0.6531069 0.09429088)
(2.178018 -0.66290471 0.094120683)
(2.183091 -0.67283234 0.09377882)
)
;

boundaryField
{
    free
    {
        type            calculated;
    }
    bottom
    {
        type            calculated;
    }
    traction
    {
        type            calculated;
    }
}


// ************************************************************************* //
