/*--------------------------------*- C++ -*----------------------------------*\
  =========                 |
  \\      /  F ield         | OpenFOAM: The Open Source CFD Toolbox
   \\    /   O peration     | Website:  https://openfoam.org
    \\  /    A nd           | Version:  6
     \\/     M anipulation  |
\*---------------------------------------------------------------------------*/
FoamFile
{
    version     2.0;
    format      ascii;
    class       pointScalarField;
    location    "1.70000384775";
    object      p;
}
// * * * * * * * * * * * * * * * * * * * * * * * * * * * * * * * * * * * * * //

dimensions      [1 -1 -2 0 0 0 0];

internalField   nonuniform List<scalar> 
625
(
30792.344
-41647.54
6443.1204
7598.8438
37622.803
-112364.77
5459.4717
-3291.2305
28010.858
10056.149
3766.8231
-17438.909
352.95246
2501.3789
16864.013
15663.918
17213.374
15878.578
15650.075
15872.489
16005.07
17023.169
19086.217
21262.831
23147.35
25059.379
28077.861
30844.208
32565.674
35537.302
35753.692
37639.191
35591.321
35238.346
31065.206
26939.453
19757.544
-10509.367
-10008.846
-12416.964
-9405.9906
-11202.584
-11046.751
-12718.413
-13262.205
-16097.35
-18534.711
-21562.669
-23657.775
-27223.843
-29861.949
-32835.848
-34824.624
-36112.883
-36975.592
-36737.085
-34536.349
-34751.036
-24001.276
-14556.098
20566.793
-17147.072
-26362.488
-20313.075
-25604.01
-18630.811
-19124.239
-22655.432
-19214.325
-23173.644
-23140.885
-24361.027
-26565.402
-29340.041
-31789.272
-35136.975
-37048.261
-39298.604
-41785.367
-41750.434
-42250.614
-41140.005
-36939.88
-32104.358
-23556.498
-13297.419
6537.9623
-1457.4876
-6730.7183
22205.114
24245.776
34144.199
36527.002
41531.844
42767.499
42835.232
42002.692
38468.86
36815.15
33684.713
30288.818
25678.394
22589.066
18767.412
16661.116
14536.701
11803.585
12703.678
9585.6845
13830.153
9549.2367
13216.868
35117.663
21513.183
16398.705
-33272.697
-56372.48
-57691.264
12313.899
11702.02
12452.387
-6883.1297
467.7358
-5993.4022
10468.991
12326.356
12482.343
12187.799
11793.496
12456.414
12740.756
13159.6
14250.419
14652.746
15600.28
17939.079
19612.032
20709.867
22270.019
23021.881
23311.268
23263.336
21067.35
18363.687
14240.804
7786.5304
9944.1591
367.07404
3069.5651
402.19141
2088.916
994.59505
637.31897
404.11189
-565.21967
-220.28665
-1448.684
-1802.9913
-3202.0433
-4017.9809
-4624.2363
-5059.1932
-5400.6071
-4566.0868
-5015.348
-2871.685
231.88006
200.60618
2556.2125
843.57246
-7011.4314
-3618.4713
-7036.3623
-3496.0682
-8287.0892
-6855.7673
-9475.4153
-9936.5403
-11407.321
-12946.155
-15190.754
-18248.678
-19560.449
-21432.622
-22482.523
-23249.367
-23646.818
-22902.58
-19824.144
-18753.325
-13528.11
-13421.642
-3377.1618
19729.185
18042.201
17702.961
4320.9044
-824.20496
-9841.2904
-8430.4762
-8515.1165
-12322.903
-21086.627
-23927.195
-22696.035
-17614.111
-19995.301
-23219.483
-14327.991
-16427.915
-18924.23
-13436.527
-14914.078
-17526.024
-13484.657
-15833.496
-17767.019
-14414.061
-15318.249
-16520.801
-15380.136
-16236.864
-17996.128
-17099.807
-17629.087
-19622.137
-19454.423
-19723.664
-21355.207
-21194.403
-21591.33
-23769.26
-23584.077
-25205.587
-26306.71
-27286.639
-26644.194
-29404.814
-31253.597
-30787.139
-32603.861
-34647.627
-32917.297
-36088.51
-36723.061
-35339.546
-38196.962
-39110.128
-37492.239
-40409.292
-40065.766
-38440.502
-41061.742
-39601.012
-38360.269
-40899.728
-37788.723
-37546.742
-39783.162
-35757.256
-35025.034
-36298.453
-29753.727
-29941.226
-30126.75
-23335.65
-24059.15
-26248.515
-17159.933
-14220.436
-14060.764
-18296.589
-21022.666
-23698.386
4148.8357
-758.07746
-853.39808
6970.2875
8094.1296
7061.8319
18566.726
16600.134
16079.561
18823.309
12145.955
12645.717
18932.664
14084.722
13807.673
17881.563
12517.348
12359.277
17871.806
14002.453
12473.467
18901.502
13140.149
13360.237
19133.041
14771.831
13699.245
20201.423
15836.799
15393.732
22540.295
17918.577
18119.882
23984.867
20641.111
20018.957
26684.052
22529.414
23470.917
30103.743
26445.61
25321.043
33666.007
28557.887
29756.76
36843.036
31429.727
34174.976
39711.145
33959.827
36859.254
41992.574
36377.206
38637.709
42679.692
36656.901
40760.806
40461.273
38697.678
40590.964
40937.395
37349.733
39162.527
36769.7
34234.89
36031.99
31946.711
32163.141
32192.816
25538.628
27874.298
23775.636
24626.518
26518.567
27048.973
2373.844
3391.7265
4247.2651
4957.6705
7418.9437
6732.241
9006.8108
9879.9167
11703.924
13488.351
15569.377
18098.757
20547.041
21007.975
22621.6
24017.744
23552.092
23292.681
22394.052
20602.146
15427.042
13574.797
6512.6133
-6663.6442
-5906.597
-3202.7403
-4601.0469
-2084.9135
-3766.3095
-2511.2696
-2336.3969
-2147.8473
-279.2568
-885.6978
341.6362
738.50882
1561.8709
3104.5991
3020.7428
3835.4638
4908.4927
5201.6422
5058.5511
5190.9338
4384.182
5174.3564
-13567.8
-11591.198
-14337.696
-13264.225
-12995.254
-14755.806
-12902.491
-14464.16
-14251.845
-15378.342
-16216.253
-17358.355
-18489.731
-19300.974
-20486.988
-21322.265
-21984.169
-21262.304
-20935.061
-20014.132
-16742.797
-11498.598
-11729.604
12653.725
11511.684
6754.0794
11097.922
9990.7582
8101.4257
8778.3058
9432.4463
6531.5919
9422.2842
8722.7567
5719.1871
10428.038
9081.7314
6677.1832
10654.703
9701.3259
6900.7311
10447.177
10147.952
8078.4925
12702.678
12040.236
9874.5567
12630.775
13324.843
10408.33
15211.007
14375.678
12860.679
16394.341
16250.366
14968.284
17879.084
18645.943
16435.487
18459.263
20224.782
18756.561
19735.193
22425.472
20768.335
20846.817
23634.192
21584.891
21546.25
23956.834
23518.693
20744.488
25239.336
24045.008
23541.689
24288.389
23941.785
20130.991
22565.556
21595.848
20471.48
21119.23
20991.738
15672.827
16544.704
15992.808
13553.745
10215.376
11005.207
-3916.1031
2756.6482
3052.7156
1665.1018
-5078.0403
-4599.988
2075.8575
128.08293
-3572.8143
2596.8972
-570.06739
-3150.8052
2305.9562
-787.86748
-2271.2137
2058.2126
419.4723
-2525.2193
1785.1607
-654.27869
-1788.338
2416.6067
441.36766
-2130.2896
1819.781
-630.48676
-2731.883
1485.1574
-302.34872
-2154.1169
1470.9192
27.943123
-2909.1813
1730.1535
-283.54502
-2563.4595
1314.2229
-593.47769
-2252.1036
1140.4144
-661.82793
-3028.6216
1489.7923
538.36094
-2207.8608
1086.0069
48.629807
-3284.2856
1252.1991
742.6582
-1925.32
340.42968
2067.04
-2601.5148
892.33043
1587.776
-3439.5476
-316.17027
1197.7225
-1596.9516
-1147.0733
1861.0115
-958.99832
-108.05662
1486.8364
-377.61291
1615.3183
4233.5251
1045.1715
4589.3878
5322.4129
4442.2428
-7770.7334
-11791.434
-12367.379
-5707.9269
-6608.2446
-10749.526
-5672.4054
-10797.744
-11795.42
-8223.1153
-8228.557
-11970.89
-7209.4735
-8986.2614
-12033.126
-6666.955
-9698.898
-12329.229
-7509.61
-10000.722
-13379.681
-8501.2624
-12154.517
-12361.139
-9576.5366
-11093.484
-14473.1
-11538.508
-14816.969
-14464.717
-13038.26
-14422.002
-16335.071
-13647.638
-18052.637
-17445.954
-15053.424
-18838.541
-17723.627
-16848.515
-21108.954
-20023.811
-18084.546
-22939.652
-20799.969
-19564.514
-23437.231
-21763.156
-19309.363
-25067.479
-22553.799
-19641.732
-24499.803
-22497.016
-19310.278
-24136.552
-20565.333
-17339.673
-20473.154
-19497.439
-17142.998
-18812.638
-17688.362
-8056.3471
-13336.794
-11258.679
-6011.507
-9864.9889
-7850.0071
)
;

boundaryField
{
    free
    {
        type            calculated;
    }
    bottom
    {
        type            calculated;
    }
    traction
    {
        type            calculated;
    }
}


// ************************************************************************* //
