/*--------------------------------*- C++ -*----------------------------------*\
  =========                 |
  \\      /  F ield         | OpenFOAM: The Open Source CFD Toolbox
   \\    /   O peration     | Website:  https://openfoam.org
    \\  /    A nd           | Version:  6
     \\/     M anipulation  |
\*---------------------------------------------------------------------------*/
FoamFile
{
    version     2.0;
    format      ascii;
    class       pointScalarField;
    location    "0.399807";
    object      p;
}
// * * * * * * * * * * * * * * * * * * * * * * * * * * * * * * * * * * * * * //

dimensions      [1 -1 -2 0 0 0 0];

internalField   nonuniform List<scalar> 
625
(
522538.17
-715198.97
8351.9816
10690.222
916296.13
-1443736.2
8243.63
-1359.434
392969.93
-29130.462
-43369.545
-14789.379
2258.3356
5375.3198
206848.01
225903.24
230062.12
221787.48
203081
198701.79
179401.87
167340.2
157428.03
143633.43
131957.08
116175.42
106722.74
95153.331
85194.805
76568.422
68069.262
60764.337
52656.377
46888.52
38231.746
31133.273
23164.235
-246342.89
-199045.85
-219683.78
-190574.72
-178547.87
-179566.27
-154591.62
-151698.09
-138981.14
-127318.2
-117259.59
-103258.09
-94668.948
-82408.758
-73117.104
-63452.351
-53935.118
-47810.142
-39815.375
-35052.82
-31293.236
-19620.863
-9953.8085
491091.49
-69870.93
-159108.45
-263699.08
-318483.15
-228143.51
-219951.85
-243803.18
-178152.89
-199833.89
-176509.44
-156921.58
-144240.08
-129984.22
-116513.02
-105748.67
-92550.247
-82342.69
-73159.503
-63917.977
-55980.418
-48269.744
-39551.554
-30416.28
-22039.752
-9459.2265
9881.7033
-268.5841
-4266.45
24210.042
26693.866
39110.727
45510.534
56531.625
66114.162
75699.009
87448.188
97004.775
110578.92
124571.67
138867.01
147546.83
163619.09
175736.05
189312.2
201309.14
205107.7
244867.98
216838.51
269915.3
236099.99
247093.35
527786.83
544742.03
500194.11
-639034.02
-894143.17
-906250.2
15489.312
14841.52
16019.898
-5110.3584
2331.5377
-3692.7034
120443.01
148559.87
141144.23
130144.37
122598.18
116095.67
106408.31
100012.27
92269.348
82187.461
74422.711
69959.768
63859.874
57663.552
53166.914
47632.422
43094.265
39240.114
32415.345
27140.93
20531.955
12913.807
13269.432
-30483.198
-22241
-25518.661
-11944.288
-20413.957
-10832.424
-16162.263
-12991.745
-12315.719
-11687.272
-9039.6076
-7854.8146
-7303.64
-5328.0682
-3752.1823
-2642.544
1051.4083
305.69913
3418.9557
5960.069
5593.4287
6933.0494
4426.9173
-168174.72
-109200.39
-130364.32
-108503.76
-120449.05
-102103.37
-104182.35
-91511.749
-84808.339
-78418.777
-71900.197
-64770.816
-57859.542
-50675.504
-44376.991
-37295.51
-32069.244
-26377.895
-19392.152
-16642.228
-10622.188
-9381.4438
68.011697
304478.86
314586.08
351532.83
1288.2355
-7212.3533
-55741.54
-160723.95
-75461.501
-66693.274
-378464.43
-386080.33
-374066.46
-283373.51
-292299.5
-310816.99
-238535.59
-237030.72
-255318.09
-207842.8
-204836.86
-210747.19
-201072.74
-198543.31
-214350.41
-183004.98
-176795.29
-184747.69
-175526.81
-170921.26
-167520.13
-161981.5
-151832.51
-161117.53
-148983.65
-141669.8
-146667.16
-135554.13
-128051.35
-133494.97
-123109.08
-116528.71
-121516.52
-113556.78
-103164.81
-105336.98
-98700.161
-92964.64
-96166.45
-89460.868
-81540.926
-85545.88
-77671.961
-71568.908
-74972.12
-67999.697
-62631.967
-65803.414
-58712.556
-54367.592
-56906.672
-48145.082
-46674.704
-48785.81
-41083.56
-40441.742
-41720.186
-33614.616
-33366.025
-33988.371
-24978.47
-25706.342
-25090.966
-17709.493
-18852.799
-20573.022
-12131.233
-9642.2816
-9448.1998
-15431.915
-17829.913
-19825.025
5964.9754
873.28378
978.18803
9557.8906
10639.448
10078.512
262138.76
249978.28
272324.05
281679.86
227271.25
262935.53
260340.24
234952.55
254576.35
239058.96
213095.18
235738.02
229198.8
210463.31
220136.37
210359.54
193100.34
207214.29
200334.59
183163.45
196094.63
186051.49
167707.38
182610.57
171676.9
156282.61
169655.78
155338.67
145479.51
158020.01
140886.84
134343.54
144658.74
132136.64
120393.63
126043.51
118322.73
108733.03
117063.64
107409.47
97396.643
106304.96
96380.74
86942.784
94517.291
86183.193
77139.278
83418.899
75034.2
67353.533
73988.216
64315.243
60984.05
63881.25
56792.507
52005.808
54505.754
47247.494
43770.175
45415.5
37426.893
36990.326
36958.733
29070.41
30482.06
26705.586
26638.772
28541.136
28371.841
112960.73
155933.64
122734.75
140781.17
129422.39
125918.24
122096.87
111981.48
104718.26
95579.157
86998.361
81913.322
76503.913
66206.707
60772.684
53363.09
46590.645
40634.683
34767.502
29957.211
21486.305
18083.669
9462.1545
-38904.769
14509.718
5537.8394
23394.483
29152.548
26348.935
28236.333
27941.767
27140.278
25560.489
25539.561
24882.298
20159.569
19928.899
18197.849
15601.291
14050.009
13010.744
11162.263
9700.3111
8679.1718
7311.5104
8430.0475
-124601.22
-83130.487
-147211.13
-103791.11
-114704.22
-111093.75
-97569.675
-88527.628
-82293.484
-73108.522
-65449.147
-61460.848
-52873.676
-48125.141
-42474.566
-38297.769
-34127.834
-29680.052
-25869.343
-22852.743
-16934.982
-9424.2595
-9679.6675
193754.29
205327.43
182195.91
142901.49
188899.08
161713.61
125098.08
136564.8
146786
114679.48
143010.59
127621.59
113865.16
118365.81
123628.46
106400.92
117214.8
120983.35
93761.014
107847.3
109360.45
91219.244
101136.93
104070.17
79508.711
94825.291
96845.153
75814.332
86375.531
91443.102
71048.459
82995.207
79010.707
62989.768
69463.717
78018.399
57128.87
66550.753
69487.347
52446.629
60462.082
62640.699
47260.761
54509.958
55383.648
43339.557
48302.067
50835.609
38272.022
44842.675
44247.719
37542.538
37909.417
39117.795
30611.394
33395.254
32367.129
28019.095
28496.541
27954.046
21540.787
21886.572
21977.596
17646.667
15313.877
14487.526
-1170.3388
5345.2764
5792.2934
-31681.618
-47910.175
-24077.28
4625.378
9554.7954
-1191.5624
5650.8023
-1044.005
-3569.4487
1080.384
10465.488
-10366.56
12157.697
9651.2878
6485.2305
180.78935
14668.742
-17.788559
8868.6257
13734.731
4310.3415
4156.9074
15113.836
4855.7352
6320.1649
13720.467
6819.6182
5301.6116
16494.265
6303.9835
7979.65
11940.218
7325.4705
5976.9014
12657.063
8954.9231
6633.8603
14239.599
8645.0914
7241.8413
12747.056
8294.8352
6982.6712
12762.348
7498.3696
8313.0579
11577.985
7849.766
6748.3985
11984.393
6347.924
8055.7217
10266.488
4812.4294
6423.4987
8236.0928
5980.9865
5282.1601
8831.6642
5508.2996
5573.8343
6919.1403
4832.0582
6237.1842
8344.6067
4431.9598
8298.7162
8890.3333
7912.8293
-136177.49
-181585.72
-150935.4
-125172.47
-99785.431
-124402.17
-108529.15
-157521.44
-134525.23
-133093.23
-111601.87
-132870.77
-105705.68
-129551.19
-116388.76
-103795.88
-110878.11
-114611.68
-97256.486
-107141.13
-106395.44
-87488.707
-99806.412
-97362.859
-83472.339
-90202.784
-88930.201
-75832.082
-82242.234
-81658.718
-67806.917
-74875.606
-72996.758
-61607.242
-66111.009
-66007.636
-52908.589
-61154.109
-58645.385
-47934.091
-53208.275
-52379.675
-40907.215
-47344.003
-47038.394
-36212.973
-41569.548
-40987.352
-30787.724
-35934.727
-36532.961
-25654.4
-31602.835
-31431.839
-22085.011
-26144.966
-25276.038
-17241.533
-20752.606
-21548.858
-14915.654
-16558.121
-17333.92
-5186.167
-9877.8044
-9341.4887
-3207.1741
-7103.4487
-4948.1133
)
;

boundaryField
{
    free
    {
        type            calculated;
    }
    bottom
    {
        type            calculated;
    }
    traction
    {
        type            calculated;
    }
}


// ************************************************************************* //
