/*--------------------------------*- C++ -*----------------------------------*\
  =========                 |
  \\      /  F ield         | OpenFOAM: The Open Source CFD Toolbox
   \\    /   O peration     | Website:  https://openfoam.org
    \\  /    A nd           | Version:  6
     \\/     M anipulation  |
\*---------------------------------------------------------------------------*/
FoamFile
{
    version     2.0;
    format      ascii;
    class       pointVectorField;
    location    "0.399807";
    object      u;
}
// * * * * * * * * * * * * * * * * * * * * * * * * * * * * * * * * * * * * * //

dimensions      [0 1 0 0 0 0 0];

internalField   nonuniform List<vector> 
625
(
(0 0 0)
(0 0 0)
(1.2556617 0.0060368208 0.010809662)
(1.209032 -0.29470967 -0.008746899)
(0 0 0)
(0 0 0)
(1.2282077 -0.29960238 -0.0097455544)
(1.2746949 0.00079974146 0.010366893)
(0 0 0)
(0 0 0)
(0 0 0)
(1.2435324 -0.069893411 0.005015206)
(1.2315987 -0.14399471 0.00099346742)
(1.2204169 -0.2183708 -0.0040868)
(0.0025238081 0.012129536 0.011741541)
(0.01043824 0.024852125 0.013287273)
(0.026035636 0.037377229 0.014455288)
(0.047976374 0.048844991 0.015220695)
(0.075660237 0.058867597 0.015828376)
(0.10944405 0.067909305 0.016445095)
(0.14784793 0.075063666 0.016906391)
(0.19124964 0.081000411 0.017362254)
(0.23903935 0.085229616 0.017685925)
(0.29071781 0.087926948 0.017787221)
(0.34602213 0.089274027 0.017823943)
(0.40455614 0.089026124 0.017509061)
(0.46597342 0.087623294 0.017269597)
(0.52993763 0.084854327 0.016791659)
(0.59616645 0.081021111 0.01629913)
(0.66438375 0.076029206 0.015702088)
(0.73436252 0.070301198 0.015054044)
(0.80576479 0.063476677 0.014575471)
(0.87866723 0.055830958 0.013866371)
(0.95247495 0.047457943 0.013378566)
(1.0273581 0.038289799 0.012826084)
(1.1028382 0.028657626 0.012279664)
(1.1785875 0.017837633 0.011993069)
(-0.0022976815 -0.0099762724 -0.013941771)
(0.007857956 -0.020479873 -0.012087561)
(0.021297415 -0.033107893 -0.01385478)
(0.042044212 -0.044802597 -0.01268603)
(0.067299619 -0.056268783 -0.012469728)
(0.099009568 -0.068630959 -0.011857768)
(0.13424199 -0.080156144 -0.011456228)
(0.17521536 -0.09234104 -0.010729078)
(0.21980623 -0.10464305 -0.010458647)
(0.26861045 -0.11675377 -0.0099218577)
(0.32094175 -0.12932019 -0.0097058828)
(0.37669362 -0.14179754 -0.0093180731)
(0.43540247 -0.1544987 -0.0092400682)
(0.49678173 -0.1671774 -0.0091616707)
(0.56065774 -0.17997974 -0.0091932534)
(0.62664589 -0.1927662 -0.0092746801)
(0.69470639 -0.20567107 -0.0093646606)
(0.76429229 -0.21865318 -0.0095698347)
(0.83568363 -0.23148414 -0.0095478761)
(0.90812926 -0.24443214 -0.0096471967)
(0.98200082 -0.25730947 -0.0095314338)
(1.0567509 -0.2699663 -0.0094890092)
(1.1323332 -0.28243843 -0.0093724398)
(0 0 0)
(0 0 0)
(0 0 0)
(0.0026554118 -0.0063694245 0.0092817076)
(0.012085477 -0.026636126 0.010597695)
(0.027443594 -0.033102554 0.0083292425)
(0.048999911 -0.047252526 0.0069963453)
(0.076744598 -0.060503849 0.0070895607)
(0.10838357 -0.070910316 0.0051490534)
(0.14564826 -0.084450782 0.005189359)
(0.18711078 -0.096149206 0.0041322435)
(0.23282678 -0.10844539 0.0033643376)
(0.28251031 -0.12080595 0.0025628167)
(0.33570642 -0.133248 0.0016292763)
(0.39210504 -0.14568346 0.00086451162)
(0.4514899 -0.15837621 -0.00016397218)
(0.5135002 -0.17104033 -0.0011211281)
(0.57785248 -0.18384298 -0.002109003)
(0.64432072 -0.1967928 -0.0030507316)
(0.71266144 -0.20975766 -0.0040040273)
(0.78267148 -0.22284438 -0.0048858796)
(0.85413138 -0.23595532 -0.0056924142)
(0.92695057 -0.24903199 -0.0065091016)
(1.0008175 -0.262115 -0.0072214632)
(1.0758429 -0.27482468 -0.0079673147)
(1.1513098 -0.28758519 -0.0086425679)
(1.2397664 -0.22338384 -0.0047400905)
(1.2505075 -0.14921108 0.00059480323)
(1.2624573 -0.07552355 0.0060869977)
(1.1977897 0.012732688 0.0095888202)
(1.121441 0.023428708 0.0094091849)
(1.0459835 0.033256353 0.0092583336)
(0.97080641 0.04285321 0.008913725)
(0.89675024 0.051407937 0.008769353)
(0.82374381 0.059237882 0.0085253876)
(0.75204118 0.066172762 0.0083962642)
(0.68179327 0.072166438 0.0081334529)
(0.61321712 0.077120012 0.0078671791)
(0.54656149 0.080999226 0.0074584605)
(0.48205987 0.083629763 0.0069050974)
(0.41991421 0.085105662 0.006031304)
(0.36074662 0.085136176 0.0053298154)
(0.30452852 0.083819391 0.0041359717)
(0.25183365 0.081087148 0.0028364691)
(0.20298124 0.076912189 0.001347057)
(0.1584327 0.071446127 -0.00035949315)
(0.11829477 0.064287192 -0.0018533497)
(0.084099772 0.055887126 -0.0039202972)
(0.054243145 0.045793003 -0.0051802008)
(0.030841326 0.035659228 -0.0078026906)
(0.013491001 0.023074703 -0.008651509)
(0.0068684739 0.011518617 -0.007268789)
(0 0 0)
(0 0 0)
(0 0 0)
(0 0 0)
(0 0 0)
(0 0 0)
(1.2137221 -0.29624276 -0.0093262957)
(1.21868 -0.29761433 -0.0090871357)
(1.2232713 -0.29894259 -0.0094706515)
(1.2609162 0.0051675172 0.01069109)
(1.2655883 0.0037004171 0.010495211)
(1.2704701 0.0026681909 0.010345337)
(-0.0027645093 0.007298346 0.0082401111)
(0.0060037966 0.013929558 0.0069764766)
(0.020774147 0.020403975 0.0079830305)
(0.042543487 0.025953952 0.0084238282)
(0.069902753 0.03063312 0.0089131728)
(0.10314306 0.034353885 0.0094740398)
(0.1412257 0.036688058 0.0099752205)
(0.18419278 0.038082081 0.010412565)
(0.2313893 0.038102244 0.010696417)
(0.28251716 0.03710203 0.010915696)
(0.33727737 0.034933189 0.010968287)
(0.39541339 0.031592974 0.01090589)
(0.45632498 0.027346856 0.01070652)
(0.51987172 0.02207221 0.010376757)
(0.58567653 0.015963019 0.010029093)
(0.65354327 0.009052866 0.0094927966)
(0.7231204 0.0013855417 0.0091041252)
(0.79433835 -0.006880284 0.0085379772)
(0.86699911 -0.01595186 0.0080416043)
(0.94060192 -0.025559336 0.0076542434)
(1.0154073 -0.035725766 0.007087247)
(1.0907929 -0.046345006 0.006609708)
(1.1669068 -0.058182106 0.0062105315)
(-0.0053741118 0.0015974842 0.00031447182)
(0.0040506685 0.0015821037 -0.00017760912)
(0.018731091 0.0027349145 0.00079144252)
(0.039744904 0.0026301502 0.0011358634)
(0.067057847 0.0016666389 0.0017661262)
(0.099591998 0.00036381872 0.0023705939)
(0.13703534 -0.0019720744 0.0028464016)
(0.1793955 -0.0050463544 0.0032902155)
(0.22582335 -0.0089702313 0.0036355432)
(0.27649451 -0.013780524 0.0040222153)
(0.33052514 -0.01931863 0.0039618106)
(0.38797572 -0.025783309 0.0041285119)
(0.44826294 -0.032857328 0.0039807742)
(0.511233 -0.040619234 0.0038139389)
(0.57649301 -0.049009344 0.0035528449)
(0.64385163 -0.057908675 0.0031693881)
(0.71305529 -0.067394911 0.0029454961)
(0.78380306 -0.077156965 0.0024265789)
(0.85593526 -0.087525056 0.0022452389)
(0.92925592 -0.098198314 0.0019467932)
(1.0038785 -0.10926116 0.0015718716)
(1.0792239 -0.12075286 0.0014909154)
(1.155617 -0.13233899 0.0011277811)
(-0.0060023062 -0.0045961893 -0.0054249367)
(0.004058558 -0.0088044909 -0.0052849029)
(0.017655004 -0.013874218 -0.0057813628)
(0.039075276 -0.019609925 -0.0052607928)
(0.065510891 -0.026200134 -0.0050097623)
(0.097312515 -0.032395637 -0.0044772708)
(0.13436699 -0.039850451 -0.0040861748)
(0.17576661 -0.047255896 -0.0035641324)
(0.2216817 -0.055415056 -0.0031840589)
(0.27135981 -0.064091236 -0.0028578222)
(0.32480495 -0.073060293 -0.0026838777)
(0.38151241 -0.082682364 -0.0024973634)
(0.44110694 -0.092583157 -0.002518048)
(0.50342029 -0.10291263 -0.0025670199)
(0.56803402 -0.11353823 -0.0027329306)
(0.63485467 -0.124489 -0.0029222059)
(0.70340233 -0.13564778 -0.0031624904)
(0.77379207 -0.1470277 -0.0034307817)
(0.84556226 -0.15868422 -0.0036081947)
(0.91878442 -0.17043012 -0.0039065453)
(0.99304403 -0.18250131 -0.0040179757)
(1.0681979 -0.19437943 -0.0041440798)
(1.1441709 -0.20647584 -0.0041539634)
(0 0 0)
(0 0 0)
(0 0 0)
(0 0 0)
(0 0 0)
(0 0 0)
(0 0 0)
(0 0 0)
(0 0 0)
(0.0034801167 -0.0037290112 -0.0060050196)
(0.0051311597 -0.0053836474 -0.002265333)
(0.005184409 -0.0045471852 0.0027186104)
(0.014251614 -0.023453419 -0.0071350955)
(0.015524064 -0.02442437 -0.002092338)
(0.016409558 -0.024487351 0.0045770992)
(0.027336991 -0.03309697 -0.0078688687)
(0.030132012 -0.032852862 -0.0026588512)
(0.031061311 -0.034696667 0.0036800465)
(0.047921466 -0.045841997 -0.0072618547)
(0.050904726 -0.047180123 -0.00257875)
(0.05104048 -0.046964005 0.0025844608)
(0.074041996 -0.058158466 -0.0074599159)
(0.076669982 -0.058691913 -0.0033178642)
(0.078499889 -0.060546844 0.0024011895)
(0.10455599 -0.069809313 -0.0073359191)
(0.10828364 -0.070851649 -0.0026616311)
(0.10971205 -0.071629948 0.0014733655)
(0.14079262 -0.081956451 -0.0068887971)
(0.1443466 -0.083402762 -0.0034383213)
(0.14594197 -0.083771327 0.0014703156)
(0.18123263 -0.094191283 -0.0069191464)
(0.18487394 -0.094833929 -0.0032034236)
(0.18725402 -0.09646927 0.00084353919)
(0.22593028 -0.10615159 -0.006651768)
(0.22997402 -0.10759246 -0.003436642)
(0.2323799 -0.10847041 0.00032360858)
(0.27470762 -0.11856813 -0.0065855949)
(0.27876475 -0.11968546 -0.0036194831)
(0.28154944 -0.12076061 -0.00017320826)
(0.32694465 -0.13090068 -0.0066476464)
(0.33133357 -0.13217188 -0.0038301067)
(0.33434732 -0.13321913 -0.00086728063)
(0.38275726 -0.14363605 -0.0066100153)
(0.38704734 -0.14455083 -0.0043055574)
(0.39033181 -0.14552013 -0.0013373697)
(0.44130669 -0.15599083 -0.0067979602)
(0.44580171 -0.15715691 -0.0045616373)
(0.44928031 -0.15828027 -0.0021504904)
(0.50271274 -0.16879338 -0.0069701784)
(0.50725346 -0.16988517 -0.0050815554)
(0.510981 -0.17088269 -0.0028859688)
(0.56646376 -0.18147986 -0.0072830645)
(0.57112024 -0.18258605 -0.005610648)
(0.57499904 -0.18359035 -0.0036538787)
(0.63245353 -0.19433483 -0.0076014264)
(0.6371371 -0.1954107 -0.0061263117)
(0.64120456 -0.19645159 -0.0044212994)
(0.70031482 -0.20716891 -0.0079213136)
(0.7050901 -0.20827278 -0.006694294)
(0.70927519 -0.20935787 -0.0051864804)
(0.76993668 -0.21995842 -0.0082845614)
(0.77474874 -0.22124911 -0.0072145163)
(0.7790641 -0.22231261 -0.0059059615)
(0.84106015 -0.23302712 -0.0085084393)
(0.8459369 -0.23416814 -0.0076461899)
(0.85032029 -0.23531471 -0.0065490789)
(0.91357716 -0.24581626 -0.0088054152)
(0.91843717 -0.247141 -0.0080780423)
(0.92291175 -0.24831187 -0.0072032166)
(0.98723541 -0.25876558 -0.0089798402)
(0.99208142 -0.2600601 -0.0083573478)
(0.99663644 -0.26119659 -0.0077464545)
(1.0618708 -0.27140761 -0.0091238698)
(1.0667785 -0.2727323 -0.0087136595)
(1.0714137 -0.27405864 -0.0083562517)
(1.137287 -0.2840863 -0.0091937754)
(1.1420781 -0.28530622 -0.0090555178)
(1.1468339 -0.286504 -0.0088442023)
(1.2488573 -0.070944481 0.0056348593)
(1.2535297 -0.072199492 0.0056190309)
(1.2583167 -0.073522708 0.0057267395)
(1.2362319 -0.14535387 0.00095751182)
(1.241356 -0.14666265 0.00068966376)
(1.2457471 -0.1479903 0.00057035483)
(1.2253806 -0.21998853 -0.0042837085)
(1.2303716 -0.22127247 -0.004388395)
(1.2348877 -0.22237388 -0.0044304893)
(0.0079033201 0.0099183944 0.0062446172)
(0.0087217117 0.010617173 0.0020536979)
(0.0096341466 0.010969638 -0.0019169346)
(0.016521695 0.022993574 0.0071540975)
(0.017258403 0.023419409 0.0025079597)
(0.017826991 0.023206688 -0.0041164678)
(0.032087234 0.036105639 0.0089501203)
(0.033572088 0.03626574 0.0033367643)
(0.034680044 0.036605164 -0.0023420103)
(0.05362635 0.047229392 0.0096453724)
(0.056338635 0.046922398 0.0046192671)
(0.057073115 0.046779728 -0.00094332982)
(0.082025368 0.057592435 0.010604116)
(0.084525288 0.057312533 0.0059162048)
(0.085719874 0.057421456 0.00074593167)
(0.11513658 0.066483633 0.011570449)
(0.11842851 0.065432604 0.0072179266)
(0.12026826 0.065228292 0.0021891821)
(0.15413773 0.073469367 0.012372541)
(0.15739406 0.072948713 0.0083608232)
(0.15939049 0.072361864 0.0035543408)
(0.19748726 0.079248834 0.013110917)
(0.20091706 0.078510572 0.0093242595)
(0.20341924 0.07806454 0.0049421724)
(0.24517671 0.083540784 0.013763121)
(0.24899701 0.082787258 0.010193294)
(0.25172077 0.082168254 0.0062050483)
(0.29687479 0.0863318 0.014230763)
(0.30087686 0.085499909 0.010936148)
(0.30385735 0.084845522 0.0072360589)
(0.35202991 0.087802349 0.014632184)
(0.35640731 0.086808082 0.011389193)
(0.35966037 0.086020267 0.0082206747)
(0.41073207 0.087610191 0.014556044)
(0.41495295 0.086616919 0.012080606)
(0.41838515 0.085974696 0.008580641)
(0.47200424 0.086187349 0.014572515)
(0.47641182 0.085238858 0.012020364)
(0.48007932 0.084638193 0.0092506438)
(0.53594198 0.083550286 0.014350804)
(0.54040036 0.082595406 0.012172735)
(0.54429833 0.081818354 0.0095705324)
(0.6020741 0.079738822 0.014106613)
(0.60662813 0.078782222 0.012085061)
(0.61063446 0.077963276 0.0097546775)
(0.67023621 0.074883962 0.013690691)
(0.6748124 0.073803889 0.011930935)
(0.6789423 0.073038381 0.0098154599)
(0.74011399 0.068921858 0.013343198)
(0.74466498 0.068047005 0.011748305)
(0.74896579 0.06708448 0.0098840008)
(0.81137252 0.062232694 0.012904625)
(0.81616133 0.061108685 0.011503351)
(0.82045183 0.060204629 0.0098174439)
(0.88418376 0.054628924 0.012491704)
(0.88883572 0.053496889 0.011314544)
(0.89322651 0.052531597 0.0098825077)
(0.95787975 0.046194942 0.012166881)
(0.96265487 0.045139305 0.011097236)
(0.9671142 0.04400399 0.0098366613)
(1.0327167 0.037194059 0.011768684)
(1.0375075 0.035793406 0.010857413)
(1.0419267 0.034769741 0.010021792)
(1.1080146 0.027079655 0.011398262)
(1.1128516 0.02592674 0.010809991)
(1.1174276 0.024791928 0.01009178)
(1.1842599 0.016956841 0.011340794)
(1.1888344 0.01547527 0.010725097)
(1.1936763 0.014241897 0.010374288)
(7.6797874e-05 0.0034492503 -0.0046678838)
(0.0095817461 0.014336518 -0.0047852488)
(0.025315418 0.017029287 -0.0026527238)
(0.049093219 0.02305672 -0.0022648588)
(0.077903659 0.027147053 -0.0011645721)
(0.11231387 0.030255923 0.00034969407)
(0.15170924 0.032644386 0.0011531006)
(0.19571797 0.033702119 0.0022285734)
(0.24407462 0.033766563 0.0030899923)
(0.29618018 0.032721993 0.0038892495)
(0.35196438 0.030667498 0.0043775014)
(0.41064658 0.027514775 0.0049660312)
(0.47224348 0.023209001 0.0051494415)
(0.53638482 0.018022446 0.0054245093)
(0.6026645 0.011961022 0.0054276689)
(0.67088132 0.0049668659 0.0054475525)
(0.74082543 -0.002819515 0.0053937061)
(0.81226717 -0.011344014 0.005318935)
(0.88500561 -0.020527445 0.005270511)
(0.95892984 -0.030440076 0.0051973564)
(1.03381 -0.040881593 0.0052234625)
(1.1093778 -0.051802162 0.0053000935)
(1.1857705 -0.063527406 0.0055035975)
(-0.0037459834 0.0020016033 0.0003882108)
(0.0076283866 0.0024917048 0.00031094293)
(0.023713592 0.00046050685 0.00080886015)
(0.047528352 0.00049110512 0.00094243717)
(0.07517229 -0.00075540536 0.0012817035)
(0.10953123 -0.0029093757 0.001876867)
(0.14797093 -0.0052915882 0.0022991509)
(0.19145968 -0.0086084462 0.0027160906)
(0.23899926 -0.012679122 0.0030393994)
(0.29048001 -0.017427402 0.0032895311)
(0.34542862 -0.023116828 0.0033918917)
(0.40355149 -0.029355732 0.0034058467)
(0.46448565 -0.036557438 0.0033396647)
(0.52802928 -0.044248177 0.0031410776)
(0.59374814 -0.052672536 0.0028418818)
(0.66150986 -0.061733215 0.0025493595)
(0.7309865 -0.071274252 0.0022105034)
(0.80205676 -0.081362429 0.0018413064)
(0.87447707 -0.091897418 0.0015577109)
(0.94809299 -0.10289094 0.0012092111)
(1.022868 -0.11401235 0.0010825865)
(1.0982065 -0.12570892 0.00076997655)
(1.1750731 -0.13760826 0.00055651722)
(-0.0043574626 -0.0040743092 0.0046666217)
(0.0089997162 -0.0069153676 0.0036341865)
(0.024293439 -0.017040265 0.0059717977)
(0.046366263 -0.019601492 0.0039153499)
(0.074369047 -0.028247754 0.0047427135)
(0.10779485 -0.035099503 0.0042451712)
(0.14547834 -0.042275402 0.004131018)
(0.18829366 -0.050267536 0.0039049312)
(0.23505464 -0.058575547 0.0036855396)
(0.28570305 -0.067229175 0.0033471505)
(0.33994026 -0.076375993 0.0029053923)
(0.39723709 -0.086013339 0.0025093156)
(0.45753948 -0.095836322 0.0018977579)
(0.52038873 -0.10628075 0.0013093658)
(0.58546476 -0.11694749 0.00066134855)
(0.65263999 -0.12800387 1.037879e-05)
(0.72161598 -0.13936327 -0.00064268853)
(0.7921894 -0.15098462 -0.0012805483)
(0.86419596 -0.16286769 -0.0018637121)
(0.93749705 -0.17488153 -0.0023956211)
(1.0117981 -0.18702567 -0.0029104371)
(1.0872339 -0.19930522 -0.0035352784)
(1.1631552 -0.211268 -0.003837012)
(0.0012478856 0.0032929832 0.0038524303)
(0.0014427941 0.0037436836 0.0016517032)
(0.0025425489 0.0035989677 -0.00096439061)
(0.011144262 0.01346455 0.0038081472)
(0.013150398 0.01331915 0.00083658771)
(0.013031312 0.012942606 -0.0027696296)
(0.026460593 0.019123507 0.0046292601)
(0.028029542 0.018173964 0.0018854311)
(0.028993183 0.018351285 -0.00072807495)
(0.048167096 0.024683615 0.0051595487)
(0.051132738 0.024752593 0.0026401819)
(0.0515528 0.023625646 2.1196618e-05)
(0.076026052 0.029483555 0.0058475316)
(0.078660131 0.028566659 0.0035268107)
(0.080110247 0.027786697 0.0013012754)
(0.10909004 0.032669372 0.0065946712)
(0.11226648 0.032159832 0.0045208439)
(0.11391108 0.0312881 0.0019469152)
(0.14729881 0.035181481 0.007392508)
(0.15087225 0.034455372 0.0051133765)
(0.15261042 0.033394912 0.0031466469)
(0.19021687 0.036517925 0.0078747291)
(0.19385376 0.035625323 0.0060432408)
(0.19609685 0.034628852 0.0039418229)
(0.23747099 0.036534545 0.0084714535)
(0.24135901 0.035722981 0.0066379745)
(0.24392995 0.03465405 0.0047504491)
(0.28860301 0.035652473 0.0087972036)
(0.29271823 0.034639038 0.0071402889)
(0.29552262 0.033491885 0.0054118712)
(0.34344309 0.033398285 0.0089966465)
(0.34768589 0.032361218 0.0075325453)
(0.35076805 0.031495217 0.0059379787)
(0.40141973 0.03019192 0.009159515)
(0.40585131 0.029248505 0.0076769813)
(0.40913621 0.028182769 0.0061699863)
(0.46232858 0.025955824 0.0090849324)
(0.46674861 0.025000344 0.0077412743)
(0.47033191 0.024041279 0.0064156245)
(0.52578676 0.020755852 0.0089277157)
(0.5303487 0.01985299 0.0077255559)
(0.5341094 0.018756098 0.0064561373)
(0.59153736 0.014709624 0.0086549424)
(0.59615373 0.01368913 0.0075511457)
(0.60006158 0.01271946 0.0064188632)
(0.65931772 0.0077821398 0.0083442324)
(0.66398049 0.0068446372 0.0072971506)
(0.66803951 0.0057847236 0.0063101165)
(0.72889675 0.00017131386 0.0078788736)
(0.73351108 -0.00085359472 0.0070696902)
(0.73772031 -0.0019393116 0.006133933)
(0.79985396 -0.0081630918 0.0076276305)
(0.80469449 -0.0093230351 0.0067448564)
(0.80894513 -0.010382699 0.0059904682)
(0.87239732 -0.017216253 0.0071867569)
(0.87714587 -0.018259964 0.0065179933)
(0.88147124 -0.019423702 0.005815727)
(0.94590555 -0.026757225 0.0068524065)
(0.95072838 -0.027999032 0.0062860499)
(0.95516803 -0.029218012 0.0056581025)
(1.0205799 -0.03693562 0.0064515128)
(1.0254349 -0.038305883 0.0060581405)
(1.0299084 -0.039490609 0.0056180051)
(1.0959434 -0.047790723 0.0061549511)
(1.1007358 -0.04893992 0.0060661578)
(1.1052586 -0.050254091 0.005545589)
(1.1719483 -0.05923271 0.0059871568)
(1.1766876 -0.060561174 0.0058604665)
(1.1814581 -0.061895832 0.0057638926)
(-0.0018388648 0.00055521038 -0.00032255258)
(-0.00098021758 0.0015868692 -0.00040993584)
(-1.8142768e-05 0.0010692818 0.00037359143)
(0.0087344156 0.0017765086 -0.00084619597)
(0.010635393 0.0018335399 -0.00050856039)
(0.010673348 0.0012646231 -0.00048380553)
(0.024198007 0.0017235479 -0.00010841897)
(0.02636578 0.0013613716 0.00093035363)
(0.026797058 0.0012750783 0.00043644957)
(0.045509456 0.001415874 0.00043973567)
(0.048758652 0.0010018968 0.00083670341)
(0.049032618 -0.00013282665 0.00057426452)
(0.072966894 0.00066146968 0.0010714949)
(0.0759982 -0.00025718593 0.00181606)
(0.076849695 -0.00056411857 0.0009582556)
(0.10529555 -0.0010059447 0.001690422)
(0.10907642 -0.001860345 0.0020786196)
(0.11009449 -0.0027215152 0.0016574485)
(0.14307172 -0.0032556952 0.0021482065)
(0.14677733 -0.0044385622 0.0026679875)
(0.14833686 -0.0051473063 0.002193911)
(0.18533721 -0.0065052275 0.0027137809)
(0.18931288 -0.0075468845 0.0031809816)
(0.19111483 -0.0083476598 0.0025853371)
(0.23185897 -0.010405247 0.0031153913)
(0.23597696 -0.01158309 0.0034177644)
(0.2383077 -0.0124943 0.0029802701)
(0.28240029 -0.015176778 0.0033904182)
(0.28678927 -0.016423627 0.0037886036)
(0.28922295 -0.017150808 0.0032427742)
(0.33659966 -0.020814763 0.0036198221)
(0.34087633 -0.021901727 0.0038234435)
(0.34383081 -0.022828146 0.0033431844)
(0.39389485 -0.027145657 0.0036691367)
(0.39847707 -0.028314121 0.0038279712)
(0.40155012 -0.029080601 0.0034504645)
(0.45420965 -0.034180889 0.0035414467)
(0.45880336 -0.035281658 0.0037638562)
(0.46212832 -0.036180768 0.0033326372)
(0.51707575 -0.04191337 0.0033948833)
(0.52179177 -0.04309535 0.0035370531)
(0.52532626 -0.043925635 0.0031761421)
(0.58230794 -0.050251944 0.0031296896)
(0.58702809 -0.051385951 0.0032924157)
(0.59079599 -0.052256461 0.0028654605)
(0.6495592 -0.059166419 0.0028123191)
(0.65440295 -0.060328322 0.0028883474)
(0.658245 -0.06122003 0.0025666999)
(0.71864931 -0.068593884 0.0024958227)
(0.72345384 -0.069782834 0.0026254688)
(0.72751714 -0.070741355 0.0022473238)
(0.78935765 -0.078519895 0.0021663551)
(0.79423258 -0.079701114 0.0022086482)
(0.79836994 -0.080687973 0.0018693069)
(0.86148438 -0.088933917 0.0019344403)
(0.86633627 -0.090070831 0.0018692127)
(0.87055883 -0.091119943 0.0016098757)
(0.93484338 -0.099595037 0.0017196311)
(0.93959933 -0.10080148 0.0015710571)
(0.94409723 -0.10201553 0.001312749)
(1.0092687 -0.11071113 0.0013882528)
(1.0142396 -0.11187747 0.0012919351)
(1.0185645 -0.11309328 0.0011625595)
(1.0844143 -0.12212536 0.0012657697)
(1.0891826 -0.12332582 0.0011525294)
(1.0937137 -0.12470121 0.00084184843)
(1.160631 -0.13369387 0.00096056273)
(1.1656351 -0.13499548 0.00089467482)
(1.1702164 -0.1361926 0.00069203891)
(-0.0019898631 -0.0026178075 -0.0028208097)
(-0.0018604692 -0.0028657861 0.00061863757)
(-0.00074548727 -0.002868404 0.0022294313)
(0.010206989 -0.0086335716 -0.0029683833)
(0.012236437 -0.007078121 -0.00035671256)
(0.012023024 -0.0079049719 0.0020339273)
(0.023909142 -0.014266904 -0.0032548935)
(0.026072899 -0.015959727 -0.00033341758)
(0.026939737 -0.016279163 0.0023740332)
(0.045625864 -0.020949881 -0.0030618807)
(0.04786587 -0.020521723 -0.00048245397)
(0.049134387 -0.02126516 0.0020302572)
(0.071959656 -0.026923232 -0.002710015)
(0.074824017 -0.028118265 -0.00019717901)
(0.076249059 -0.028456854 0.0018865533)
(0.10400835 -0.034004527 -0.0025117458)
(0.10689477 -0.034699657 -0.00035800795)
(0.10894373 -0.035346142 0.0019065987)
(0.14090462 -0.041290351 -0.0021531472)
(0.14419963 -0.042053183 0.00018261503)
(0.14630035 -0.0427799 0.001870301)
(0.18232658 -0.048820595 -0.0017844335)
(0.18578376 -0.049852338 4.8860115e-05)
(0.18833142 -0.050549945 0.0018349543)
(0.22818547 -0.057100341 -0.0015810255)
(0.23190806 -0.058019931 0.0002362664)
(0.23464233 -0.058707455 0.0017984832)
(0.27787171 -0.065672447 -0.0013669547)
(0.28172821 -0.06662376 0.00020741472)
(0.28477645 -0.067461306 0.0016566388)
(0.33116392 -0.074661144 -0.0013333399)
(0.33528073 -0.075800153 0.00014173131)
(0.338569 -0.076446801 0.0013876892)
(0.38780548 -0.084237179 -0.0012761953)
(0.3920216 -0.085208703 -3.0499737e-05)
(0.39547846 -0.086038008 0.0010990705)
(0.44731937 -0.09407505 -0.0014557793)
(0.45165011 -0.095150915 -0.00033154732)
(0.45535416 -0.09591488 0.00071577978)
(0.50952739 -0.10438142 -0.0016302806)
(0.5139603 -0.10538582 -0.00061967772)
(0.51784691 -0.10618386 0.00022848384)
(0.57408703 -0.11497105 -0.0019276355)
(0.57858312 -0.11598682 -0.0010608331)
(0.58268201 -0.11685113 -0.00030723958)
(0.64075299 -0.12586712 -0.0022259099)
(0.64535761 -0.12695215 -0.0014930297)
(0.64954231 -0.12777643 -0.00083767611)
(0.70931813 -0.13708904 -0.0026101617)
(0.71390579 -0.13809366 -0.0019381577)
(0.71829742 -0.13904603 -0.0014027408)
(0.77947626 -0.14844665 -0.0029887789)
(0.78422769 -0.14964273 -0.0024163708)
(0.78866356 -0.15055064 -0.0019498473)
(0.85121093 -0.16018321 -0.0032734134)
(0.85586751 -0.1612638 -0.0027957822)
(0.86042742 -0.16229752 -0.002437056)
(0.92405443 -0.17194608 -0.0036087547)
(0.92897113 -0.1731271 -0.003248797)
(0.93355725 -0.17422169 -0.002892127)
(0.99811695 -0.18386298 -0.0038848403)
(1.0030246 -0.18517875 -0.0035205614)
(1.007556 -0.18629556 -0.0033088377)
(1.0732329 -0.19597294 -0.0039564352)
(1.0781257 -0.19728023 -0.0038237727)
(1.0828421 -0.19833058 -0.0036733541)
(1.1489987 -0.20797064 -0.00413674)
(1.1538406 -0.20911013 -0.0040848454)
(1.158556 -0.21048293 -0.0041863577)
)
;

boundaryField
{
    free
    {
        type            calculated;
    }
    bottom
    {
        type            calculated;
    }
    traction
    {
        type            calculated;
    }
}


// ************************************************************************* //
