/*--------------------------------*- C++ -*----------------------------------*\
  =========                 |
  \\      /  F ield         | OpenFOAM: The Open Source CFD Toolbox
   \\    /   O peration     | Website:  https://openfoam.org
    \\  /    A nd           | Version:  6
     \\/     M anipulation  |
\*---------------------------------------------------------------------------*/
FoamFile
{
    version     2.0;
    format      ascii;
    class       pointScalarField;
    location    "4.29998543704838276";
    object      p;
}
// * * * * * * * * * * * * * * * * * * * * * * * * * * * * * * * * * * * * * //

dimensions      [1 -1 -2 0 0 0 0];

internalField   nonuniform List<scalar> 
625
(
976871.17
-1585219.4
10603.543
15452.136
1952530.3
-2913717.9
11699.467
336.47064
740634.8
-165728.11
-139414.81
-11841.011
4258.9132
8496.4428
412902.8
444239.5
458405.03
442432.5
403012.74
400216.64
361188.67
338947.16
323594.63
295372.12
273814.75
242517.33
222359.76
197310.61
174181.52
152352.14
131838.28
108666.3
90637.828
72676.236
53597.965
37156.715
26219.361
-545998.06
-432327.9
-485570.92
-407620.91
-380251.75
-376272.9
-319435.24
-310365.18
-282281.95
-254133.14
-234707.45
-203748.51
-186313.52
-159595.88
-140746.83
-119170.06
-98289.899
-83836.394
-63720.536
-52686.531
-38744.425
-20004.156
-7555.4654
1079481.5
-147882.66
-256097.89
-535776.04
-643721.87
-474829.17
-440179.93
-514294.34
-371124
-427601.63
-379265.03
-339399.29
-316340.18
-287610.59
-260618.21
-235388.53
-205466.26
-179803.35
-155123.16
-129509.85
-106729.08
-84774.821
-62545.62
-40961.957
-26468.644
-5143.9463
14260.09
21.411958
-2271.8286
25355.584
30706.821
50851.837
65695.069
88020.673
109499.44
131753.65
157745.73
179245.19
208967.63
239074.63
271280.13
288101.48
322785.42
349169.43
381251.03
411164.9
422493.27
506932.35
452221.83
575811.65
505024.42
539192.97
1049633.9
1096068.1
1012951.6
-1427542.8
-1880286.9
-1891853.4
19828.613
19207.646
20930.911
-2901.1952
3911.0037
-1736.7427
230340.45
285836.27
275778.93
253598.18
242727.15
232159.68
214324.6
204008.99
189653.02
170493.39
155031.08
146403.19
132109.85
117323.1
105654.07
89859.282
78509.978
66297.72
49794.565
38804.97
27246.275
17430.293
15927.58
-104940.08
-82916.94
-88263.649
-44514.819
-62001.356
-36994.59
-42836.778
-33385.695
-27441.634
-22864.186
-18445.757
-13066.863
-11922.014
-7429.6589
-4013.5749
-3103.4433
4163.2773
1793.7593
6718.6651
9627.2514
9097.5531
9276.4793
7321.5703
-388963.84
-268028.77
-301891.38
-242701.58
-273066.14
-223954.24
-225567.66
-195123.52
-175490.29
-161889.53
-143783.23
-128451.22
-112849.73
-96830.721
-82932.161
-68314.335
-55760.102
-45623.142
-31106.276
-25552.35
-15221.295
-10342.233
1496.5537
601680.37
645950.8
759367.52
-55196.099
-55666.962
-136119.4
-333745.7
-138716.53
-81700.869
-861591.88
-847890.9
-818338.76
-626419.98
-627114.5
-661864.86
-526230.19
-505774.55
-538977.41
-446862.3
-429401.62
-441364.65
-428325.14
-418242.74
-440262.86
-387866.83
-370903.43
-379307.1
-369456.86
-356803.92
-348553.17
-337568.35
-317683.51
-334445.79
-309017.6
-297688.44
-308165.6
-279939.39
-269431.04
-281375.76
-251186.54
-245124.51
-257408.27
-232276.48
-219104.01
-226222.49
-200371.69
-196494.5
-205507.01
-180232.46
-170906.7
-182097.6
-153781.31
-148380.33
-157469.39
-131490.13
-126299.48
-134381.8
-109566.24
-105047.7
-111326.31
-84620.567
-85094.904
-89561.81
-67584.807
-66848.83
-69915.82
-48796.409
-49241.783
-50730.73
-30344.833
-31290.461
-31232.489
-17076.806
-18236.838
-19795.441
-7120.0888
-4325.6896
-5023.7685
-12073.685
-14877.125
-14849.572
8380.0463
3101.3274
3976.7046
13330.119
14987.184
14630.967
537400.93
520649.85
580841.08
564898.29
467402.12
544118.84
530876.99
486210.02
535842.06
483692.92
434966.8
487640.42
466046.13
431831.63
456714.36
428909.65
390068.95
422058.3
407328.06
370719.45
396472.02
377708.95
338141.23
367318.89
351493.45
315588.06
338847.35
315400.83
290915.59
311781.32
288024.84
269774.34
284463.37
269601.52
241446.64
244014.45
238058.21
215562.89
226132.91
214690.26
192369.33
203713.15
187939.64
169374.1
177037.6
163394.36
146006.35
152803.67
135153.45
124010.47
130485.99
113024.12
105425.51
107314.7
90479.374
84339.448
85829.644
69358.467
65113.173
66450.102
48936.849
48154.751
47806.33
34032.519
34541.491
31903.843
26191.073
29129.911
27508.892
263425.31
345375.62
270209.36
301020.89
272953.13
260823.11
250069.91
224539.56
208319.23
186342.36
167919.38
154293.9
143099.39
119819.48
108638.49
92493.219
77978.195
65911.155
53250.448
44012.798
30139.759
24259.816
14252.878
-59019.93
37387.858
18281.363
40756.147
54092.175
43971.903
40454.592
41875.211
37301.671
33302.256
32766.721
32448.772
23703.85
24335.455
23754.067
19690.6
18747.447
17981.083
15115.67
13061.316
12006.037
10269.171
11254.174
-224429.1
-140075.24
-285722.19
-211615.52
-231285.33
-237831.42
-207189.29
-195982.89
-185464.45
-169717.48
-154569.25
-146030.05
-128884.2
-115446.9
-101121.96
-88169.366
-75008.908
-61378.941
-49242.766
-39194.988
-26147.111
-12054.874
-9820.1059
361334.35
415591.69
380013.28
277754.19
384457.35
336938.53
237096.85
270396.78
296346.14
220365.66
287328.36
258818.36
224306.03
234230.17
246049.72
208338.53
234133.38
239821.03
183362.59
213170.02
215155.74
185047.17
202252.45
202416.07
158573.69
186763.08
184430.62
154727.86
169779.16
174937.16
145607.47
164336.65
149321.52
126967.5
132892.14
144291.96
115653.63
127431.14
128483.46
103872.3
113917.65
111971.33
91371.851
98270.132
96613.335
80129.116
84801.705
87001.566
68013.366
74379.208
71998.077
61713.306
59385.43
60698.459
46634.657
48584.097
48311.014
39208.201
39440.006
37749.914
27265.165
28116.669
28643.47
21220.12
20625.071
17848.878
806.46079
7182.4819
7779.1636
-111212.17
-121377.36
-56186.484
-24569.215
-10417.344
-18800.367
-20535.329
-24875.683
-17576.158
-26613.111
-2446.079
-34084.088
1779.3196
-998.05688
-1468.7714
-18803.704
9041.1635
-13002.979
6043.902
11620.348
-5421.5418
-2671.8858
13675.327
-7372.543
5802.5458
12245.651
-1577.7103
6373.5885
21641.232
-2515.3424
12714.211
11697.759
-2968.8301
10701.492
14957.159
3337.6805
11436.585
20623.434
3579.8426
13889.567
17231.288
3058.4785
11805.055
19369.488
4207.8357
14796.528
18099.87
6583.7609
11365.856
18939.846
5306.6828
12692.42
16442.882
5371.5607
11098.904
13780.982
8814.5994
9875.5171
14624.62
8631.6981
10292.931
11380.484
8481.4634
10564.801
11847.582
6839.9246
12058.49
11596.893
10154.06
-317441.69
-384086.44
-305812.52
-284619.45
-214212.98
-254988.47
-246555.18
-338288.68
-283042.72
-304094.19
-245264.23
-291414.38
-241019.56
-276693.23
-253878.71
-228881.97
-241232.28
-252191.45
-215902.08
-231119.41
-238884.22
-191610.34
-219662.52
-217696.46
-181765.46
-194396.6
-201633.93
-165000.36
-182208.11
-187808.92
-145828.53
-164361.17
-168885.8
-132136.85
-146141.98
-152030.51
-112792.08
-135141.24
-136553.15
-101158.8
-116362.32
-120777.23
-85425.273
-101888.29
-106325.17
-73913.424
-86949.827
-91124.286
-60486.938
-72642.547
-77272.614
-47934.595
-59721.949
-62964.638
-38174.041
-45750.082
-47973.603
-28062.586
-33955.108
-36233.921
-21299.305
-23537.121
-26806.306
-5915.1211
-11171.922
-11216.594
-2749.2657
-6615.2414
-4250.8831
)
;

boundaryField
{
    free
    {
        type            calculated;
    }
    bottom
    {
        type            calculated;
    }
    traction
    {
        type            calculated;
    }
}


// ************************************************************************* //
