/*--------------------------------*- C++ -*----------------------------------*\
  =========                 |
  \\      /  F ield         | OpenFOAM: The Open Source CFD Toolbox
   \\    /   O peration     | Website:  https://openfoam.org
    \\  /    A nd           | Version:  6
     \\/     M anipulation  |
\*---------------------------------------------------------------------------*/
FoamFile
{
    version     2.0;
    format      ascii;
    class       pointScalarField;
    location    "0.600123";
    object      p;
}
// * * * * * * * * * * * * * * * * * * * * * * * * * * * * * * * * * * * * * //

dimensions      [1 -1 -2 0 0 0 0];

internalField   nonuniform List<scalar> 
625
(
920200.08
-1436324
10372.612
14442.9
1713736
-2708660.7
10668.269
138.3607
682095.43
-109510.64
-123876.17
-12366.893
3942.8878
7934.7816
376930.76
405879.04
414106.3
397676.91
362098.36
355429.49
319511.85
298688.91
283015.31
258493.97
237879.28
210137.71
192414.73
170004.94
149898.97
131706.9
113833.5
94505.915
79181.467
64457.935
48684.638
34702.743
24934.795
-476397.54
-378420.15
-425116.84
-355951.12
-330508.09
-325710.45
-276169.62
-266306.77
-242806.73
-219122.8
-202032.05
-177145.99
-162544.22
-140887.61
-125736.03
-108015.41
-90969.372
-78377.33
-61739.932
-50820.556
-39355.251
-20959.573
-8741.4758
947220.23
-142010.38
-288515.88
-495600.11
-598945.66
-429676.26
-412443.6
-462245.67
-339923.55
-380660.17
-338887.86
-302503.44
-280832.96
-254648.08
-229331.43
-207375.08
-180416.64
-157452.24
-136741.06
-113520.85
-94808.369
-76015.547
-56771.685
-38513.747
-25070.405
-6047.4707
13131.422
241.83683
-2889.4801
25205.262
30384.093
48782.65
62126.919
81741.081
99772.946
118675.52
139930.35
157406.61
181433.93
206804.39
233347.18
246222.28
275211.17
298092.59
325065.39
351305.43
360681.74
436999.24
394877.89
499128.07
444087.34
474565.35
970183.97
996604.92
908584.28
-1290229
-1733917.2
-1731395.1
18574.699
17777.794
19303.294
-2984.6322
3359.9926
-2538.8434
214416.83
262752.14
254509.3
232899.5
221644.66
210741.88
193910.74
183106.24
169263.81
151374.6
136448.97
128036.96
114845.02
101153.15
90755.289
76940.379
66712.949
56474.766
42394.034
33386.311
23525.806
14929.388
14744.341
-80396.066
-62462.444
-65598.807
-33104.18
-46595.85
-26557.477
-31813.589
-24512.79
-20416.147
-16758.663
-15029.274
-11579.611
-11196.62
-8388.6916
-6118.4527
-5603.7626
-67.04338
-1493.3807
2930.0816
6345.7152
6169.9643
7567.2727
6283.3452
-332931.54
-222729.59
-256720.05
-209016.14
-231131.77
-190998.42
-191141.4
-165958.81
-149810.71
-138043.21
-123702.49
-111698.1
-99440.175
-86863.558
-75779.034
-63789.79
-53932.676
-44451.167
-32037.018
-26212.727
-15941.116
-11572.205
509.99506
552466.91
576762.09
670199.82
-28862.946
-48513.384
-130020.52
-322567.88
-150536.56
-116211.5
-755106.37
-755348.28
-726386.42
-562440.94
-572627.02
-609698.86
-461021.83
-450904.18
-486935.24
-391784.13
-385136.9
-398682.99
-375190.88
-370035.49
-397004.36
-336670.7
-327636.86
-340531.72
-319220.32
-313038.48
-311297.51
-291475.16
-278822.73
-297026.77
-266277.69
-259543.82
-271282.13
-240864.46
-234632.97
-247644.56
-216521.53
-213774.57
-226272.98
-200501.23
-191020.92
-198836.68
-174917.21
-172307.73
-181246.62
-158420.57
-150382.11
-161312.07
-136601.41
-131285.77
-139998.35
-118366.45
-112860.66
-120441.08
-100204.27
-94734.903
-100747.71
-79157.963
-77859.098
-82156.002
-64050.161
-62320.993
-65362.101
-47874.371
-47148.544
-48643.217
-31180.016
-31368.589
-31411.558
-18737.973
-19635.646
-21206.29
-8862.8832
-5708.8026
-6284.1502
-12863.171
-15737.231
-16348.712
8133.6561
2925.4476
3593.8338
12879.566
14403.245
13401.037
484361.14
464986.76
510109.18
513174.39
417335.37
484766.47
477158.17
428681.16
470227.27
434764.91
383567.86
427424.57
415132.67
377156.87
396732.64
381212.06
339851.84
367505.41
359625
321735.19
341948.18
332195
292773.12
315562.81
307505.65
272348.18
290563.92
275434.06
251276.89
266469.59
250880.58
231814.59
243142.8
233561.06
208403.29
208114.24
206300.81
186680.16
194155.92
185842.57
166824.17
175645.66
163074.62
147796.84
153593.61
142160.82
127962.4
133481.25
117788.21
109597.56
115295.16
99373.572
93896.482
96003.26
80366.234
75894.521
77936.963
62380.805
59502.724
61697.66
45402.044
45340.712
45684.79
31906.18
33354.421
30945.526
25868.767
28879.919
28075.191
223733.47
293584.46
227196.02
254446.66
231008.91
220433.22
210737.37
190322.95
175668.18
158401.57
143292.18
132527.24
123886
104711.59
95980.905
82806.088
70560.97
60443.49
49528.187
40939.154
28315.283
22665.753
13235.864
-68128.846
22823.917
1599.7049
27229.876
36918.313
29103.262
29002.281
28507.354
26832.404
23997.445
24626.987
24958.57
18805.993
20083.146
20785.533
17409.57
17342.261
16939.04
14481.27
12522.603
11575.476
9691.9944
10193.949
-217799.64
-136263.59
-274046.35
-198169.6
-218664.63
-219938.01
-193091.36
-181091.45
-170715.47
-154888.31
-140996.67
-131634.66
-115426.19
-102809.67
-89279.196
-77421.776
-65504.191
-53242.075
-42979.526
-34193.673
-23317.113
-11398.832
-9641.0561
334372.37
370946.67
334663.49
253372.68
340710.85
296147.73
215733.03
242388.14
260487.52
199516.89
254018.07
224907.79
201541.98
208229.09
214361.44
186271.25
207128.02
206561.37
165155.97
187470.02
184831.92
163995.12
177168.63
173510.55
142033.04
163517.99
157695.39
137049.31
148076.75
149399.97
128113.96
142299.55
127954.24
112701.83
116687.88
124007.77
101542.54
110840.41
110582.87
91551.236
99595.141
97098.362
80484.571
85680.976
84479.165
70100.527
74419.464
77110.561
59746.458
65742.823
64546.641
54499.993
52958.857
55056.957
41265.009
43750.703
44594.294
35525.893
36279.144
35677.758
24405.649
25863.042
26410.862
19715.765
18610.03
17213.393
206.74872
6221.306
7038.4935
-91481.225
-108679.67
-63171.387
-12563.168
-6687.8937
-19284.986
-12768.855
-22213.731
-20000.139
-15239.839
-260.06208
-34031.526
6954.7664
17.462568
-4823.3352
-9688.4949
9749.4655
-15349.459
9999.0789
9983.8106
-8473.0961
2606.2821
12979.932
-9111.0355
8829.8954
11387.498
-5011.7821
8635.289
18516.566
-5179.5293
14130.923
10849.16
-4923.8242
11214.162
12496.683
118.1544
10936.105
16984.012
599.28138
12242.825
14482.891
1189.4009
9620.1085
15783.457
1885.7068
11492.031
14985.666
4799.9225
8303.3278
15817.231
3473.7792
9299.2087
13108.583
3763.2869
7680.5001
11263.08
7230.3604
6814.0762
11462.418
6647.1644
7664.708
9104.7212
7226.8214
8856.5004
10323.825
6217.471
10575.841
10427.285
9362.1505
-278382.89
-344496.72
-281478.03
-251732.95
-191855.82
-236700.93
-213989.38
-302621.11
-260890.4
-261947.03
-217438.67
-262714.99
-206187.46
-244272.48
-230645.94
-196737.06
-213809.84
-228120.07
-184440.71
-203909.19
-213551.84
-163799.07
-192383.76
-195081
-154664.92
-171714.43
-180428.16
-141172.5
-160524.98
-166705.19
-125374.75
-144878.96
-149937.21
-113527.02
-130280.29
-134620.55
-97602.034
-119756.41
-119496.42
-88213.092
-104112.04
-106280.82
-75154.205
-91785.311
-93208.95
-65973.912
-78486.613
-79787.096
-54265.488
-66663.605
-68009.029
-44574.043
-54900.223
-55491.593
-35950.186
-42866.016
-42650.914
-27302.208
-32041.847
-32494.614
-21539.994
-22813.247
-24320.953
-6457.297
-11682.142
-10661.26
-3335.3766
-6971.6489
-4634.8977
)
;

boundaryField
{
    free
    {
        type            calculated;
    }
    bottom
    {
        type            calculated;
    }
    traction
    {
        type            calculated;
    }
}


// ************************************************************************* //
