/*--------------------------------*- C++ -*----------------------------------*\
  =========                 |
  \\      /  F ield         | OpenFOAM: The Open Source CFD Toolbox
   \\    /   O peration     | Website:  https://openfoam.org
    \\  /    A nd           | Version:  6
     \\/     M anipulation  |
\*---------------------------------------------------------------------------*/
FoamFile
{
    version     2.0;
    format      ascii;
    class       pointVectorField;
    location    "0.600123";
    object      u;
}
// * * * * * * * * * * * * * * * * * * * * * * * * * * * * * * * * * * * * * //

dimensions      [0 1 0 0 0 0 0];

internalField   nonuniform List<vector> 
625
(
(0 0 0)
(0 0 0)
(2.2834164 -0.23144293 0.027782029)
(2.1363862 -0.75234024 0.0059917922)
(0 0 0)
(0 0 0)
(2.152436 -0.76833295 0.004659334)
(2.2991633 -0.24784494 0.027147636)
(0 0 0)
(0 0 0)
(0 0 0)
(2.2459916 -0.36232331 0.02143451)
(2.2091793 -0.4913372 0.016815485)
(2.1731552 -0.62092851 0.011195492)
(0.0055771876 0.021582178 0.020067729)
(0.021985597 0.044836822 0.021239052)
(0.0530217 0.066829613 0.022161929)
(0.096441953 0.0860981 0.021573777)
(0.15043305 0.10177183 0.021017627)
(0.2158724 0.11447086 0.020490094)
(0.28955181 0.12257702 0.019867787)
(0.37212277 0.12732388 0.019624015)
(0.46225276 0.12769592 0.019560657)
(0.55907691 0.12418884 0.019369844)
(0.66193509 0.11709577 0.019643247)
(0.77017321 0.10590749 0.019638432)
(0.88311479 0.091559079 0.020137741)
(1.0000297 0.073645021 0.020542987)
(1.1204735 0.052801703 0.021142824)
(1.2439082 0.028909755 0.021681244)
(1.3696132 0.0027843919 0.022431617)
(1.4974362 -0.02596534 0.02313904)
(1.626838 -0.056831397 0.023771633)
(1.7571139 -0.089170967 0.024607204)
(1.8883961 -0.1232143 0.0253603)
(2.0199562 -0.1579517 0.026171403)
(2.1513342 -0.19423871 0.027353512)
(-0.0036917384 -0.019875177 -0.02686295)
(0.014460999 -0.039501344 -0.023697797)
(0.039446969 -0.064184541 -0.02750363)
(0.077719916 -0.087578263 -0.025180898)
(0.1233936 -0.11075494 -0.025423934)
(0.18099763 -0.13690702 -0.024381912)
(0.24450004 -0.16165838 -0.02393982)
(0.31810266 -0.18909644 -0.02254597)
(0.39791467 -0.21748904 -0.021933945)
(0.48504654 -0.24657576 -0.020473481)
(0.57833814 -0.27774758 -0.019245274)
(0.67744053 -0.3097245 -0.017503338)
(0.7816637 -0.34325117 -0.015939486)
(0.89052646 -0.37768678 -0.014107704)
(1.0036706 -0.41329809 -0.012237563)
(1.1203893 -0.44966501 -0.0102832)
(1.2405409 -0.48688237 -0.008215178)
(1.3630879 -0.52458178 -0.0063872416)
(1.4885278 -0.56260967 -0.0041452454)
(1.6154112 -0.60078421 -0.0022248605)
(1.7441955 -0.63911494 -7.6797514e-05)
(1.8740337 -0.67711117 0.0018184537)
(2.004797 -0.71480632 0.0036714626)
(0 0 0)
(0 0 0)
(0 0 0)
(0.004257521 -0.011949974 0.018048549)
(0.019734509 -0.048594779 0.02050999)
(0.047860145 -0.062068559 0.015897531)
(0.08608011 -0.088686833 0.012610153)
(0.13561753 -0.11646941 0.012138298)
(0.19212821 -0.13844931 0.0078619257)
(0.2579107 -0.16839066 0.0076662511)
(0.33143265 -0.19544503 0.0054490981)
(0.41203068 -0.22494024 0.0041887796)
(0.49960237 -0.25579472 0.0031179584)
(0.59320842 -0.28779925 0.0021228244)
(0.69242876 -0.32091007 0.0017410686)
(0.79681904 -0.35541223 0.0011604349)
(0.9058873 -0.39074283 0.00091986546)
(1.0190121 -0.42695955 0.00084357647)
(1.1358495 -0.46412946 0.00094346427)
(1.2559389 -0.50164419 0.001091331)
(1.3787901 -0.539787 0.0014017138)
(1.503992 -0.57813277 0.0018270522)
(1.6312218 -0.61655337 0.0022556142)
(1.7598948 -0.65505311 0.0028242278)
(1.8900273 -0.69308689 0.0034569723)
(2.0205538 -0.73105114 0.0042150814)
(2.1893255 -0.63716533 0.010249697)
(2.2248656 -0.50756679 0.01621333)
(2.2615798 -0.37903585 0.022272776)
(2.167334 -0.21055228 0.024777564)
(2.0353714 -0.1742906 0.022900675)
(1.9038663 -0.13940414 0.020901883)
(1.7723842 -0.1049343 0.018597601)
(1.641783 -0.072230367 0.016385437)
(1.5122664 -0.041114952 0.01399304)
(1.3842812 -0.011947589 0.011695615)
(1.2582198 0.01504498 0.0092297019)
(1.1345766 0.039476619 0.0068799028)
(1.0138833 0.061310998 0.0044738653)
(0.89662298 0.079945769 0.0021297713)
(0.78326091 0.095693439 -0.00048242116)
(0.67484241 0.10758798 -0.0022120708)
(0.57146911 0.11595908 -0.0044613653)
(0.47409038 0.12066891 -0.0065482373)
(0.38341955 0.121265 -0.0084149733)
(0.30022876 0.11829812 -0.010499555)
(0.22497505 0.11067687 -0.011736767)
(0.16020058 0.099435552 -0.013961021)
(0.10361691 0.083686901 -0.014604321)
(0.059422733 0.066441356 -0.017581614)
(0.026117882 0.043775264 -0.017589297)
(0.013550527 0.021526547 -0.013746943)
(0 0 0)
(0 0 0)
(0 0 0)
(0 0 0)
(0 0 0)
(0 0 0)
(2.1401975 -0.7566397 0.0052755638)
(2.1443305 -0.76087011 0.0054708992)
(2.1480896 -0.76487254 0.0050015228)
(2.2879571 -0.23523249 0.027639603)
(2.2917967 -0.23945155 0.02738337)
(2.2958826 -0.24334592 0.02717703)
(-0.0042332711 0.012438159 0.013859362)
(0.013083532 0.024536346 0.010828947)
(0.042344458 0.035493275 0.011359226)
(0.084515123 0.044098435 0.010665392)
(0.1372137 0.050240511 0.010265502)
(0.20060108 0.053502901 0.0098555047)
(0.27264444 0.053148939 0.0096919764)
(0.35332797 0.049891957 0.0096238319)
(0.44131544 0.043030858 0.0095482803)
(0.5360035 0.033088223 0.0098092701)
(0.63685625 0.019916872 0.010124002)
(0.7433536 0.0033147541 0.010649437)
(0.85440872 -0.015943572 0.011249408)
(0.9696953 -0.038207725 0.011951015)
(1.0886297 -0.062916801 0.012841122)
(1.210684 -0.090063759 0.013641836)
(1.3352759 -0.11927806 0.014736517)
(1.4621482 -0.15030537 0.015611885)
(1.5908337 -0.18315962 0.016626602)
(1.7205051 -0.21714247 0.017792492)
(1.8514644 -0.25230636 0.018722121)
(1.9826855 -0.28812032 0.019829936)
(2.1142774 -0.32533351 0.021001458)
(-0.0091906963 0.0023247358 -0.00078469788)
(0.0091347503 0.0018955629 -0.00246314)
(0.037286077 0.0030270909 -0.0017444932)
(0.077515842 0.0013667666 -0.002089765)
(0.12915687 -0.0029681869 -0.001960788)
(0.19026968 -0.0087971814 -0.0018136994)
(0.26007955 -0.01751676 -0.001700426)
(0.33851392 -0.02871016 -0.0014356445)
(0.42396929 -0.04247017 -0.0010332057)
(0.51674181 -0.059150188 -0.00018168724)
(0.61513888 -0.078077693 0.0001497685)
(0.71942368 -0.0999458 0.0013155508)
(0.82834706 -0.12397369 0.0022168277)
(0.94183281 -0.15026295 0.0033580897)
(1.0589686 -0.1787079 0.0045961178)
(1.179511 -0.20890343 0.0057438849)
(1.3028099 -0.24095918 0.0072933058)
(1.4284891 -0.27412035 0.0083477932)
(1.5559654 -0.30873356 0.009968452)
(1.6849284 -0.34420194 0.011332937)
(1.8153176 -0.38053787 0.012574814)
(1.9462653 -0.41738003 0.014104157)
(2.0781624 -0.45455045 0.015339317)
(-0.010628735 -0.0093499533 -0.011021821)
(0.0080253289 -0.017602598 -0.011129449)
(0.033947512 -0.027557395 -0.012805631)
(0.074304922 -0.039815065 -0.01243481)
(0.1234311 -0.054289223 -0.012643305)
(0.18231031 -0.068793459 -0.012376353)
(0.25035639 -0.086774747 -0.012060106)
(0.32594005 -0.10544374 -0.011503391)
(0.40940603 -0.1267583 -0.010750955)
(0.49923164 -0.14994877 -0.01000342)
(0.59561924 -0.17485315 -0.0090451396)
(0.69751944 -0.2021534 -0.0077807034)
(0.80430429 -0.23087447 -0.0066266631)
(0.91573052 -0.26154511 -0.0051597471)
(1.0309558 -0.29365411 -0.0036999966)
(1.1498562 -0.32725265 -0.0021231768)
(1.2714827 -0.36191768 -0.00048676133)
(1.3959349 -0.39757859 0.0011034786)
(1.5223787 -0.43411024 0.002854835)
(1.6507258 -0.47115385 0.004373237)
(1.7802827 -0.5087505 0.0060903062)
(1.9107582 -0.54619725 0.0077494087)
(2.0419148 -0.58379869 0.0094182908)
(0 0 0)
(0 0 0)
(0 0 0)
(0 0 0)
(0 0 0)
(0 0 0)
(0 0 0)
(0 0 0)
(0 0 0)
(0.007207991 -0.0074035259 -0.011293185)
(0.0099113316 -0.010319054 -0.0038886645)
(0.0095713285 -0.0085184969 0.005755891)
(0.026236615 -0.044630109 -0.014197314)
(0.028045005 -0.046093286 -0.0041458697)
(0.02895855 -0.045545828 0.0090406456)
(0.050556516 -0.064312416 -0.01589587)
(0.054826822 -0.063392504 -0.0054578887)
(0.055682971 -0.066012549 0.0069484818)
(0.087449736 -0.089538471 -0.014909731)
(0.091945051 -0.091351216 -0.0059692617)
(0.091100953 -0.089890389 0.0041771782)
(0.13472078 -0.11477756 -0.015938627)
(0.13830441 -0.115226 -0.0079446198)
(0.14015548 -0.11789885 0.0031969266)
(0.18958522 -0.13933458 -0.016030675)
(0.19481819 -0.14091454 -0.0072318735)
(0.19589169 -0.14132138 0.00083173876)
(0.2545341 -0.16587132 -0.015441342)
(0.25902806 -0.16837089 -0.0090273765)
(0.260275 -0.16809246 0.0005164224)
(0.32673913 -0.19341375 -0.015642456)
(0.33134435 -0.1943044 -0.0088134291)
(0.33351346 -0.19718113 -0.0009156383)
(0.40644886 -0.22139602 -0.014970884)
(0.41130893 -0.22443004 -0.0090773972)
(0.41338703 -0.22570717 -0.0017110194)
(0.49318549 -0.25146806 -0.014417339)
(0.4978267 -0.25385297 -0.0090038972)
(0.50028368 -0.25603051 -0.0022258708)
(0.5858833 -0.28236691 -0.013760225)
(0.59080118 -0.28553489 -0.0085894111)
(0.59340172 -0.28780121 -0.00276117)
(0.68470394 -0.31514952 -0.01256628)
(0.68930114 -0.31775291 -0.0085120546)
(0.69219411 -0.32029111 -0.0026104863)
(0.78850178 -0.34811155 -0.01154878)
(0.79314148 -0.35149399 -0.0074441163)
(0.79597046 -0.35460307 -0.0027432466)
(0.89706549 -0.38302422 -0.010139074)
(0.9015367 -0.38646796 -0.0067954722)
(0.90469888 -0.38952232 -0.0025207577)
(1.0097462 -0.418463 -0.008835036)
(1.0142483 -0.4220618 -0.0058404692)
(1.0174255 -0.42530951 -0.0021090622)
(1.1262283 -0.45493017 -0.0073145474)
(1.1305766 -0.45863486 -0.0047826797)
(1.133924 -0.46211849 -0.001606605)
(1.2458484 -0.49196639 -0.0057950456)
(1.2502385 -0.49580149 -0.0036888419)
(1.2536306 -0.49940231 -0.001001488)
(1.3684001 -0.52936221 -0.0042725661)
(1.3726662 -0.53352002 -0.0025248757)
(1.3761778 -0.53716607 -0.00030721451)
(1.4932404 -0.56755516 -0.0025557928)
(1.4975279 -0.57148278 -0.0012221769)
(1.5010785 -0.57526746 0.00050087977)
(1.6201805 -0.60542614 -0.0010368523)
(1.6243406 -0.60960887 1.288774e-05)
(1.6279784 -0.61347183 0.0012821252)
(1.7486092 -0.64370378 0.00062934085)
(1.7527212 -0.64776688 0.001408418)
(1.7564861 -0.65160827 0.0021835391)
(1.8783268 -0.68152757 0.00221332)
(1.882434 -0.68567514 0.0026307465)
(1.8862113 -0.68973442 0.0030366527)
(2.0088058 -0.71932028 0.0037973408)
(2.0128037 -0.72334451 0.0038913406)
(2.0168231 -0.72732936 0.0040971887)
(2.2505677 -0.36629346 0.021980714)
(2.2544702 -0.37031954 0.021930554)
(2.2583904 -0.37445444 0.021977101)
(2.213012 -0.49546309 0.016719384)
(2.2173289 -0.49961198 0.016416229)
(2.2208899 -0.50363937 0.016223214)
(2.1771858 -0.62541018 0.01092053)
(2.1814092 -0.62958493 0.010742968)
(2.1851551 -0.63338428 0.01064832)
(0.015001112 0.018304428 0.010579992)
(0.016649424 0.01928453 0.0029821033)
(0.018277656 0.019978389 -0.0039677238)
(0.032271973 0.042060108 0.010680034)
(0.033350796 0.04310166 0.0023863333)
(0.03414923 0.042593224 -0.0092393376)
(0.063312429 0.06510904 0.012474621)
(0.065317949 0.065673468 0.0025098994)
(0.066902614 0.066244883 -0.0076536639)
(0.10545445 0.083763162 0.01182363)
(0.10924315 0.08340827 0.0028947848)
(0.1097598 0.083383256 -0.0070354864)
(0.16059046 0.099883055 0.011791171)
(0.16358672 0.099690077 0.0035645914)
(0.16460719 0.10021654 -0.0056215419)
(0.22436558 0.11221536 0.011902962)
(0.22821412 0.1104977 0.0041626501)
(0.23007495 0.11029502 -0.0046711657)
(0.29870909 0.1197918 0.01177331)
(0.30229052 0.11881033 0.0048869272)
(0.30396581 0.11807731 -0.0037199717)
(0.38078878 0.12392608 0.012022458)
(0.38426896 0.12253493 0.005436586)
(0.38654991 0.12178318 -0.0023065488)
(0.47044268 0.12412617 0.012414967)
(0.47432519 0.12248144 0.0061976668)
(0.47663469 0.12128537 -0.00084063391)
(0.56694496 0.12049071 0.012909314)
(0.57087563 0.11848573 0.0071845449)
(0.57327525 0.11702766 0.00069231906)
(0.66931289 0.11326724 0.013812225)
(0.67359167 0.1106012 0.0079751627)
(0.67618184 0.10860678 0.0025987395)
(0.77760236 0.10181675 0.014149196)
(0.78133321 0.098932215 0.010016188)
(0.7840424 0.09715552 0.0036966377)
(0.8899656 0.0871371 0.015161868)
(0.893941 0.084171912 0.010668745)
(0.89690758 0.082231375 0.0059484574)
(1.0067129 0.069272099 0.016020963)
(1.0106397 0.06608369 0.012318571)
(1.0137549 0.063495925 0.0079065992)
(1.1268015 0.048289899 0.017182322)
(1.1308075 0.04484917 0.013744013)
(1.1339362 0.042089252 0.0098845291)
(1.2499501 0.024501834 0.018156488)
(1.2538554 0.020837228 0.015258149)
(1.2571669 0.017891766 0.011876817)
(1.3754098 -0.0019288 0.019467247)
(1.3793914 -0.0055187425 0.016888424)
(1.3828096 -0.0088214679 0.013975145)
(1.5028201 -0.030453911 0.020550952)
(1.5069633 -0.03441095 0.018354436)
(1.5103758 -0.037773123 0.015892041)
(1.6320296 -0.06108817 0.021684702)
(1.6359606 -0.065097529 0.019949679)
(1.6395152 -0.068606731 0.017957598)
(1.7620751 -0.093492571 0.022897181)
(1.7661594 -0.097383094 0.021456671)
(1.769758 -0.10118962 0.0198346)
(1.8932175 -0.12719031 0.024015304)
(1.8971606 -0.13154189 0.022882101)
(1.900786 -0.13521615 0.021862706)
(2.0243548 -0.16243171 0.025193283)
(2.0284233 -0.16639975 0.02449172)
(2.0322183 -0.17026646 0.023666746)
(2.1562549 -0.19808655 0.026678141)
(2.1600274 -0.20234911 0.025998816)
(2.1640287 -0.20638691 0.025584247)
(0.00066020681 0.0067965102 -0.0091644487)
(0.018482824 0.027980896 -0.010477428)
(0.048253573 0.032742095 -0.0076825946)
(0.0925739 0.042578585 -0.0083753906)
(0.14652123 0.04738314 -0.0076388407)
(0.21066082 0.049189715 -0.0061933937)
(0.28356677 0.048267693 -0.0057516376)
(0.36471966 0.043492761 -0.0046355779)
(0.45341668 0.035555777 -0.0035011856)
(0.54857846 0.024308957 -0.0021864937)
(0.65009003 0.009998048 -0.0009853302)
(0.75654683 -0.0073453711 0.00075213996)
(0.86786722 -0.027937286 0.0020948437)
(0.98348034 -0.051091175 0.004029589)
(1.1026763 -0.076527658 0.005629116)
(1.2248995 -0.10435021 0.0074801098)
(1.349784 -0.13419229 0.0093127351)
(1.4768075 -0.16572581 0.011098553)
(1.6055122 -0.19878029 0.012944833)
(1.7355524 -0.23322743 0.01468293)
(1.8665642 -0.26859135 0.016468802)
(1.9979562 -0.30472754 0.018229739)
(2.1299251 -0.34183129 0.020072475)
(-0.0070188721 0.0042495747 0.00055509729)
(0.013452184 0.0057175777 -0.0001716987)
(0.043523342 0.001435673 -0.00019688974)
(0.087305421 0.00033049364 -0.0010937521)
(0.13853799 -0.0047266169 -0.0015617055)
(0.20161007 -0.012537605 -0.0014182003)
(0.27187879 -0.021965101 -0.0015838108)
(0.35117869 -0.034566287 -0.0013377695)
(0.43731644 -0.049665905 -0.0011420482)
(0.53043718 -0.067300338 -0.0006006324)
(0.62934325 -0.087796959 1.4143147e-05)
(0.7338336 -0.11034653 0.00074841217)
(0.84302507 -0.13567282 0.0017573845)
(0.9567526 -0.16278707 0.0028134271)
(1.0740947 -0.19193657 0.0038516384)
(1.1947551 -0.22300936 0.0051700868)
(1.3181836 -0.25541434 0.0064300211)
(1.4439856 -0.2892406 0.007718742)
(1.5716632 -0.32419344 0.0091305412)
(1.7008282 -0.36003049 0.010411073)
(1.8313518 -0.39640618 0.011933954)
(1.9621349 -0.43339862 0.013197759)
(2.0944368 -0.47100925 0.014580394)
(-0.0087919547 -0.0073928503 0.008550764)
(0.014972109 -0.01211896 0.006236955)
(0.043198353 -0.031087825 0.0099477052)
(0.083289746 -0.037156807 0.0054257237)
(0.13459369 -0.055496996 0.0061264983)
(0.19487863 -0.071894719 0.0044230573)
(0.26294573 -0.089613011 0.0037116419)
(0.33992733 -0.11056813 0.0028866466)
(0.42359784 -0.13304742 0.0024461837)
(0.514052 -0.15746465 0.0021426486)
(0.61068791 -0.18387761 0.0018705182)
(0.71257273 -0.21228213 0.0020696403)
(0.81972576 -0.24203227 0.0021558361)
(0.931216 -0.27385502 0.0025302249)
(1.0465082 -0.3067285 0.0030079852)
(1.1654158 -0.34104501 0.0036167661)
(1.2872536 -0.37636971 0.0042808285)
(1.4116415 -0.41254606 0.0050145439)
(1.5381491 -0.44947947 0.0058341811)
(1.6664411 -0.48680671 0.0067209655)
(1.795975 -0.52442314 0.0076415688)
(1.9266247 -0.56228075 0.0084262848)
(2.0577885 -0.59975623 0.0096505801)
(0.0029600743 0.0060666278 0.0063245893)
(0.0032452656 0.0069683643 0.0023248858)
(0.0051962924 0.0068043625 -0.0022923762)
(0.022286079 0.024227907 0.0051113388)
(0.025420017 0.024437837 -0.0002202603)
(0.025015185 0.023967395 -0.0066407554)
(0.052201249 0.033785158 0.0053259407)
(0.054361456 0.032505611 0.00045583379)
(0.055582112 0.03335089 -0.0042522843)
(0.093903229 0.042336083 0.0048254284)
(0.098300886 0.042921471 0.00026232118)
(0.098100692 0.041592257 -0.0043358276)
(0.14713899 0.048538234 0.0046980946)
(0.15042395 0.047320075 0.00052267588)
(0.15178257 0.046624482 -0.0033064223)
(0.20976701 0.050632663 0.0046034759)
(0.21370188 0.050062995 0.0010095465)
(0.21513427 0.049104284 -0.0035875355)
(0.2816371 0.050303094 0.0050018446)
(0.28597782 0.049241181 0.00086743136)
(0.28722443 0.047877475 -0.0023986336)
(0.36188994 0.046762678 0.00494528)
(0.36587674 0.045212679 0.0017463946)
(0.36768494 0.043745587 -0.0018925285)
(0.44957379 0.039496961 0.0054721129)
(0.45375841 0.037891361 0.0022949674)
(0.45582405 0.036032922 -0.00087233968)
(0.54396575 0.02954945 0.0058666317)
(0.54821425 0.027210206 0.0030286291)
(0.55031179 0.024989854 0.00018403755)
(0.64460982 0.015745893 0.0064513677)
(0.64877985 0.013101369 0.0040929639)
(0.65120447 0.011149772 0.0014884834)
(0.75047911 -0.00087879401 0.0074196973)
(0.75484459 -0.0035682812 0.0049533749)
(0.75722009 -0.0061656324 0.0025366263)
(0.86129055 -0.020358961 0.0082883799)
(0.86541303 -0.023253721 0.006120135)
(0.8681862 -0.025930542 0.0040408888)
(0.97619711 -0.042655741 0.0093631372)
(0.98044593 -0.045735023 0.0075224536)
(0.98325051 -0.048937649 0.0055168556)
(1.094839 -0.067414603 0.010450552)
(1.0989791 -0.070930746 0.0087935916)
(1.1019433 -0.074028693 0.0071215815)
(1.216543 -0.094635612 0.011721573)
(1.2207304 -0.098097897 0.010229555)
(1.2238266 -0.10153872 0.0087419786)
(1.340991 -0.12376447 0.012804821)
(1.3450303 -0.12752874 0.011698428)
(1.3482645 -0.13109166 0.010382267)
(1.4673707 -0.15480704 0.014259798)
(1.4716013 -0.15879032 0.013103904)
(1.4748919 -0.16238817 0.012056847)
(1.5957763 -0.18752263 0.015489583)
(1.5998645 -0.19137055 0.014607697)
(1.6032683 -0.19518047 0.013713687)
(1.7252877 -0.22136878 0.016740412)
(1.7293676 -0.22550358 0.01610975)
(1.7329035 -0.22939688 0.015315844)
(1.8559934 -0.25647448 0.01797525)
(1.86006 -0.26068408 0.017544069)
(1.8636948 -0.2646064 0.016978139)
(1.9870842 -0.29246207 0.019281089)
(1.991088 -0.29650921 0.019193018)
(1.9947819 -0.30046612 0.018563858)
(2.118608 -0.32923834 0.02073203)
(2.1225604 -0.33336324 0.020539105)
(2.1264884 -0.33751043 0.020412395)
(-0.0027986247 0.00093882427 -0.0012514982)
(-0.001470857 0.0028658916 -0.0011563345)
(4.3386639e-05 0.0020706101 0.00066295285)
(0.017265958 0.0027820632 -0.0033907035)
(0.020230979 0.0030757151 -0.0024197471)
(0.019945966 0.0024176332 -0.0018286344)
(0.046693824 0.0014870693 -0.0030027037)
(0.050176063 0.0011274872 -0.00070785926)
(0.050136057 0.0016351659 -0.0010684345)
(0.087052268 -0.00056568646 -0.0032112855)
(0.091816542 -0.0011153949 -0.0020886866)
(0.091281118 -0.0024222289 -0.0021134194)
(0.13856437 -0.0046780576 -0.0031272325)
(0.14274222 -0.0061033717 -0.0013512296)
(0.14293553 -0.0057628138 -0.0025555782)
(0.19889842 -0.011258035 -0.0029745324)
(0.20405446 -0.012779312 -0.0018864468)
(0.20431213 -0.013629421 -0.0022847357)
(0.26894754 -0.020040232 -0.0030356988)
(0.27355594 -0.022332537 -0.001741079)
(0.27438086 -0.022929904 -0.0022769057)
(0.34681513 -0.031831689 -0.0025537779)
(0.35166438 -0.033986226 -0.0012391301)
(0.35259664 -0.034998967 -0.0021122851)
(0.43208601 -0.045821686 -0.0020827432)
(0.43678433 -0.0485682 -0.0012205338)
(0.43842337 -0.050044904 -0.0017806167)
(0.52426783 -0.062709329 -0.0014757131)
(0.52925057 -0.065761698 -0.00034140226)
(0.53069178 -0.067047689 -0.0012242119)
(0.62274763 -0.082249523 -0.00057283507)
(0.62712339 -0.085130596 0.00010596882)
(0.62931501 -0.087234564 -0.00061028745)
(0.72641863 -0.10402734 0.00036703137)
(0.73114981 -0.10748795 0.00095237506)
(0.73325042 -0.10942706 0.00037827292)
(0.83521718 -0.1282567 0.001347863)
(0.8397361 -0.13168056 0.0020562556)
(0.84202127 -0.1342171 0.001329323)
(0.94824806 -0.15467609 0.0025553272)
(0.9527305 -0.15854343 0.0030569185)
(0.955283 -0.16120192 0.0025134937)
(1.0651792 -0.1831783 0.0038408775)
(1.0695385 -0.1870219 0.0043699083)
(1.0723275 -0.1899361 0.00363268)
(1.1853513 -0.21349643 0.0051633661)
(1.1897349 -0.21750598 0.0054714102)
(1.1925882 -0.2206034 0.0049625032)
(1.3083664 -0.24540166 0.0065892661)
(1.3126101 -0.24949884 0.0069512091)
(1.3157067 -0.25285033 0.0063470552)
(1.4337182 -0.2788067 0.0080249949)
(1.4379976 -0.28288136 0.0081830766)
(1.4412237 -0.28634387 0.0076551024)
(1.5610695 -0.31338649 0.0095480712)
(1.5653104 -0.31742993 0.0095324941)
(1.5685963 -0.32102875 0.0091494742)
(1.6899435 -0.34881936 0.011059142)
(1.6940142 -0.3528098 0.010872283)
(1.6976369 -0.35671384 0.010501525)
(1.8199897 -0.38501221 0.012344288)
(1.8243246 -0.38910018 0.012253622)
(1.8277558 -0.39295278 0.012021148)
(1.9506981 -0.42169382 0.013847464)
(1.9547227 -0.4256533 0.013684305)
(1.9583691 -0.42974167 0.01328338)
(2.082376 -0.45876855 0.01511943)
(2.0865924 -0.46288682 0.015009846)
(2.0904003 -0.46681887 0.014747741)
(-0.0034397505 -0.0050663544 -0.0056559007)
(-0.0033292024 -0.0054935289 0.0010354074)
(-0.0016658137 -0.0053233099 0.0042482445)
(0.019047509 -0.016966113 -0.0065105453)
(0.022362853 -0.013850656 -0.001214609)
(0.021298976 -0.014914026 0.0035013591)
(0.04483462 -0.028245372 -0.0078270081)
(0.048202643 -0.031089324 -0.0019214413)
(0.048870897 -0.030905235 0.0033866631)
(0.085246017 -0.042365498 -0.0082279983)
(0.088285304 -0.041058434 -0.0031583753)
(0.089477324 -0.041713283 0.0017997066)
(0.13385835 -0.055768228 -0.0082269278)
(0.13784358 -0.057735251 -0.0032605796)
(0.13914315 -0.057511801 0.00088780907)
(0.19274571 -0.07216216 -0.0087267596)
(0.19630462 -0.073123606 -0.0045103064)
(0.1985331 -0.073736469 -0.0001462468)
(0.26011202 -0.090016491 -0.0085262294)
(0.26418561 -0.091288805 -0.0039687625)
(0.26619621 -0.092057815 -0.00063955465)
(0.33540815 -0.10915811 -0.0082623651)
(0.33929812 -0.11112693 -0.0046720104)
(0.34197587 -0.11214148 -0.0012095725)
(0.41839321 -0.13099726 -0.0079320665)
(0.42251525 -0.13290523 -0.0044223229)
(0.42527745 -0.13411606 -0.0013808971)
(0.50794786 -0.15428012 -0.0073692479)
(0.51200177 -0.15648705 -0.0042416349)
(0.51497373 -0.15836224 -0.0013548088)
(0.6037147 -0.17953733 -0.0067087027)
(0.60790465 -0.18240875 -0.0037823294)
(0.61114891 -0.18414652 -0.0013259177)
(0.70521599 -0.20698483 -0.0056699544)
(0.70936008 -0.20971385 -0.0031731598)
(0.71255417 -0.21211997 -0.00094076839)
(0.8115837 -0.23586488 -0.004790309)
(0.81563647 -0.23907885 -0.002543253)
(0.81911311 -0.24160748 -0.00041664851)
(0.92256087 -0.26668073 -0.0035457725)
(0.92665687 -0.26990669 -0.0014948817)
(0.93018728 -0.27276953 0.00017726215)
(1.0374691 -0.29884922 -0.0023034063)
(1.0414906 -0.30230096 -0.0006023687)
(1.0451805 -0.30541917 0.00092751363)
(1.1558926 -0.33235889 -0.00091922596)
(1.1599474 -0.33603551 0.0005426426)
(1.1636147 -0.33923245 0.0018270507)
(1.2773084 -0.36711744 0.00045348878)
(1.2813006 -0.37072878 0.0017344616)
(1.2851379 -0.37425827 0.0027541232)
(1.4012889 -0.40257627 0.0018692825)
(1.4053877 -0.40663549 0.0028989704)
(1.409195 -0.41009733 0.0037412138)
(1.5275065 -0.43914929 0.0034195158)
(1.5314817 -0.44295395 0.0041892861)
(1.5353421 -0.44665032 0.0048277772)
(1.655244 -0.47592859 0.0048625289)
(1.6595071 -0.48001817 0.0053910497)
(1.663315 -0.48382166 0.0059403345)
(1.7845587 -0.51313363 0.0063203544)
(1.788702 -0.51733944 0.0067514262)
(1.7924671 -0.52113633 0.0071009116)
(1.9149342 -0.55073067 0.0079509338)
(1.9190182 -0.55490539 0.0080808491)
(1.9229883 -0.55868385 0.0082636324)
(2.045877 -0.58816002 0.0094119553)
(2.0499625 -0.59211871 0.0094458311)
(2.0538456 -0.59625547 0.009299029)
)
;

boundaryField
{
    free
    {
        type            calculated;
    }
    bottom
    {
        type            calculated;
    }
    traction
    {
        type            calculated;
    }
}


// ************************************************************************* //
