/*--------------------------------*- C++ -*----------------------------------*\
  =========                 |
  \\      /  F ield         | OpenFOAM: The Open Source CFD Toolbox
   \\    /   O peration     | Website:  https://openfoam.org
    \\  /    A nd           | Version:  6
     \\/     M anipulation  |
\*---------------------------------------------------------------------------*/
FoamFile
{
    version     2.0;
    format      ascii;
    class       faceList;
    location    "constant/polyMesh";
    object      faces;
}
// * * * * * * * * * * * * * * * * * * * * * * * * * * * * * * * * * * * * * //


5024
(
3(0 8 418)
3(0 418 124)
3(8 124 418)
3(193 0 418)
3(193 418 112)
3(112 418 0)
3(8 418 193)
3(112 194 418)
3(193 418 194)
3(194 112 419)
3(194 419 113)
3(113 419 112)
3(418 112 419)
3(418 419 194)
3(113 194 420)
3(113 420 419)
3(194 419 420)
3(195 113 420)
3(195 420 114)
3(114 420 113)
3(194 420 195)
3(114 195 349)
3(114 349 420)
3(195 420 349)
3(60 114 349)
3(4 349 114)
3(195 349 60)
3(0 418 14)
3(124 14 418)
3(418 0 280)
3(418 280 112)
3(14 280 418)
3(112 418 281)
3(418 280 281)
3(419 112 281)
3(419 281 113)
3(418 281 419)
3(113 420 281)
3(419 281 420)
3(420 113 282)
3(420 282 114)
3(281 282 420)
3(114 349 282)
3(420 282 349)
3(349 114 111)
3(282 111 349)
3(14 124 421)
3(14 421 125)
3(124 125 421)
3(418 14 421)
3(418 421 280)
3(280 421 14)
3(124 421 418)
3(280 418 422)
3(280 422 421)
3(418 421 422)
3(281 422 418)
3(419 422 281)
3(419 418 422)
3(281 422 280)
3(281 419 423)
3(281 423 422)
3(419 422 423)
3(420 281 423)
3(420 423 282)
3(282 423 281)
3(419 423 420)
3(282 420 350)
3(282 350 423)
3(420 423 350)
3(349 282 350)
3(111 350 282)
3(420 350 349)
3(14 421 15)
3(125 15 421)
3(421 14 283)
3(421 283 280)
3(15 283 421)
3(280 422 283)
3(421 283 422)
3(422 280 284)
3(422 284 281)
3(283 284 422)
3(281 423 284)
3(422 284 423)
3(423 281 285)
3(423 285 282)
3(284 285 423)
3(282 350 285)
3(423 285 350)
3(350 282 110)
3(285 110 350)
3(15 125 424)
3(15 424 126)
3(125 126 424)
3(421 15 424)
3(421 424 283)
3(283 424 15)
3(125 424 421)
3(283 421 425)
3(283 425 424)
3(421 424 425)
3(422 283 425)
3(422 425 284)
3(284 425 283)
3(421 425 422)
3(284 422 426)
3(284 426 425)
3(422 425 426)
3(423 284 426)
3(423 426 285)
3(285 426 284)
3(422 426 423)
3(285 423 351)
3(285 351 426)
3(423 426 351)
3(350 285 351)
3(110 351 285)
3(423 351 350)
3(15 424 16)
3(126 16 424)
3(424 15 286)
3(424 286 283)
3(16 286 424)
3(283 425 286)
3(424 286 425)
3(425 283 287)
3(425 287 284)
3(286 287 425)
3(284 426 287)
3(425 287 426)
3(426 285 287)
3(426 288 285)
3(426 287 288)
3(285 351 288)
3(426 288 351)
3(351 110 288)
3(351 288 109)
3(16 126 427)
3(16 427 127)
3(126 127 427)
3(424 16 427)
3(424 427 286)
3(286 427 16)
3(126 427 424)
3(286 424 428)
3(286 428 427)
3(424 427 428)
3(425 286 428)
3(425 428 287)
3(287 428 286)
3(424 428 425)
3(287 425 429)
3(287 429 428)
3(425 428 429)
3(426 287 429)
3(426 429 288)
3(288 429 287)
3(425 429 426)
3(288 426 352)
3(288 352 429)
3(426 429 352)
3(351 288 352)
3(109 352 288)
3(426 352 351)
3(16 427 17)
3(127 17 427)
3(427 16 289)
3(427 289 286)
3(17 289 427)
3(286 428 289)
3(427 289 428)
3(428 287 289)
3(428 290 287)
3(428 289 290)
3(287 429 290)
3(428 290 429)
3(429 287 291)
3(429 291 288)
3(290 291 429)
3(288 352 291)
3(429 291 352)
3(352 288 108)
3(291 108 352)
3(17 127 430)
3(17 430 128)
3(127 128 430)
3(427 17 430)
3(427 430 289)
3(289 430 17)
3(127 430 427)
3(289 427 431)
3(289 431 430)
3(427 430 431)
3(428 289 431)
3(428 431 290)
3(290 431 289)
3(427 431 428)
3(290 428 432)
3(290 432 431)
3(428 431 432)
3(429 290 432)
3(429 432 291)
3(291 432 290)
3(428 432 429)
3(291 429 353)
3(291 353 432)
3(429 432 353)
3(352 291 353)
3(108 353 291)
3(429 353 352)
3(17 430 18)
3(128 18 430)
3(430 17 292)
3(430 292 289)
3(18 292 430)
3(289 431 292)
3(430 292 431)
3(431 289 293)
3(431 293 290)
3(292 293 431)
3(290 432 293)
3(431 293 432)
3(432 290 294)
3(432 294 291)
3(293 294 432)
3(291 353 294)
3(432 294 353)
3(353 291 107)
3(294 107 353)
3(18 128 433)
3(18 433 129)
3(128 129 433)
3(430 18 433)
3(430 433 292)
3(292 433 18)
3(128 433 430)
3(292 430 434)
3(292 434 433)
3(430 433 434)
3(431 292 434)
3(431 434 293)
3(293 434 292)
3(430 434 431)
3(293 431 435)
3(293 435 434)
3(431 434 435)
3(432 293 435)
3(432 435 294)
3(294 435 293)
3(431 435 432)
3(294 432 354)
3(294 354 435)
3(432 435 354)
3(353 294 354)
3(107 354 294)
3(432 354 353)
3(18 433 19)
3(129 19 433)
3(433 18 295)
3(433 295 292)
3(19 295 433)
3(292 434 295)
3(433 295 434)
3(434 293 295)
3(434 296 293)
3(434 295 296)
3(293 435 296)
3(434 296 435)
3(435 294 296)
3(435 297 294)
3(435 296 297)
3(294 354 297)
3(435 297 354)
3(354 107 297)
3(354 297 106)
3(19 129 436)
3(19 436 130)
3(129 130 436)
3(433 19 436)
3(433 436 295)
3(295 436 19)
3(129 436 433)
3(295 433 437)
3(295 437 436)
3(433 436 437)
3(434 295 437)
3(434 437 296)
3(296 437 295)
3(433 437 434)
3(296 434 438)
3(296 438 437)
3(434 437 438)
3(435 296 438)
3(435 438 297)
3(297 438 296)
3(434 438 435)
3(297 435 355)
3(297 355 438)
3(435 438 355)
3(354 297 355)
3(106 355 297)
3(435 355 354)
3(19 436 20)
3(130 20 436)
3(436 19 298)
3(436 298 295)
3(20 298 436)
3(295 437 298)
3(436 298 437)
3(437 295 299)
3(437 299 296)
3(298 299 437)
3(296 438 299)
3(437 299 438)
3(438 296 300)
3(438 300 297)
3(299 300 438)
3(297 355 300)
3(438 300 355)
3(355 297 105)
3(300 105 355)
3(20 130 439)
3(20 439 131)
3(130 131 439)
3(436 20 439)
3(436 439 298)
3(298 439 20)
3(130 439 436)
3(298 436 440)
3(298 440 439)
3(436 439 440)
3(437 298 440)
3(437 440 299)
3(299 440 298)
3(436 440 437)
3(299 437 441)
3(299 441 440)
3(437 440 441)
3(438 299 441)
3(438 441 300)
3(300 441 299)
3(437 441 438)
3(300 438 356)
3(300 356 441)
3(438 441 356)
3(355 300 356)
3(105 356 300)
3(438 356 355)
3(20 439 21)
3(131 21 439)
3(439 20 301)
3(439 301 298)
3(21 301 439)
3(298 440 301)
3(439 301 440)
3(440 298 302)
3(440 302 299)
3(301 302 440)
3(299 441 302)
3(440 302 441)
3(441 299 303)
3(441 303 300)
3(302 303 441)
3(300 356 303)
3(441 303 356)
3(356 300 104)
3(303 104 356)
3(21 131 442)
3(21 442 132)
3(131 132 442)
3(439 21 442)
3(439 442 301)
3(301 442 21)
3(131 442 439)
3(301 439 443)
3(301 443 442)
3(439 442 443)
3(440 301 443)
3(440 443 302)
3(302 443 301)
3(439 443 440)
3(302 440 444)
3(302 444 443)
3(440 443 444)
3(441 302 444)
3(441 444 303)
3(303 444 302)
3(440 444 441)
3(303 441 357)
3(303 357 444)
3(441 444 357)
3(356 303 357)
3(104 357 303)
3(441 357 356)
3(21 442 22)
3(132 22 442)
3(442 21 304)
3(442 304 301)
3(22 304 442)
3(301 443 304)
3(442 304 443)
3(443 301 305)
3(443 305 302)
3(304 305 443)
3(302 444 305)
3(443 305 444)
3(444 302 306)
3(444 306 303)
3(305 306 444)
3(303 357 306)
3(444 306 357)
3(357 303 103)
3(306 103 357)
3(22 132 445)
3(22 445 133)
3(132 133 445)
3(442 22 445)
3(442 445 304)
3(304 445 22)
3(132 445 442)
3(304 442 446)
3(304 446 445)
3(442 445 446)
3(443 304 446)
3(443 446 305)
3(305 446 304)
3(442 446 443)
3(305 443 447)
3(305 447 446)
3(443 446 447)
3(444 305 447)
3(444 447 306)
3(306 447 305)
3(443 447 444)
3(306 444 358)
3(306 358 447)
3(444 447 358)
3(357 306 358)
3(103 358 306)
3(444 358 357)
3(22 445 23)
3(133 23 445)
3(445 22 307)
3(445 307 304)
3(23 307 445)
3(304 446 307)
3(445 307 446)
3(446 305 307)
3(446 308 305)
3(446 307 308)
3(305 447 308)
3(446 308 447)
3(447 306 308)
3(447 309 306)
3(447 308 309)
3(306 358 309)
3(447 309 358)
3(358 103 309)
3(358 309 102)
3(23 133 448)
3(23 448 134)
3(133 134 448)
3(445 23 448)
3(445 448 307)
3(307 448 23)
3(133 448 445)
3(307 445 449)
3(307 449 448)
3(445 448 449)
3(446 307 449)
3(446 449 308)
3(308 449 307)
3(445 449 446)
3(308 446 450)
3(308 450 449)
3(446 449 450)
3(447 308 450)
3(447 450 309)
3(309 450 308)
3(446 450 447)
3(309 447 359)
3(309 359 450)
3(447 450 359)
3(358 309 359)
3(102 359 309)
3(447 359 358)
3(23 448 24)
3(134 24 448)
3(448 23 310)
3(448 310 307)
3(24 310 448)
3(307 449 310)
3(448 310 449)
3(449 307 311)
3(449 311 308)
3(310 311 449)
3(308 450 311)
3(449 311 450)
3(450 308 312)
3(450 312 309)
3(311 312 450)
3(309 359 312)
3(450 312 359)
3(359 309 101)
3(312 101 359)
3(24 134 451)
3(24 451 135)
3(134 135 451)
3(448 24 451)
3(448 451 310)
3(310 451 24)
3(134 451 448)
3(310 448 452)
3(310 452 451)
3(448 451 452)
3(449 310 452)
3(449 452 311)
3(311 452 310)
3(448 452 449)
3(311 449 453)
3(311 453 452)
3(449 452 453)
3(450 311 453)
3(450 453 312)
3(312 453 311)
3(449 453 450)
3(312 450 360)
3(312 360 453)
3(450 453 360)
3(359 312 360)
3(101 360 312)
3(450 360 359)
3(24 451 25)
3(135 25 451)
3(451 24 313)
3(451 313 310)
3(25 313 451)
3(310 452 313)
3(451 313 452)
3(452 310 314)
3(452 314 311)
3(313 314 452)
3(311 453 314)
3(452 314 453)
3(453 311 315)
3(453 315 312)
3(314 315 453)
3(312 360 315)
3(453 315 360)
3(360 312 100)
3(315 100 360)
3(25 135 454)
3(25 454 136)
3(135 136 454)
3(451 25 454)
3(451 454 313)
3(313 454 25)
3(135 454 451)
3(313 451 455)
3(313 455 454)
3(451 454 455)
3(452 313 455)
3(452 455 314)
3(314 455 313)
3(451 455 452)
3(314 452 456)
3(314 456 455)
3(452 455 456)
3(453 314 456)
3(453 456 315)
3(315 456 314)
3(452 456 453)
3(315 453 361)
3(315 361 456)
3(453 456 361)
3(360 315 361)
3(100 361 315)
3(453 361 360)
3(25 454 26)
3(136 26 454)
3(454 25 316)
3(454 316 313)
3(26 316 454)
3(313 455 316)
3(454 316 455)
3(455 313 317)
3(455 317 314)
3(316 317 455)
3(314 456 317)
3(455 317 456)
3(456 314 318)
3(456 318 315)
3(317 318 456)
3(315 361 318)
3(456 318 361)
3(361 315 99)
3(318 99 361)
3(26 136 457)
3(26 457 137)
3(136 137 457)
3(454 26 457)
3(454 457 316)
3(316 457 26)
3(136 457 454)
3(316 454 458)
3(316 458 457)
3(454 457 458)
3(455 316 458)
3(455 458 317)
3(317 458 316)
3(454 458 455)
3(317 455 459)
3(317 459 458)
3(455 458 459)
3(456 317 459)
3(456 459 318)
3(318 459 317)
3(455 459 456)
3(318 456 362)
3(318 362 459)
3(456 459 362)
3(361 318 362)
3(99 362 318)
3(456 362 361)
3(26 457 27)
3(137 27 457)
3(457 26 319)
3(457 319 316)
3(27 319 457)
3(316 458 319)
3(457 319 458)
3(458 316 320)
3(458 320 317)
3(319 320 458)
3(317 459 320)
3(458 320 459)
3(459 317 321)
3(459 321 318)
3(320 321 459)
3(318 362 321)
3(459 321 362)
3(362 318 98)
3(321 98 362)
3(27 137 460)
3(27 460 138)
3(137 138 460)
3(457 27 460)
3(457 460 319)
3(319 460 27)
3(137 460 457)
3(319 457 461)
3(319 461 460)
3(457 460 461)
3(458 319 461)
3(458 461 320)
3(320 461 319)
3(457 461 458)
3(320 458 462)
3(320 462 461)
3(458 461 462)
3(459 320 462)
3(459 462 321)
3(321 462 320)
3(458 462 459)
3(321 459 363)
3(321 363 462)
3(459 462 363)
3(362 321 363)
3(98 363 321)
3(459 363 362)
3(27 460 28)
3(138 28 460)
3(460 27 322)
3(460 322 319)
3(28 322 460)
3(319 461 322)
3(460 322 461)
3(461 319 323)
3(461 323 320)
3(322 323 461)
3(320 462 323)
3(461 323 462)
3(462 320 324)
3(462 324 321)
3(323 324 462)
3(321 363 324)
3(462 324 363)
3(363 321 97)
3(324 97 363)
3(28 138 463)
3(28 463 139)
3(138 139 463)
3(460 28 463)
3(460 463 322)
3(322 463 28)
3(138 463 460)
3(322 460 464)
3(322 464 463)
3(460 463 464)
3(461 322 464)
3(461 464 323)
3(323 464 322)
3(460 464 461)
3(323 461 465)
3(323 465 464)
3(461 464 465)
3(462 323 465)
3(462 465 324)
3(324 465 323)
3(461 465 462)
3(324 462 364)
3(324 364 465)
3(462 465 364)
3(363 324 364)
3(97 364 324)
3(462 364 363)
3(28 463 29)
3(139 29 463)
3(463 28 325)
3(463 325 322)
3(29 325 463)
3(322 464 325)
3(463 325 464)
3(464 322 326)
3(464 326 323)
3(325 326 464)
3(323 465 326)
3(464 326 465)
3(465 323 327)
3(465 327 324)
3(326 327 465)
3(324 364 327)
3(465 327 364)
3(364 324 96)
3(327 96 364)
3(29 139 466)
3(29 466 140)
3(139 140 466)
3(463 29 466)
3(463 466 325)
3(325 466 29)
3(139 466 463)
3(325 463 467)
3(325 467 466)
3(463 466 467)
3(464 325 467)
3(464 467 326)
3(326 467 325)
3(463 467 464)
3(326 464 468)
3(326 468 467)
3(464 467 468)
3(465 326 468)
3(465 468 327)
3(327 468 326)
3(464 468 465)
3(327 465 365)
3(327 365 468)
3(465 468 365)
3(364 327 365)
3(96 365 327)
3(465 365 364)
3(29 466 30)
3(140 30 466)
3(466 29 328)
3(466 328 325)
3(30 328 466)
3(325 467 328)
3(466 328 467)
3(467 325 329)
3(467 329 326)
3(328 329 467)
3(326 468 329)
3(467 329 468)
3(468 326 330)
3(468 330 327)
3(329 330 468)
3(327 365 330)
3(468 330 365)
3(365 327 95)
3(330 95 365)
3(30 140 469)
3(30 469 141)
3(140 141 469)
3(466 30 469)
3(466 469 328)
3(328 469 30)
3(140 469 466)
3(328 466 470)
3(328 470 469)
3(466 469 470)
3(467 328 470)
3(467 470 329)
3(329 470 328)
3(466 470 467)
3(329 467 471)
3(329 471 470)
3(467 470 471)
3(468 329 471)
3(468 471 330)
3(330 471 329)
3(467 471 468)
3(330 468 366)
3(330 366 471)
3(468 471 366)
3(365 330 366)
3(95 366 330)
3(468 366 365)
3(30 469 31)
3(141 31 469)
3(469 30 331)
3(469 331 328)
3(31 331 469)
3(328 470 331)
3(469 331 470)
3(470 328 332)
3(470 332 329)
3(331 332 470)
3(329 471 332)
3(470 332 471)
3(471 329 333)
3(471 333 330)
3(332 333 471)
3(330 366 333)
3(471 333 366)
3(366 330 94)
3(333 94 366)
3(31 141 472)
3(31 472 142)
3(141 142 472)
3(469 31 472)
3(469 472 331)
3(331 472 31)
3(141 472 469)
3(331 469 473)
3(331 473 472)
3(469 472 473)
3(470 331 473)
3(470 473 332)
3(332 473 331)
3(469 473 470)
3(332 470 474)
3(332 474 473)
3(470 473 474)
3(471 332 474)
3(471 474 333)
3(333 474 332)
3(470 474 471)
3(333 471 367)
3(333 367 474)
3(471 474 367)
3(366 333 367)
3(94 367 333)
3(471 367 366)
3(31 472 32)
3(142 32 472)
3(472 31 334)
3(472 334 331)
3(32 334 472)
3(331 473 334)
3(472 334 473)
3(473 331 335)
3(473 335 332)
3(334 335 473)
3(332 474 335)
3(473 335 474)
3(474 332 336)
3(474 336 333)
3(335 336 474)
3(333 367 336)
3(474 336 367)
3(367 333 93)
3(336 93 367)
3(32 142 475)
3(32 475 143)
3(142 143 475)
3(472 32 475)
3(472 475 334)
3(334 475 32)
3(142 475 472)
3(334 472 476)
3(334 476 475)
3(472 475 476)
3(473 334 476)
3(473 476 335)
3(335 476 334)
3(472 476 473)
3(335 473 477)
3(335 477 476)
3(473 476 477)
3(474 335 477)
3(474 477 336)
3(336 477 335)
3(473 477 474)
3(336 474 368)
3(336 368 477)
3(474 477 368)
3(367 336 368)
3(93 368 336)
3(474 368 367)
3(32 475 33)
3(143 33 475)
3(475 32 337)
3(475 337 334)
3(33 337 475)
3(334 476 337)
3(475 337 476)
3(476 334 338)
3(476 338 335)
3(337 338 476)
3(335 477 338)
3(476 338 477)
3(477 335 339)
3(477 339 336)
3(338 339 477)
3(336 368 339)
3(477 339 368)
3(368 336 92)
3(339 92 368)
3(33 143 478)
3(33 478 144)
3(143 144 478)
3(475 33 478)
3(475 478 337)
3(337 478 33)
3(143 478 475)
3(337 475 479)
3(337 479 478)
3(475 478 479)
3(476 337 479)
3(476 479 338)
3(338 479 337)
3(475 479 476)
3(338 476 480)
3(338 480 479)
3(476 479 480)
3(477 338 480)
3(477 480 339)
3(339 480 338)
3(476 480 477)
3(339 477 369)
3(339 369 480)
3(477 480 369)
3(368 339 369)
3(92 369 339)
3(477 369 368)
3(33 478 34)
3(144 34 478)
3(478 33 340)
3(478 340 337)
3(34 340 478)
3(337 479 340)
3(478 340 479)
3(479 337 341)
3(479 341 338)
3(340 341 479)
3(338 480 341)
3(479 341 480)
3(480 338 342)
3(480 342 339)
3(341 342 480)
3(339 369 342)
3(480 342 369)
3(369 339 91)
3(342 91 369)
3(34 144 481)
3(34 481 145)
3(144 145 481)
3(478 34 481)
3(478 481 340)
3(340 481 34)
3(144 481 478)
3(340 478 482)
3(340 482 481)
3(478 481 482)
3(479 340 482)
3(479 482 341)
3(341 482 340)
3(478 482 479)
3(341 479 483)
3(341 483 482)
3(479 482 483)
3(480 341 483)
3(480 483 342)
3(342 483 341)
3(479 483 480)
3(342 480 370)
3(342 370 483)
3(480 483 370)
3(369 342 370)
3(91 370 342)
3(480 370 369)
3(34 481 35)
3(145 35 481)
3(481 34 343)
3(481 343 340)
3(35 343 481)
3(340 482 343)
3(481 343 482)
3(482 340 344)
3(482 344 341)
3(343 344 482)
3(341 483 344)
3(482 344 483)
3(483 341 345)
3(483 345 342)
3(344 345 483)
3(342 370 345)
3(483 345 370)
3(370 342 90)
3(345 90 370)
3(35 145 484)
3(35 484 146)
3(145 146 484)
3(481 35 484)
3(481 484 343)
3(343 484 35)
3(145 484 481)
3(343 481 485)
3(343 485 484)
3(481 484 485)
3(482 343 485)
3(482 485 344)
3(344 485 343)
3(481 485 482)
3(344 482 486)
3(344 486 485)
3(482 485 486)
3(483 344 486)
3(483 486 345)
3(345 486 344)
3(482 486 483)
3(345 483 371)
3(345 371 486)
3(483 486 371)
3(370 345 371)
3(90 371 345)
3(483 371 370)
3(35 484 36)
3(146 36 484)
3(484 35 346)
3(484 346 343)
3(36 346 484)
3(343 485 346)
3(484 346 485)
3(485 343 347)
3(485 347 344)
3(346 347 485)
3(344 486 347)
3(485 347 486)
3(486 344 348)
3(486 348 345)
3(347 348 486)
3(345 371 348)
3(486 348 371)
3(371 345 89)
3(348 89 371)
3(36 484 11)
3(146 11 484)
3(484 346 11)
3(484 271 346)
3(346 271 11)
3(484 11 271)
3(36 346 11)
3(346 485 271)
3(484 271 485)
3(485 347 271)
3(485 272 347)
3(347 272 271)
3(485 271 272)
3(346 347 271)
3(347 486 272)
3(485 272 486)
3(486 348 272)
3(486 273 348)
3(348 273 272)
3(486 272 273)
3(347 348 272)
3(348 371 273)
3(486 273 371)
3(371 89 273)
3(89 88 273)
3(371 273 88)
3(348 89 273)
3(11 2 346)
3(271 346 2)
3(271 121 346)
3(271 121 347)
3(272 347 121)
3(272 122 347)
3(272 122 348)
3(273 348 122)
3(273 123 348)
3(273 123 89)
3(88 89 123)
3(8 9 487)
3(8 487 147)
3(9 147 487)
3(196 8 487)
3(196 487 193)
3(193 487 8)
3(9 487 196)
3(193 196 488)
3(193 488 487)
3(196 487 488)
3(197 193 488)
3(197 488 194)
3(194 488 193)
3(196 488 197)
3(194 197 489)
3(194 489 488)
3(197 488 489)
3(198 194 489)
3(198 489 195)
3(195 489 194)
3(197 489 198)
3(195 198 372)
3(195 372 489)
3(198 489 372)
3(61 195 372)
3(60 372 195)
3(198 372 61)
3(8 487 124)
3(147 124 487)
3(487 8 418)
3(487 418 193)
3(124 418 487)
3(193 488 418)
3(487 418 488)
3(488 194 418)
3(488 419 194)
3(488 418 419)
3(194 489 419)
3(488 419 489)
3(489 194 420)
3(489 420 195)
3(419 420 489)
3(195 372 420)
3(489 420 372)
3(372 195 349)
3(420 349 372)
3(124 147 490)
3(124 490 148)
3(147 148 490)
3(487 124 490)
3(487 490 418)
3(418 490 124)
3(147 490 487)
3(418 487 491)
3(418 491 490)
3(487 490 491)
3(488 418 491)
3(488 491 419)
3(419 491 418)
3(487 491 488)
3(419 488 492)
3(419 492 491)
3(488 491 492)
3(489 419 492)
3(489 492 420)
3(420 492 419)
3(488 492 489)
3(420 489 373)
3(420 373 492)
3(489 492 373)
3(372 420 373)
3(349 373 420)
3(489 373 372)
3(124 490 125)
3(148 125 490)
3(490 124 421)
3(490 421 418)
3(125 421 490)
3(418 491 421)
3(490 421 491)
3(491 418 422)
3(491 422 419)
3(421 422 491)
3(419 492 422)
3(491 422 492)
3(492 419 423)
3(492 423 420)
3(422 423 492)
3(420 373 423)
3(492 423 373)
3(373 420 350)
3(423 350 373)
3(125 148 493)
3(125 493 149)
3(148 149 493)
3(490 125 493)
3(490 493 421)
3(421 493 125)
3(148 493 490)
3(421 490 494)
3(421 494 493)
3(490 493 494)
3(491 421 494)
3(491 494 422)
3(422 494 421)
3(490 494 491)
3(422 491 495)
3(422 495 494)
3(491 494 495)
3(492 422 495)
3(492 495 423)
3(423 495 422)
3(491 495 492)
3(423 492 374)
3(423 374 495)
3(492 495 374)
3(373 423 374)
3(350 374 423)
3(492 374 373)
3(125 493 126)
3(149 126 493)
3(493 125 424)
3(493 424 421)
3(126 424 493)
3(421 494 424)
3(493 424 494)
3(494 421 425)
3(494 425 422)
3(424 425 494)
3(422 495 425)
3(494 425 495)
3(495 422 426)
3(495 426 423)
3(425 426 495)
3(423 374 426)
3(495 426 374)
3(374 423 351)
3(426 351 374)
3(126 149 496)
3(126 496 150)
3(149 150 496)
3(493 126 496)
3(493 496 424)
3(424 496 126)
3(149 496 493)
3(424 493 497)
3(424 497 496)
3(493 496 497)
3(494 424 497)
3(494 497 425)
3(425 497 424)
3(493 497 494)
3(425 494 498)
3(425 498 497)
3(494 497 498)
3(495 425 498)
3(495 498 426)
3(426 498 425)
3(494 498 495)
3(426 495 375)
3(426 375 498)
3(495 498 375)
3(374 426 375)
3(351 375 426)
3(495 375 374)
3(126 496 127)
3(150 127 496)
3(496 126 427)
3(496 427 424)
3(127 427 496)
3(424 497 427)
3(496 427 497)
3(497 424 428)
3(497 428 425)
3(427 428 497)
3(425 498 428)
3(497 428 498)
3(498 425 429)
3(498 429 426)
3(428 429 498)
3(426 375 429)
3(498 429 375)
3(375 426 352)
3(429 352 375)
3(127 150 499)
3(127 499 151)
3(150 151 499)
3(496 127 499)
3(496 499 427)
3(427 499 127)
3(150 499 496)
3(427 496 500)
3(427 500 499)
3(496 499 500)
3(497 427 500)
3(497 500 428)
3(428 500 427)
3(496 500 497)
3(428 497 501)
3(428 501 500)
3(497 500 501)
3(498 428 501)
3(498 501 429)
3(429 501 428)
3(497 501 498)
3(429 498 376)
3(429 376 501)
3(498 501 376)
3(375 429 376)
3(352 376 429)
3(498 376 375)
3(127 499 128)
3(151 128 499)
3(499 127 430)
3(499 430 427)
3(128 430 499)
3(427 500 430)
3(499 430 500)
3(500 427 431)
3(500 431 428)
3(430 431 500)
3(428 501 431)
3(500 431 501)
3(501 428 432)
3(501 432 429)
3(431 432 501)
3(429 376 432)
3(501 432 376)
3(376 429 353)
3(432 353 376)
3(128 151 502)
3(128 502 152)
3(151 152 502)
3(499 128 502)
3(499 502 430)
3(430 502 128)
3(151 502 499)
3(430 499 503)
3(430 503 502)
3(499 502 503)
3(500 430 503)
3(500 503 431)
3(431 503 430)
3(499 503 500)
3(431 500 504)
3(431 504 503)
3(500 503 504)
3(501 431 504)
3(501 504 432)
3(432 504 431)
3(500 504 501)
3(432 501 377)
3(432 377 504)
3(501 504 377)
3(376 432 377)
3(353 377 432)
3(501 377 376)
3(128 502 129)
3(152 129 502)
3(502 128 433)
3(502 433 430)
3(129 433 502)
3(430 503 433)
3(502 433 503)
3(503 430 434)
3(503 434 431)
3(433 434 503)
3(431 504 434)
3(503 434 504)
3(504 431 435)
3(504 435 432)
3(434 435 504)
3(432 377 435)
3(504 435 377)
3(377 432 354)
3(435 354 377)
3(129 152 505)
3(129 505 153)
3(152 153 505)
3(502 129 505)
3(502 505 433)
3(433 505 129)
3(152 505 502)
3(433 502 506)
3(433 506 505)
3(502 505 506)
3(503 433 506)
3(503 506 434)
3(434 506 433)
3(502 506 503)
3(434 503 507)
3(434 507 506)
3(503 506 507)
3(504 434 507)
3(504 507 435)
3(435 507 434)
3(503 507 504)
3(435 504 378)
3(435 378 507)
3(504 507 378)
3(377 435 378)
3(354 378 435)
3(504 378 377)
3(129 505 130)
3(153 130 505)
3(505 129 436)
3(505 436 433)
3(130 436 505)
3(433 506 436)
3(505 436 506)
3(506 433 437)
3(506 437 434)
3(436 437 506)
3(434 507 437)
3(506 437 507)
3(507 434 438)
3(507 438 435)
3(437 438 507)
3(435 378 438)
3(507 438 378)
3(378 435 355)
3(438 355 378)
3(130 153 508)
3(130 508 154)
3(153 154 508)
3(505 130 508)
3(505 508 436)
3(436 508 130)
3(153 508 505)
3(436 505 509)
3(436 509 508)
3(505 508 509)
3(506 436 509)
3(506 509 437)
3(437 509 436)
3(505 509 506)
3(437 506 510)
3(437 510 509)
3(506 509 510)
3(507 437 510)
3(507 510 438)
3(438 510 437)
3(506 510 507)
3(438 507 379)
3(438 379 510)
3(507 510 379)
3(378 438 379)
3(355 379 438)
3(507 379 378)
3(130 508 131)
3(154 131 508)
3(508 130 439)
3(508 439 436)
3(131 439 508)
3(436 509 439)
3(508 439 509)
3(509 436 440)
3(509 440 437)
3(439 440 509)
3(437 510 440)
3(509 440 510)
3(510 437 441)
3(510 441 438)
3(440 441 510)
3(438 379 441)
3(510 441 379)
3(379 438 356)
3(441 356 379)
3(131 154 511)
3(131 511 155)
3(154 155 511)
3(508 131 511)
3(508 511 439)
3(439 511 131)
3(154 511 508)
3(439 508 512)
3(439 512 511)
3(508 511 512)
3(509 439 512)
3(509 512 440)
3(440 512 439)
3(508 512 509)
3(440 509 513)
3(440 513 512)
3(509 512 513)
3(510 440 513)
3(510 513 441)
3(441 513 440)
3(509 513 510)
3(441 510 380)
3(441 380 513)
3(510 513 380)
3(379 441 380)
3(356 380 441)
3(510 380 379)
3(131 511 132)
3(155 132 511)
3(511 131 442)
3(511 442 439)
3(132 442 511)
3(439 512 442)
3(511 442 512)
3(512 439 443)
3(512 443 440)
3(442 443 512)
3(440 513 443)
3(512 443 513)
3(513 440 444)
3(513 444 441)
3(443 444 513)
3(441 380 444)
3(513 444 380)
3(380 441 357)
3(444 357 380)
3(132 155 514)
3(132 514 156)
3(155 156 514)
3(511 132 514)
3(511 514 442)
3(442 514 132)
3(155 514 511)
3(442 511 515)
3(442 515 514)
3(511 514 515)
3(512 442 515)
3(512 515 443)
3(443 515 442)
3(511 515 512)
3(443 512 516)
3(443 516 515)
3(512 515 516)
3(513 443 516)
3(513 516 444)
3(444 516 443)
3(512 516 513)
3(444 513 381)
3(444 381 516)
3(513 516 381)
3(380 444 381)
3(357 381 444)
3(513 381 380)
3(132 514 133)
3(156 133 514)
3(514 132 445)
3(514 445 442)
3(133 445 514)
3(442 515 445)
3(514 445 515)
3(515 442 446)
3(515 446 443)
3(445 446 515)
3(443 516 446)
3(515 446 516)
3(516 443 447)
3(516 447 444)
3(446 447 516)
3(444 381 447)
3(516 447 381)
3(381 444 358)
3(447 358 381)
3(133 156 517)
3(133 517 157)
3(156 157 517)
3(514 133 517)
3(514 517 445)
3(445 517 133)
3(156 517 514)
3(445 514 518)
3(445 518 517)
3(514 517 518)
3(515 445 518)
3(515 518 446)
3(446 518 445)
3(514 518 515)
3(446 515 519)
3(446 519 518)
3(515 518 519)
3(516 446 519)
3(516 519 447)
3(447 519 446)
3(515 519 516)
3(447 516 382)
3(447 382 519)
3(516 519 382)
3(381 447 382)
3(358 382 447)
3(516 382 381)
3(133 517 134)
3(157 134 517)
3(517 133 448)
3(517 448 445)
3(134 448 517)
3(445 518 448)
3(517 448 518)
3(518 445 449)
3(518 449 446)
3(448 449 518)
3(446 519 449)
3(518 449 519)
3(519 446 450)
3(519 450 447)
3(449 450 519)
3(447 382 450)
3(519 450 382)
3(382 447 359)
3(450 359 382)
3(134 157 520)
3(134 520 158)
3(157 158 520)
3(517 134 520)
3(517 520 448)
3(448 520 134)
3(157 520 517)
3(448 517 521)
3(448 521 520)
3(517 520 521)
3(518 448 521)
3(518 521 449)
3(449 521 448)
3(517 521 518)
3(449 518 522)
3(449 522 521)
3(518 521 522)
3(519 449 522)
3(519 522 450)
3(450 522 449)
3(518 522 519)
3(450 519 383)
3(450 383 522)
3(519 522 383)
3(382 450 383)
3(359 383 450)
3(519 383 382)
3(134 520 135)
3(158 135 520)
3(520 134 451)
3(520 451 448)
3(135 451 520)
3(448 521 451)
3(520 451 521)
3(521 448 452)
3(521 452 449)
3(451 452 521)
3(449 522 452)
3(521 452 522)
3(522 449 453)
3(522 453 450)
3(452 453 522)
3(450 383 453)
3(522 453 383)
3(383 450 360)
3(453 360 383)
3(135 158 523)
3(135 523 159)
3(158 159 523)
3(520 135 523)
3(520 523 451)
3(451 523 135)
3(158 523 520)
3(451 520 524)
3(451 524 523)
3(520 523 524)
3(521 451 524)
3(521 524 452)
3(452 524 451)
3(520 524 521)
3(452 521 525)
3(452 525 524)
3(521 524 525)
3(522 452 525)
3(522 525 453)
3(453 525 452)
3(521 525 522)
3(453 522 384)
3(453 384 525)
3(522 525 384)
3(383 453 384)
3(360 384 453)
3(522 384 383)
3(135 523 136)
3(159 136 523)
3(523 135 454)
3(523 454 451)
3(136 454 523)
3(451 524 454)
3(523 454 524)
3(524 451 455)
3(524 455 452)
3(454 455 524)
3(452 525 455)
3(524 455 525)
3(525 452 456)
3(525 456 453)
3(455 456 525)
3(453 384 456)
3(525 456 384)
3(384 453 361)
3(456 361 384)
3(136 159 526)
3(136 526 160)
3(159 160 526)
3(523 136 526)
3(523 526 454)
3(454 526 136)
3(159 526 523)
3(454 523 527)
3(454 527 526)
3(523 526 527)
3(524 454 527)
3(524 527 455)
3(455 527 454)
3(523 527 524)
3(455 524 528)
3(455 528 527)
3(524 527 528)
3(525 455 528)
3(525 528 456)
3(456 528 455)
3(524 528 525)
3(456 525 385)
3(456 385 528)
3(525 528 385)
3(384 456 385)
3(361 385 456)
3(525 385 384)
3(136 526 137)
3(160 137 526)
3(526 136 457)
3(526 457 454)
3(137 457 526)
3(454 527 457)
3(526 457 527)
3(527 454 458)
3(527 458 455)
3(457 458 527)
3(455 528 458)
3(527 458 528)
3(528 455 459)
3(528 459 456)
3(458 459 528)
3(456 385 459)
3(528 459 385)
3(385 456 362)
3(459 362 385)
3(137 160 529)
3(137 529 161)
3(160 161 529)
3(526 137 529)
3(526 529 457)
3(457 529 137)
3(160 529 526)
3(457 526 530)
3(457 530 529)
3(526 529 530)
3(527 457 530)
3(527 530 458)
3(458 530 457)
3(526 530 527)
3(458 527 531)
3(458 531 530)
3(527 530 531)
3(528 458 531)
3(528 531 459)
3(459 531 458)
3(527 531 528)
3(459 528 386)
3(459 386 531)
3(528 531 386)
3(385 459 386)
3(362 386 459)
3(528 386 385)
3(137 529 138)
3(161 138 529)
3(529 137 460)
3(529 460 457)
3(138 460 529)
3(457 530 460)
3(529 460 530)
3(530 457 461)
3(530 461 458)
3(460 461 530)
3(458 531 461)
3(530 461 531)
3(531 458 462)
3(531 462 459)
3(461 462 531)
3(459 386 462)
3(531 462 386)
3(386 459 363)
3(462 363 386)
3(138 161 532)
3(138 532 162)
3(161 162 532)
3(529 138 532)
3(529 532 460)
3(460 532 138)
3(161 532 529)
3(460 529 533)
3(460 533 532)
3(529 532 533)
3(530 460 533)
3(530 533 461)
3(461 533 460)
3(529 533 530)
3(461 530 534)
3(461 534 533)
3(530 533 534)
3(531 461 534)
3(531 534 462)
3(462 534 461)
3(530 534 531)
3(462 531 387)
3(462 387 534)
3(531 534 387)
3(386 462 387)
3(363 387 462)
3(531 387 386)
3(138 532 139)
3(162 139 532)
3(532 138 463)
3(532 463 460)
3(139 463 532)
3(460 533 463)
3(532 463 533)
3(533 460 464)
3(533 464 461)
3(463 464 533)
3(461 534 464)
3(533 464 534)
3(534 461 465)
3(534 465 462)
3(464 465 534)
3(462 387 465)
3(534 465 387)
3(387 462 364)
3(465 364 387)
3(139 162 535)
3(139 535 163)
3(162 163 535)
3(532 139 535)
3(532 535 463)
3(463 535 139)
3(162 535 532)
3(463 532 536)
3(463 536 535)
3(532 535 536)
3(533 463 536)
3(533 536 464)
3(464 536 463)
3(532 536 533)
3(464 533 537)
3(464 537 536)
3(533 536 537)
3(534 464 537)
3(534 537 465)
3(465 537 464)
3(533 537 534)
3(465 534 388)
3(465 388 537)
3(534 537 388)
3(387 465 388)
3(364 388 465)
3(534 388 387)
3(139 535 140)
3(163 140 535)
3(535 139 466)
3(535 466 463)
3(140 466 535)
3(463 536 466)
3(535 466 536)
3(536 463 467)
3(536 467 464)
3(466 467 536)
3(464 537 467)
3(536 467 537)
3(537 464 468)
3(537 468 465)
3(467 468 537)
3(465 388 468)
3(537 468 388)
3(388 465 365)
3(468 365 388)
3(140 163 538)
3(140 538 164)
3(163 164 538)
3(535 140 538)
3(535 538 466)
3(466 538 140)
3(163 538 535)
3(466 535 539)
3(466 539 538)
3(535 538 539)
3(536 466 539)
3(536 539 467)
3(467 539 466)
3(535 539 536)
3(467 536 540)
3(467 540 539)
3(536 539 540)
3(537 467 540)
3(537 540 468)
3(468 540 467)
3(536 540 537)
3(468 537 389)
3(468 389 540)
3(537 540 389)
3(388 468 389)
3(365 389 468)
3(537 389 388)
3(140 538 141)
3(164 141 538)
3(538 140 469)
3(538 469 466)
3(141 469 538)
3(466 539 469)
3(538 469 539)
3(539 466 470)
3(539 470 467)
3(469 470 539)
3(467 540 470)
3(539 470 540)
3(540 467 471)
3(540 471 468)
3(470 471 540)
3(468 389 471)
3(540 471 389)
3(389 468 366)
3(471 366 389)
3(141 164 541)
3(141 541 165)
3(164 165 541)
3(538 141 541)
3(538 541 469)
3(469 541 141)
3(164 541 538)
3(469 538 542)
3(469 542 541)
3(538 541 542)
3(539 469 542)
3(539 542 470)
3(470 542 469)
3(538 542 539)
3(470 539 543)
3(470 543 542)
3(539 542 543)
3(540 470 543)
3(540 543 471)
3(471 543 470)
3(539 543 540)
3(471 540 390)
3(471 390 543)
3(540 543 390)
3(389 471 390)
3(366 390 471)
3(540 390 389)
3(141 541 142)
3(165 142 541)
3(541 141 472)
3(541 472 469)
3(142 472 541)
3(469 542 472)
3(541 472 542)
3(542 469 473)
3(542 473 470)
3(472 473 542)
3(470 543 473)
3(542 473 543)
3(543 470 474)
3(543 474 471)
3(473 474 543)
3(471 390 474)
3(543 474 390)
3(390 471 367)
3(474 367 390)
3(142 165 544)
3(142 544 166)
3(165 166 544)
3(541 142 544)
3(541 544 472)
3(472 544 142)
3(165 544 541)
3(472 541 545)
3(472 545 544)
3(541 544 545)
3(542 472 545)
3(542 545 473)
3(473 545 472)
3(541 545 542)
3(473 542 546)
3(473 546 545)
3(542 545 546)
3(543 473 546)
3(543 546 474)
3(474 546 473)
3(542 546 543)
3(474 543 391)
3(474 391 546)
3(543 546 391)
3(390 474 391)
3(367 391 474)
3(543 391 390)
3(142 544 143)
3(166 143 544)
3(544 142 475)
3(544 475 472)
3(143 475 544)
3(472 545 475)
3(544 475 545)
3(545 472 476)
3(545 476 473)
3(475 476 545)
3(473 546 476)
3(545 476 546)
3(546 473 477)
3(546 477 474)
3(476 477 546)
3(474 391 477)
3(546 477 391)
3(391 474 368)
3(477 368 391)
3(143 166 547)
3(143 547 167)
3(166 167 547)
3(544 143 547)
3(544 547 475)
3(475 547 143)
3(166 547 544)
3(475 545 547)
3(544 547 545)
3(545 476 547)
3(545 548 476)
3(476 548 547)
3(545 547 548)
3(475 476 547)
3(476 545 549)
3(476 549 548)
3(545 548 549)
3(546 476 549)
3(546 549 477)
3(477 549 476)
3(545 549 546)
3(477 546 392)
3(477 392 549)
3(546 549 392)
3(391 477 392)
3(368 392 477)
3(546 392 391)
3(143 547 144)
3(167 144 547)
3(547 143 478)
3(547 478 475)
3(144 478 547)
3(475 547 479)
3(547 478 479)
3(476 479 547)
3(548 479 476)
3(548 547 479)
3(476 549 479)
3(548 479 549)
3(549 476 480)
3(549 480 477)
3(479 480 549)
3(477 392 480)
3(549 480 392)
3(392 477 369)
3(480 369 392)
3(144 167 550)
3(144 550 168)
3(167 168 550)
3(547 144 550)
3(547 550 478)
3(478 550 144)
3(167 550 547)
3(478 547 551)
3(478 551 550)
3(547 550 551)
3(479 551 547)
3(548 551 479)
3(548 547 551)
3(479 551 478)
3(479 548 552)
3(479 552 551)
3(548 551 552)
3(549 479 552)
3(549 552 480)
3(480 552 479)
3(548 552 549)
3(480 549 393)
3(480 393 552)
3(549 552 393)
3(392 480 393)
3(369 393 480)
3(549 393 392)
3(144 550 145)
3(168 145 550)
3(550 144 481)
3(550 481 478)
3(145 481 550)
3(478 551 481)
3(550 481 551)
3(551 478 482)
3(551 482 479)
3(481 482 551)
3(479 552 482)
3(551 482 552)
3(552 479 483)
3(552 483 480)
3(482 483 552)
3(480 393 483)
3(552 483 393)
3(393 480 370)
3(483 370 393)
3(145 168 553)
3(145 553 169)
3(168 169 553)
3(550 145 553)
3(550 553 481)
3(481 553 145)
3(168 553 550)
3(481 550 554)
3(481 554 553)
3(550 553 554)
3(551 481 554)
3(551 554 482)
3(482 554 481)
3(550 554 551)
3(482 551 555)
3(482 555 554)
3(551 554 555)
3(552 482 555)
3(552 555 483)
3(483 555 482)
3(551 555 552)
3(483 552 394)
3(483 394 555)
3(552 555 394)
3(393 483 394)
3(370 394 483)
3(552 394 393)
3(145 553 146)
3(169 146 553)
3(553 145 484)
3(553 484 481)
3(146 484 553)
3(481 554 484)
3(553 484 554)
3(554 481 485)
3(554 485 482)
3(484 485 554)
3(482 555 485)
3(554 485 555)
3(555 482 486)
3(555 486 483)
3(485 486 555)
3(483 394 486)
3(555 486 394)
3(394 483 371)
3(486 371 394)
3(146 553 12)
3(169 12 553)
3(553 484 12)
3(553 274 484)
3(484 274 12)
3(553 12 274)
3(146 484 12)
3(484 554 274)
3(553 274 554)
3(554 485 274)
3(554 275 485)
3(485 275 274)
3(554 274 275)
3(484 485 274)
3(485 555 275)
3(554 275 555)
3(555 486 275)
3(555 276 486)
3(486 276 275)
3(555 275 276)
3(485 486 275)
3(486 394 276)
3(555 276 394)
3(394 371 276)
3(371 87 276)
3(394 276 87)
3(486 371 276)
3(12 11 484)
3(274 484 11)
3(274 271 484)
3(274 271 485)
3(275 485 271)
3(275 272 485)
3(275 272 486)
3(276 486 272)
3(276 273 486)
3(276 273 371)
3(87 371 273)
3(9 10 556)
3(9 556 170)
3(10 170 556)
3(199 9 556)
3(199 556 196)
3(196 556 9)
3(10 556 199)
3(196 199 557)
3(196 557 556)
3(199 556 557)
3(200 196 557)
3(200 557 197)
3(197 557 196)
3(199 557 200)
3(197 200 558)
3(197 558 557)
3(200 557 558)
3(201 197 558)
3(201 558 198)
3(198 558 197)
3(200 558 201)
3(198 201 395)
3(198 395 558)
3(201 558 395)
3(62 198 395)
3(61 395 198)
3(201 395 62)
3(9 556 147)
3(170 147 556)
3(556 9 487)
3(556 487 196)
3(147 487 556)
3(196 557 487)
3(556 487 557)
3(557 196 488)
3(557 488 197)
3(487 488 557)
3(197 558 488)
3(557 488 558)
3(558 197 489)
3(558 489 198)
3(488 489 558)
3(198 395 489)
3(558 489 395)
3(395 198 372)
3(489 372 395)
3(147 170 559)
3(147 559 171)
3(170 171 559)
3(556 147 559)
3(556 559 487)
3(487 559 147)
3(170 559 556)
3(487 556 560)
3(487 560 559)
3(556 559 560)
3(557 487 560)
3(557 560 488)
3(488 560 487)
3(556 560 557)
3(488 557 561)
3(488 561 560)
3(557 560 561)
3(558 488 561)
3(558 561 489)
3(489 561 488)
3(557 561 558)
3(489 558 396)
3(489 396 561)
3(558 561 396)
3(395 489 396)
3(372 396 489)
3(558 396 395)
3(147 559 148)
3(171 148 559)
3(559 147 490)
3(559 490 487)
3(148 490 559)
3(487 560 490)
3(559 490 560)
3(560 487 491)
3(560 491 488)
3(490 491 560)
3(488 561 491)
3(560 491 561)
3(561 488 492)
3(561 492 489)
3(491 492 561)
3(489 396 492)
3(561 492 396)
3(396 489 373)
3(492 373 396)
3(148 171 562)
3(148 562 172)
3(171 172 562)
3(559 148 562)
3(559 562 490)
3(490 562 148)
3(171 562 559)
3(490 559 563)
3(490 563 562)
3(559 562 563)
3(560 490 563)
3(560 563 491)
3(491 563 490)
3(559 563 560)
3(491 560 564)
3(491 564 563)
3(560 563 564)
3(561 491 564)
3(561 564 492)
3(492 564 491)
3(560 564 561)
3(492 561 397)
3(492 397 564)
3(561 564 397)
3(396 492 397)
3(373 397 492)
3(561 397 396)
3(148 562 149)
3(172 149 562)
3(562 148 493)
3(562 493 490)
3(149 493 562)
3(490 563 493)
3(562 493 563)
3(563 490 494)
3(563 494 491)
3(493 494 563)
3(491 564 494)
3(563 494 564)
3(564 491 495)
3(564 495 492)
3(494 495 564)
3(492 397 495)
3(564 495 397)
3(397 492 374)
3(495 374 397)
3(149 172 565)
3(149 565 173)
3(172 173 565)
3(562 149 565)
3(562 565 493)
3(493 565 149)
3(172 565 562)
3(493 562 566)
3(493 566 565)
3(562 565 566)
3(563 493 566)
3(563 566 494)
3(494 566 493)
3(562 566 563)
3(494 563 567)
3(494 567 566)
3(563 566 567)
3(564 494 567)
3(564 567 495)
3(495 567 494)
3(563 567 564)
3(495 564 398)
3(495 398 567)
3(564 567 398)
3(397 495 398)
3(374 398 495)
3(564 398 397)
3(149 565 150)
3(173 150 565)
3(565 149 496)
3(565 496 493)
3(150 496 565)
3(493 566 496)
3(565 496 566)
3(566 493 497)
3(566 497 494)
3(496 497 566)
3(494 567 497)
3(566 497 567)
3(567 494 498)
3(567 498 495)
3(497 498 567)
3(495 398 498)
3(567 498 398)
3(398 495 375)
3(498 375 398)
3(150 173 568)
3(150 568 174)
3(173 174 568)
3(565 150 568)
3(565 568 496)
3(496 568 150)
3(173 568 565)
3(496 565 569)
3(496 569 568)
3(565 568 569)
3(566 496 569)
3(566 569 497)
3(497 569 496)
3(565 569 566)
3(497 566 570)
3(497 570 569)
3(566 569 570)
3(567 497 570)
3(567 570 498)
3(498 570 497)
3(566 570 567)
3(498 567 399)
3(498 399 570)
3(567 570 399)
3(398 498 399)
3(375 399 498)
3(567 399 398)
3(150 568 151)
3(174 151 568)
3(568 150 499)
3(568 499 496)
3(151 499 568)
3(496 569 499)
3(568 499 569)
3(569 496 500)
3(569 500 497)
3(499 500 569)
3(497 570 500)
3(569 500 570)
3(570 497 501)
3(570 501 498)
3(500 501 570)
3(498 399 501)
3(570 501 399)
3(399 498 376)
3(501 376 399)
3(151 174 571)
3(151 571 175)
3(174 175 571)
3(568 151 571)
3(568 571 499)
3(499 571 151)
3(174 571 568)
3(499 568 572)
3(499 572 571)
3(568 571 572)
3(569 499 572)
3(569 572 500)
3(500 572 499)
3(568 572 569)
3(500 569 573)
3(500 573 572)
3(569 572 573)
3(570 500 573)
3(570 573 501)
3(501 573 500)
3(569 573 570)
3(501 570 400)
3(501 400 573)
3(570 573 400)
3(399 501 400)
3(376 400 501)
3(570 400 399)
3(151 571 152)
3(175 152 571)
3(571 151 502)
3(571 502 499)
3(152 502 571)
3(499 572 502)
3(571 502 572)
3(572 499 503)
3(572 503 500)
3(502 503 572)
3(500 573 503)
3(572 503 573)
3(573 500 504)
3(573 504 501)
3(503 504 573)
3(501 400 504)
3(573 504 400)
3(400 501 377)
3(504 377 400)
3(152 175 574)
3(152 574 176)
3(175 176 574)
3(571 152 574)
3(571 574 502)
3(502 574 152)
3(175 574 571)
3(502 571 575)
3(502 575 574)
3(571 574 575)
3(572 502 575)
3(572 575 503)
3(503 575 502)
3(571 575 572)
3(503 572 576)
3(503 576 575)
3(572 575 576)
3(573 503 576)
3(573 576 504)
3(504 576 503)
3(572 576 573)
3(504 573 401)
3(504 401 576)
3(573 576 401)
3(400 504 401)
3(377 401 504)
3(573 401 400)
3(152 574 153)
3(176 153 574)
3(574 152 505)
3(574 505 502)
3(153 505 574)
3(502 575 505)
3(574 505 575)
3(575 502 506)
3(575 506 503)
3(505 506 575)
3(503 576 506)
3(575 506 576)
3(576 503 507)
3(576 507 504)
3(506 507 576)
3(504 401 507)
3(576 507 401)
3(401 504 378)
3(507 378 401)
3(153 176 577)
3(153 577 177)
3(176 177 577)
3(574 153 577)
3(574 577 505)
3(505 577 153)
3(176 577 574)
3(505 574 578)
3(505 578 577)
3(574 577 578)
3(575 505 578)
3(575 578 506)
3(506 578 505)
3(574 578 575)
3(506 575 579)
3(506 579 578)
3(575 578 579)
3(576 506 579)
3(576 579 507)
3(507 579 506)
3(575 579 576)
3(507 576 402)
3(507 402 579)
3(576 579 402)
3(401 507 402)
3(378 402 507)
3(576 402 401)
3(153 577 154)
3(177 154 577)
3(577 153 508)
3(577 508 505)
3(154 508 577)
3(505 578 508)
3(577 508 578)
3(578 505 509)
3(578 509 506)
3(508 509 578)
3(506 579 509)
3(578 509 579)
3(579 506 510)
3(579 510 507)
3(509 510 579)
3(507 402 510)
3(579 510 402)
3(402 507 379)
3(510 379 402)
3(154 177 580)
3(154 580 178)
3(177 178 580)
3(577 154 580)
3(577 580 508)
3(508 580 154)
3(177 580 577)
3(508 577 581)
3(508 581 580)
3(577 580 581)
3(578 508 581)
3(578 581 509)
3(509 581 508)
3(577 581 578)
3(509 578 582)
3(509 582 581)
3(578 581 582)
3(579 509 582)
3(579 582 510)
3(510 582 509)
3(578 582 579)
3(510 579 403)
3(510 403 582)
3(579 582 403)
3(402 510 403)
3(379 403 510)
3(579 403 402)
3(154 580 155)
3(178 155 580)
3(580 154 511)
3(580 511 508)
3(155 511 580)
3(508 581 511)
3(580 511 581)
3(581 508 512)
3(581 512 509)
3(511 512 581)
3(509 582 512)
3(581 512 582)
3(582 509 513)
3(582 513 510)
3(512 513 582)
3(510 403 513)
3(582 513 403)
3(403 510 380)
3(513 380 403)
3(155 178 583)
3(155 583 179)
3(178 179 583)
3(580 155 583)
3(580 583 511)
3(511 583 155)
3(178 583 580)
3(511 580 584)
3(511 584 583)
3(580 583 584)
3(581 511 584)
3(581 584 512)
3(512 584 511)
3(580 584 581)
3(512 581 585)
3(512 585 584)
3(581 584 585)
3(582 512 585)
3(582 585 513)
3(513 585 512)
3(581 585 582)
3(513 582 404)
3(513 404 585)
3(582 585 404)
3(403 513 404)
3(380 404 513)
3(582 404 403)
3(155 583 156)
3(179 156 583)
3(583 155 514)
3(583 514 511)
3(156 514 583)
3(511 584 514)
3(583 514 584)
3(584 511 515)
3(584 515 512)
3(514 515 584)
3(512 585 515)
3(584 515 585)
3(585 512 516)
3(585 516 513)
3(515 516 585)
3(513 404 516)
3(585 516 404)
3(404 513 381)
3(516 381 404)
3(156 179 586)
3(156 586 180)
3(179 180 586)
3(583 156 586)
3(583 586 514)
3(514 586 156)
3(179 586 583)
3(514 583 587)
3(514 587 586)
3(583 586 587)
3(584 514 587)
3(584 587 515)
3(515 587 514)
3(583 587 584)
3(515 584 588)
3(515 588 587)
3(584 587 588)
3(585 515 588)
3(585 588 516)
3(516 588 515)
3(584 588 585)
3(516 585 405)
3(516 405 588)
3(585 588 405)
3(404 516 405)
3(381 405 516)
3(585 405 404)
3(156 586 157)
3(180 157 586)
3(586 156 517)
3(586 517 514)
3(157 517 586)
3(514 587 517)
3(586 517 587)
3(587 514 518)
3(587 518 515)
3(517 518 587)
3(515 588 518)
3(587 518 588)
3(588 515 519)
3(588 519 516)
3(518 519 588)
3(516 405 519)
3(588 519 405)
3(405 516 382)
3(519 382 405)
3(157 180 589)
3(157 589 181)
3(180 181 589)
3(586 157 589)
3(586 589 517)
3(517 589 157)
3(180 589 586)
3(517 586 590)
3(517 590 589)
3(586 589 590)
3(587 517 590)
3(587 590 518)
3(518 590 517)
3(586 590 587)
3(518 587 591)
3(518 591 590)
3(587 590 591)
3(588 518 591)
3(588 591 519)
3(519 591 518)
3(587 591 588)
3(519 588 406)
3(519 406 591)
3(588 591 406)
3(405 519 406)
3(382 406 519)
3(588 406 405)
3(157 589 158)
3(181 158 589)
3(589 157 520)
3(589 520 517)
3(158 520 589)
3(517 590 520)
3(589 520 590)
3(590 517 521)
3(590 521 518)
3(520 521 590)
3(518 591 521)
3(590 521 591)
3(591 518 522)
3(591 522 519)
3(521 522 591)
3(519 406 522)
3(591 522 406)
3(406 519 383)
3(522 383 406)
3(158 181 592)
3(158 592 182)
3(181 182 592)
3(589 158 592)
3(589 592 520)
3(520 592 158)
3(181 592 589)
3(520 589 593)
3(520 593 592)
3(589 592 593)
3(590 520 593)
3(590 593 521)
3(521 593 520)
3(589 593 590)
3(521 590 594)
3(521 594 593)
3(590 593 594)
3(591 521 594)
3(591 594 522)
3(522 594 521)
3(590 594 591)
3(522 591 407)
3(522 407 594)
3(591 594 407)
3(406 522 407)
3(383 407 522)
3(591 407 406)
3(158 592 159)
3(182 159 592)
3(592 158 523)
3(592 523 520)
3(159 523 592)
3(520 593 523)
3(592 523 593)
3(593 520 524)
3(593 524 521)
3(523 524 593)
3(521 594 524)
3(593 524 594)
3(594 521 525)
3(594 525 522)
3(524 525 594)
3(522 407 525)
3(594 525 407)
3(407 522 384)
3(525 384 407)
3(159 182 595)
3(159 595 183)
3(182 183 595)
3(592 159 595)
3(592 595 523)
3(523 595 159)
3(182 595 592)
3(523 592 596)
3(523 596 595)
3(592 595 596)
3(593 523 596)
3(593 596 524)
3(524 596 523)
3(592 596 593)
3(524 593 597)
3(524 597 596)
3(593 596 597)
3(594 524 597)
3(594 597 525)
3(525 597 524)
3(593 597 594)
3(525 594 408)
3(525 408 597)
3(594 597 408)
3(407 525 408)
3(384 408 525)
3(594 408 407)
3(159 595 160)
3(183 160 595)
3(595 159 526)
3(595 526 523)
3(160 526 595)
3(523 596 526)
3(595 526 596)
3(596 523 527)
3(596 527 524)
3(526 527 596)
3(524 597 527)
3(596 527 597)
3(597 524 528)
3(597 528 525)
3(527 528 597)
3(525 408 528)
3(597 528 408)
3(408 525 385)
3(528 385 408)
3(160 183 598)
3(160 598 184)
3(183 184 598)
3(595 160 598)
3(595 598 526)
3(526 598 160)
3(183 598 595)
3(526 595 599)
3(526 599 598)
3(595 598 599)
3(596 526 599)
3(596 599 527)
3(527 599 526)
3(595 599 596)
3(527 596 600)
3(527 600 599)
3(596 599 600)
3(597 527 600)
3(597 600 528)
3(528 600 527)
3(596 600 597)
3(528 597 409)
3(528 409 600)
3(597 600 409)
3(408 528 409)
3(385 409 528)
3(597 409 408)
3(160 598 161)
3(184 161 598)
3(598 160 529)
3(598 529 526)
3(161 529 598)
3(526 599 529)
3(598 529 599)
3(599 526 530)
3(599 530 527)
3(529 530 599)
3(527 600 530)
3(599 530 600)
3(600 527 531)
3(600 531 528)
3(530 531 600)
3(528 409 531)
3(600 531 409)
3(409 528 386)
3(531 386 409)
3(161 184 601)
3(161 601 185)
3(184 185 601)
3(598 161 601)
3(598 601 529)
3(529 601 161)
3(184 601 598)
3(529 598 602)
3(529 602 601)
3(598 601 602)
3(599 529 602)
3(599 602 530)
3(530 602 529)
3(598 602 599)
3(530 599 603)
3(530 603 602)
3(599 602 603)
3(600 530 603)
3(600 603 531)
3(531 603 530)
3(599 603 600)
3(531 600 410)
3(531 410 603)
3(600 603 410)
3(409 531 410)
3(386 410 531)
3(600 410 409)
3(161 601 162)
3(185 162 601)
3(601 161 532)
3(601 532 529)
3(162 532 601)
3(529 602 532)
3(601 532 602)
3(602 529 533)
3(602 533 530)
3(532 533 602)
3(530 603 533)
3(602 533 603)
3(603 530 534)
3(603 534 531)
3(533 534 603)
3(531 410 534)
3(603 534 410)
3(410 531 387)
3(534 387 410)
3(162 185 604)
3(162 604 186)
3(185 186 604)
3(601 162 604)
3(601 604 532)
3(532 604 162)
3(185 604 601)
3(532 601 605)
3(532 605 604)
3(601 604 605)
3(602 532 605)
3(602 605 533)
3(533 605 532)
3(601 605 602)
3(533 602 606)
3(533 606 605)
3(602 605 606)
3(603 533 606)
3(603 606 534)
3(534 606 533)
3(602 606 603)
3(534 603 411)
3(534 411 606)
3(603 606 411)
3(410 534 411)
3(387 411 534)
3(603 411 410)
3(162 604 163)
3(186 163 604)
3(604 162 535)
3(604 535 532)
3(163 535 604)
3(532 605 535)
3(604 535 605)
3(605 532 536)
3(605 536 533)
3(535 536 605)
3(533 606 536)
3(605 536 606)
3(606 533 537)
3(606 537 534)
3(536 537 606)
3(534 411 537)
3(606 537 411)
3(411 534 388)
3(537 388 411)
3(163 186 607)
3(163 607 187)
3(186 187 607)
3(604 163 607)
3(604 607 535)
3(535 607 163)
3(186 607 604)
3(535 604 608)
3(535 608 607)
3(604 607 608)
3(605 535 608)
3(605 608 536)
3(536 608 535)
3(604 608 605)
3(536 605 609)
3(536 609 608)
3(605 608 609)
3(606 536 609)
3(606 609 537)
3(537 609 536)
3(605 609 606)
3(537 606 412)
3(537 412 609)
3(606 609 412)
3(411 537 412)
3(388 412 537)
3(606 412 411)
3(163 607 164)
3(187 164 607)
3(607 163 538)
3(607 538 535)
3(164 538 607)
3(535 608 538)
3(607 538 608)
3(608 535 539)
3(608 539 536)
3(538 539 608)
3(536 609 539)
3(608 539 609)
3(609 536 540)
3(609 540 537)
3(539 540 609)
3(537 412 540)
3(609 540 412)
3(412 537 389)
3(540 389 412)
3(164 187 610)
3(164 610 188)
3(187 188 610)
3(607 164 610)
3(607 610 538)
3(538 610 164)
3(187 610 607)
3(538 607 611)
3(538 611 610)
3(607 610 611)
3(608 538 611)
3(608 611 539)
3(539 611 538)
3(607 611 608)
3(539 608 612)
3(539 612 611)
3(608 611 612)
3(609 539 612)
3(609 612 540)
3(540 612 539)
3(608 612 609)
3(540 609 413)
3(540 413 612)
3(609 612 413)
3(412 540 413)
3(389 413 540)
3(609 413 412)
3(164 610 165)
3(188 165 610)
3(610 164 541)
3(610 541 538)
3(165 541 610)
3(538 611 541)
3(610 541 611)
3(611 538 542)
3(611 542 539)
3(541 542 611)
3(539 612 542)
3(611 542 612)
3(612 539 543)
3(612 543 540)
3(542 543 612)
3(540 413 543)
3(612 543 413)
3(413 540 390)
3(543 390 413)
3(165 188 613)
3(165 613 189)
3(188 189 613)
3(610 165 613)
3(610 613 541)
3(541 613 165)
3(188 613 610)
3(541 610 614)
3(541 614 613)
3(610 613 614)
3(611 541 614)
3(611 614 542)
3(542 614 541)
3(610 614 611)
3(542 611 615)
3(542 615 614)
3(611 614 615)
3(612 542 615)
3(612 615 543)
3(543 615 542)
3(611 615 612)
3(543 612 414)
3(543 414 615)
3(612 615 414)
3(413 543 414)
3(390 414 543)
3(612 414 413)
3(165 613 166)
3(189 166 613)
3(613 165 544)
3(613 544 541)
3(166 544 613)
3(541 614 544)
3(613 544 614)
3(614 541 545)
3(614 545 542)
3(544 545 614)
3(542 615 545)
3(614 545 615)
3(615 542 546)
3(615 546 543)
3(545 546 615)
3(543 414 546)
3(615 546 414)
3(414 543 391)
3(546 391 414)
3(166 189 616)
3(166 616 190)
3(189 190 616)
3(613 166 616)
3(613 616 544)
3(544 616 166)
3(189 616 613)
3(544 613 617)
3(544 617 616)
3(613 616 617)
3(614 544 617)
3(614 617 545)
3(545 617 544)
3(613 617 614)
3(545 614 618)
3(545 618 617)
3(614 617 618)
3(615 545 618)
3(615 618 546)
3(546 618 545)
3(614 618 615)
3(546 615 415)
3(546 415 618)
3(615 618 415)
3(414 546 415)
3(391 415 546)
3(615 415 414)
3(166 616 167)
3(190 167 616)
3(616 166 547)
3(616 547 544)
3(167 547 616)
3(544 617 547)
3(616 547 617)
3(617 545 547)
3(617 548 545)
3(617 547 548)
3(545 618 548)
3(617 548 618)
3(618 545 549)
3(618 549 546)
3(548 549 618)
3(546 415 549)
3(618 549 415)
3(415 546 392)
3(549 392 415)
3(167 190 619)
3(167 619 191)
3(190 191 619)
3(616 167 619)
3(616 619 547)
3(547 619 167)
3(190 619 616)
3(547 616 620)
3(547 620 619)
3(616 619 620)
3(617 547 620)
3(617 620 548)
3(548 620 547)
3(616 620 617)
3(548 617 621)
3(548 621 620)
3(617 620 621)
3(618 548 621)
3(618 621 549)
3(549 621 548)
3(617 621 618)
3(549 618 416)
3(549 416 621)
3(618 621 416)
3(415 549 416)
3(392 416 549)
3(618 416 415)
3(167 619 168)
3(191 168 619)
3(619 167 550)
3(619 550 547)
3(168 550 619)
3(547 620 550)
3(619 550 620)
3(620 547 551)
3(620 551 548)
3(550 551 620)
3(548 621 551)
3(620 551 621)
3(621 548 552)
3(621 552 549)
3(551 552 621)
3(549 416 552)
3(621 552 416)
3(416 549 393)
3(552 393 416)
3(168 191 622)
3(168 622 192)
3(191 192 622)
3(619 168 622)
3(619 622 550)
3(550 622 168)
3(191 622 619)
3(550 619 623)
3(550 623 622)
3(619 622 623)
3(620 550 623)
3(620 623 551)
3(551 623 550)
3(619 623 620)
3(551 620 624)
3(551 624 623)
3(620 623 624)
3(621 551 624)
3(621 624 552)
3(552 624 551)
3(620 624 621)
3(552 621 417)
3(552 417 624)
3(621 624 417)
3(416 552 417)
3(393 417 552)
3(621 417 416)
3(168 622 169)
3(192 169 622)
3(622 168 553)
3(622 553 550)
3(169 553 622)
3(550 623 553)
3(622 553 623)
3(623 550 554)
3(623 554 551)
3(553 554 623)
3(551 624 554)
3(623 554 624)
3(624 551 555)
3(624 555 552)
3(554 555 624)
3(552 417 555)
3(624 555 417)
3(417 552 394)
3(555 394 417)
3(169 622 13)
3(192 13 622)
3(622 553 13)
3(622 277 553)
3(553 277 13)
3(622 13 277)
3(169 553 13)
3(553 623 277)
3(622 277 623)
3(623 554 277)
3(623 278 554)
3(554 278 277)
3(623 277 278)
3(553 554 277)
3(554 624 278)
3(623 278 624)
3(624 555 278)
3(624 279 555)
3(555 279 278)
3(624 278 279)
3(554 555 278)
3(555 417 279)
3(624 279 417)
3(417 394 279)
3(394 86 279)
3(417 279 86)
3(555 394 279)
3(13 12 553)
3(277 553 12)
3(277 274 553)
3(277 274 554)
3(554 275 277)
3(278 275 554)
3(278 275 555)
3(555 276 278)
3(279 276 555)
3(279 276 394)
3(394 87 279)
3(10 1 202)
3(10 202 37)
3(199 202 1)
3(115 202 199)
3(199 202 10)
3(199 115 203)
3(199 203 202)
3(200 203 115)
3(116 203 200)
3(200 203 199)
3(200 116 204)
3(200 204 203)
3(201 204 116)
3(117 204 201)
3(201 204 200)
3(117 204 62)
3(201 62 204)
3(62 63 117)
3(62 63 204)
3(10 37 556)
3(37 170 556)
3(202 10 556)
3(202 556 199)
3(37 556 202)
3(199 202 557)
3(202 556 557)
3(203 199 557)
3(203 557 200)
3(202 557 203)
3(200 203 558)
3(203 557 558)
3(204 200 558)
3(204 558 201)
3(203 558 204)
3(201 204 395)
3(204 558 395)
3(62 395 204)
3(63 204 395)
3(37 38 556)
3(170 556 38)
3(556 205 37)
3(202 205 556)
3(556 205 38)
3(202 205 557)
3(556 557 205)
3(203 557 205)
3(203 206 557)
3(557 206 205)
3(203 206 558)
3(557 558 206)
3(204 558 206)
3(204 207 558)
3(558 207 206)
3(204 207 395)
3(558 395 207)
3(395 64 204)
3(395 64 207)
3(170 38 559)
3(38 171 559)
3(556 559 38)
3(205 559 556)
3(205 38 559)
3(556 205 560)
3(205 559 560)
3(557 560 205)
3(206 560 557)
3(206 205 560)
3(557 206 561)
3(206 560 561)
3(558 561 206)
3(207 561 558)
3(207 206 561)
3(558 207 396)
3(207 561 396)
3(395 396 207)
3(64 207 396)
3(38 39 559)
3(171 559 39)
3(559 208 38)
3(205 208 559)
3(559 208 39)
3(205 208 560)
3(559 560 208)
3(560 209 205)
3(206 209 560)
3(560 209 208)
3(206 209 561)
3(560 561 209)
3(561 210 206)
3(207 210 561)
3(561 210 209)
3(207 210 396)
3(561 396 210)
3(396 65 207)
3(396 65 210)
3(171 39 562)
3(39 172 562)
3(559 562 39)
3(208 562 559)
3(208 39 562)
3(559 208 563)
3(208 562 563)
3(560 563 208)
3(209 563 560)
3(209 208 563)
3(560 209 564)
3(209 563 564)
3(561 564 209)
3(210 564 561)
3(210 209 564)
3(561 210 397)
3(210 564 397)
3(396 397 210)
3(65 210 397)
3(39 40 562)
3(172 562 40)
3(562 211 39)
3(208 211 562)
3(562 211 40)
3(208 211 563)
3(562 563 211)
3(563 212 208)
3(209 212 563)
3(563 212 211)
3(209 212 564)
3(563 564 212)
3(564 213 209)
3(210 213 564)
3(564 213 212)
3(210 213 397)
3(564 397 213)
3(397 66 210)
3(397 66 213)
3(172 40 565)
3(40 173 565)
3(562 565 40)
3(211 565 562)
3(211 40 565)
3(562 211 566)
3(211 565 566)
3(563 566 211)
3(212 566 563)
3(212 211 566)
3(563 212 567)
3(212 566 567)
3(564 567 212)
3(213 567 564)
3(213 212 567)
3(564 213 398)
3(213 567 398)
3(397 398 213)
3(66 213 398)
3(40 41 565)
3(173 565 41)
3(565 214 40)
3(211 214 565)
3(565 214 41)
3(211 214 566)
3(565 566 214)
3(566 215 211)
3(212 215 566)
3(566 215 214)
3(212 215 567)
3(566 567 215)
3(567 216 212)
3(213 216 567)
3(567 216 215)
3(213 216 398)
3(567 398 216)
3(398 67 213)
3(398 67 216)
3(173 41 568)
3(41 174 568)
3(565 568 41)
3(214 568 565)
3(214 41 568)
3(565 214 569)
3(214 568 569)
3(566 569 214)
3(215 569 566)
3(215 214 569)
3(566 215 570)
3(215 569 570)
3(567 570 215)
3(216 570 567)
3(216 215 570)
3(567 216 399)
3(216 570 399)
3(398 399 216)
3(67 216 399)
3(41 42 568)
3(174 568 42)
3(568 217 41)
3(214 217 568)
3(568 217 42)
3(214 217 569)
3(568 569 217)
3(569 218 214)
3(215 218 569)
3(569 218 217)
3(215 218 570)
3(569 570 218)
3(570 219 215)
3(216 219 570)
3(570 219 218)
3(216 219 399)
3(570 399 219)
3(399 68 216)
3(399 68 219)
3(174 42 571)
3(42 175 571)
3(568 571 42)
3(217 571 568)
3(217 42 571)
3(568 217 572)
3(217 571 572)
3(569 572 217)
3(218 572 569)
3(218 217 572)
3(569 218 573)
3(218 572 573)
3(570 573 218)
3(219 573 570)
3(219 218 573)
3(570 219 400)
3(219 573 400)
3(399 400 219)
3(68 219 400)
3(42 43 571)
3(175 571 43)
3(571 220 42)
3(217 220 571)
3(571 220 43)
3(217 220 572)
3(571 572 220)
3(572 221 217)
3(218 221 572)
3(572 221 220)
3(218 221 573)
3(572 573 221)
3(219 573 221)
3(219 222 573)
3(573 222 221)
3(219 222 400)
3(573 400 222)
3(68 400 222)
3(400 69 222)
3(175 43 574)
3(43 176 574)
3(571 574 43)
3(220 574 571)
3(220 43 574)
3(571 220 575)
3(220 574 575)
3(572 575 220)
3(221 575 572)
3(221 220 575)
3(572 221 576)
3(221 575 576)
3(573 576 221)
3(222 576 573)
3(222 221 576)
3(573 222 401)
3(222 576 401)
3(400 401 222)
3(69 222 401)
3(43 44 574)
3(176 574 44)
3(574 223 43)
3(220 223 574)
3(574 223 44)
3(220 223 575)
3(574 575 223)
3(221 575 223)
3(221 224 575)
3(575 224 223)
3(221 224 576)
3(575 576 224)
3(576 225 221)
3(222 225 576)
3(576 225 224)
3(222 225 401)
3(576 401 225)
3(401 70 222)
3(401 70 225)
3(176 44 577)
3(44 177 577)
3(574 577 44)
3(223 577 574)
3(223 44 577)
3(574 223 578)
3(223 577 578)
3(575 578 223)
3(224 578 575)
3(224 223 578)
3(575 224 579)
3(224 578 579)
3(576 579 224)
3(225 579 576)
3(225 224 579)
3(576 225 402)
3(225 579 402)
3(401 402 225)
3(70 225 402)
3(44 45 577)
3(177 577 45)
3(577 226 44)
3(223 226 577)
3(577 226 45)
3(223 226 578)
3(577 578 226)
3(578 227 223)
3(224 227 578)
3(578 227 226)
3(224 227 579)
3(578 579 227)
3(579 228 224)
3(225 228 579)
3(579 228 227)
3(225 228 402)
3(579 402 228)
3(402 71 225)
3(402 71 228)
3(177 45 580)
3(45 178 580)
3(577 580 45)
3(226 580 577)
3(226 45 580)
3(577 226 581)
3(226 580 581)
3(578 581 226)
3(227 581 578)
3(227 226 581)
3(578 227 582)
3(227 581 582)
3(579 582 227)
3(228 582 579)
3(228 227 582)
3(579 228 403)
3(228 582 403)
3(402 403 228)
3(71 228 403)
3(45 46 580)
3(178 580 46)
3(580 229 45)
3(226 229 580)
3(580 229 46)
3(226 229 581)
3(580 581 229)
3(581 230 226)
3(227 230 581)
3(581 230 229)
3(227 230 582)
3(581 582 230)
3(582 231 227)
3(228 231 582)
3(582 231 230)
3(228 231 403)
3(582 403 231)
3(403 72 228)
3(403 72 231)
3(178 46 583)
3(46 179 583)
3(580 583 46)
3(229 583 580)
3(229 46 583)
3(580 229 584)
3(229 583 584)
3(581 584 229)
3(230 584 581)
3(230 229 584)
3(581 230 585)
3(230 584 585)
3(582 585 230)
3(231 585 582)
3(231 230 585)
3(582 231 404)
3(231 585 404)
3(403 404 231)
3(72 231 404)
3(46 47 583)
3(179 583 47)
3(583 232 46)
3(229 232 583)
3(583 232 47)
3(229 232 584)
3(583 584 232)
3(584 233 229)
3(230 233 584)
3(584 233 232)
3(230 233 585)
3(584 585 233)
3(585 234 230)
3(231 234 585)
3(585 234 233)
3(231 234 404)
3(585 404 234)
3(404 73 231)
3(404 73 234)
3(179 47 586)
3(47 180 586)
3(583 586 47)
3(232 586 583)
3(232 47 586)
3(583 232 587)
3(232 586 587)
3(584 587 232)
3(233 587 584)
3(233 232 587)
3(584 233 588)
3(233 587 588)
3(585 588 233)
3(234 588 585)
3(234 233 588)
3(585 234 405)
3(234 588 405)
3(404 405 234)
3(73 234 405)
3(47 48 586)
3(180 586 48)
3(586 235 47)
3(232 235 586)
3(586 235 48)
3(232 235 587)
3(586 587 235)
3(587 236 232)
3(233 236 587)
3(587 236 235)
3(233 236 588)
3(587 588 236)
3(588 237 233)
3(234 237 588)
3(588 237 236)
3(234 237 405)
3(588 405 237)
3(405 74 234)
3(405 74 237)
3(180 48 589)
3(48 181 589)
3(586 589 48)
3(235 589 586)
3(235 48 589)
3(586 235 590)
3(235 589 590)
3(587 590 235)
3(236 590 587)
3(236 235 590)
3(587 236 591)
3(236 590 591)
3(588 591 236)
3(237 591 588)
3(237 236 591)
3(588 237 406)
3(237 591 406)
3(405 406 237)
3(74 237 406)
3(48 49 589)
3(181 589 49)
3(589 238 48)
3(235 238 589)
3(589 238 49)
3(235 238 590)
3(589 590 238)
3(590 239 235)
3(236 239 590)
3(590 239 238)
3(236 239 591)
3(590 591 239)
3(591 240 236)
3(237 240 591)
3(591 240 239)
3(237 240 406)
3(591 406 240)
3(406 75 237)
3(406 75 240)
3(181 49 592)
3(49 182 592)
3(589 592 49)
3(238 592 589)
3(238 49 592)
3(589 238 593)
3(238 592 593)
3(590 593 238)
3(239 593 590)
3(239 238 593)
3(590 239 594)
3(239 593 594)
3(591 594 239)
3(240 594 591)
3(240 239 594)
3(591 240 407)
3(240 594 407)
3(406 407 240)
3(75 240 407)
3(49 50 592)
3(182 592 50)
3(592 241 49)
3(238 241 592)
3(592 241 50)
3(238 241 593)
3(592 593 241)
3(593 242 238)
3(239 242 593)
3(593 242 241)
3(239 242 594)
3(593 594 242)
3(594 243 239)
3(240 243 594)
3(594 243 242)
3(240 243 407)
3(594 407 243)
3(407 76 240)
3(407 76 243)
3(182 50 595)
3(50 183 595)
3(592 595 50)
3(241 595 592)
3(241 50 595)
3(592 241 596)
3(241 595 596)
3(593 596 241)
3(242 596 593)
3(242 241 596)
3(593 242 597)
3(242 596 597)
3(594 597 242)
3(243 597 594)
3(243 242 597)
3(594 243 408)
3(243 597 408)
3(407 408 243)
3(76 243 408)
3(50 51 595)
3(183 595 51)
3(595 244 50)
3(241 244 595)
3(595 244 51)
3(241 244 596)
3(595 596 244)
3(596 245 241)
3(242 245 596)
3(596 245 244)
3(242 245 597)
3(596 597 245)
3(597 246 242)
3(243 246 597)
3(597 246 245)
3(243 246 408)
3(597 408 246)
3(408 77 243)
3(408 77 246)
3(183 51 598)
3(51 184 598)
3(595 598 51)
3(244 598 595)
3(244 51 598)
3(595 244 599)
3(244 598 599)
3(596 599 244)
3(245 599 596)
3(245 244 599)
3(596 245 600)
3(245 599 600)
3(597 600 245)
3(246 600 597)
3(246 245 600)
3(597 246 409)
3(246 600 409)
3(408 409 246)
3(77 246 409)
3(51 52 598)
3(184 598 52)
3(598 247 51)
3(244 247 598)
3(598 247 52)
3(244 247 599)
3(598 599 247)
3(599 248 244)
3(245 248 599)
3(599 248 247)
3(245 248 600)
3(599 600 248)
3(600 249 245)
3(246 249 600)
3(600 249 248)
3(246 249 409)
3(600 409 249)
3(409 78 246)
3(409 78 249)
3(184 52 601)
3(52 185 601)
3(598 601 52)
3(247 601 598)
3(247 52 601)
3(598 247 602)
3(247 601 602)
3(599 602 247)
3(248 602 599)
3(248 247 602)
3(599 248 603)
3(248 602 603)
3(600 603 248)
3(249 603 600)
3(249 248 603)
3(600 249 410)
3(249 603 410)
3(409 410 249)
3(78 249 410)
3(52 53 601)
3(185 601 53)
3(601 250 52)
3(247 250 601)
3(601 250 53)
3(247 250 602)
3(601 602 250)
3(602 251 247)
3(248 251 602)
3(602 251 250)
3(248 251 603)
3(602 603 251)
3(603 252 248)
3(249 252 603)
3(603 252 251)
3(249 252 410)
3(603 410 252)
3(410 79 249)
3(410 79 252)
3(185 53 604)
3(53 186 604)
3(601 604 53)
3(250 604 601)
3(250 53 604)
3(601 250 605)
3(250 604 605)
3(602 605 250)
3(251 605 602)
3(251 250 605)
3(602 251 606)
3(251 605 606)
3(603 606 251)
3(252 606 603)
3(252 251 606)
3(603 252 411)
3(252 606 411)
3(410 411 252)
3(79 252 411)
3(53 54 604)
3(186 604 54)
3(604 253 53)
3(250 253 604)
3(604 253 54)
3(250 253 605)
3(604 605 253)
3(605 254 250)
3(251 254 605)
3(605 254 253)
3(251 254 606)
3(605 606 254)
3(606 255 251)
3(252 255 606)
3(606 255 254)
3(252 255 411)
3(606 411 255)
3(411 80 252)
3(411 80 255)
3(186 54 607)
3(54 187 607)
3(604 607 54)
3(253 607 604)
3(253 54 607)
3(604 253 608)
3(253 607 608)
3(605 608 253)
3(254 608 605)
3(254 253 608)
3(605 254 609)
3(254 608 609)
3(606 609 254)
3(255 609 606)
3(255 254 609)
3(606 255 412)
3(255 609 412)
3(411 412 255)
3(80 255 412)
3(54 55 607)
3(187 607 55)
3(607 256 54)
3(253 256 607)
3(607 256 55)
3(253 256 608)
3(607 608 256)
3(608 257 253)
3(254 257 608)
3(608 257 256)
3(254 257 609)
3(608 609 257)
3(609 258 254)
3(255 258 609)
3(609 258 257)
3(255 258 412)
3(609 412 258)
3(412 81 255)
3(412 81 258)
3(187 55 610)
3(55 188 610)
3(607 610 55)
3(256 610 607)
3(256 55 610)
3(607 256 611)
3(256 610 611)
3(608 611 256)
3(257 611 608)
3(257 256 611)
3(608 257 612)
3(257 611 612)
3(609 612 257)
3(258 612 609)
3(258 257 612)
3(609 258 413)
3(258 612 413)
3(412 413 258)
3(81 258 413)
3(55 56 610)
3(188 610 56)
3(610 259 55)
3(256 259 610)
3(610 259 56)
3(256 259 611)
3(610 611 259)
3(611 260 256)
3(257 260 611)
3(611 260 259)
3(257 260 612)
3(611 612 260)
3(612 261 257)
3(258 261 612)
3(612 261 260)
3(258 261 413)
3(612 413 261)
3(413 82 258)
3(413 82 261)
3(188 56 613)
3(56 189 613)
3(610 613 56)
3(259 613 610)
3(259 56 613)
3(610 259 614)
3(259 613 614)
3(611 614 259)
3(260 614 611)
3(260 259 614)
3(611 260 615)
3(260 614 615)
3(612 615 260)
3(261 615 612)
3(261 260 615)
3(612 261 414)
3(261 615 414)
3(413 414 261)
3(82 261 414)
3(56 57 613)
3(189 613 57)
3(613 262 56)
3(259 262 613)
3(613 262 57)
3(259 262 614)
3(613 614 262)
3(614 263 259)
3(260 263 614)
3(614 263 262)
3(260 263 615)
3(614 615 263)
3(615 264 260)
3(261 264 615)
3(615 264 263)
3(261 264 414)
3(615 414 264)
3(414 83 261)
3(414 83 264)
3(189 57 616)
3(57 190 616)
3(613 616 57)
3(262 616 613)
3(262 57 616)
3(613 262 617)
3(262 616 617)
3(614 617 262)
3(263 617 614)
3(263 262 617)
3(614 263 618)
3(263 617 618)
3(615 618 263)
3(264 618 615)
3(264 263 618)
3(615 264 415)
3(264 618 415)
3(414 415 264)
3(83 264 415)
3(57 58 616)
3(190 616 58)
3(616 265 57)
3(262 265 616)
3(616 265 58)
3(262 265 617)
3(616 617 265)
3(617 266 262)
3(263 266 617)
3(617 266 265)
3(263 266 618)
3(617 618 266)
3(618 267 263)
3(264 267 618)
3(618 267 266)
3(264 267 415)
3(618 415 267)
3(415 84 264)
3(415 84 267)
3(190 58 619)
3(58 191 619)
3(616 619 58)
3(265 619 616)
3(265 58 619)
3(616 265 620)
3(265 619 620)
3(617 620 265)
3(266 620 617)
3(266 265 620)
3(617 266 621)
3(266 620 621)
3(618 621 266)
3(267 621 618)
3(267 266 621)
3(618 267 416)
3(267 621 416)
3(415 416 267)
3(84 267 416)
3(58 59 619)
3(191 619 59)
3(619 268 58)
3(265 268 619)
3(619 268 59)
3(265 268 620)
3(619 620 268)
3(620 269 265)
3(266 269 620)
3(620 269 268)
3(266 269 621)
3(620 621 269)
3(621 270 266)
3(267 270 621)
3(621 270 269)
3(267 270 416)
3(621 416 270)
3(416 85 267)
3(416 85 270)
3(191 59 622)
3(59 192 622)
3(619 622 59)
3(268 622 619)
3(268 59 622)
3(619 268 623)
3(268 622 623)
3(620 623 268)
3(269 623 620)
3(269 268 623)
3(620 269 624)
3(269 623 624)
3(621 624 269)
3(270 624 621)
3(270 269 624)
3(621 270 417)
3(270 624 417)
3(416 417 270)
3(85 270 417)
3(59 3 622)
3(192 622 3)
3(268 622 3)
3(268 118 622)
3(622 118 3)
3(268 118 623)
3(622 623 118)
3(269 623 118)
3(269 119 623)
3(623 119 118)
3(269 119 624)
3(623 624 119)
3(270 624 119)
3(270 120 624)
3(624 120 119)
3(270 120 417)
3(624 417 120)
3(85 417 120)
3(417 6 120)
3(3 13 622)
3(622 277 3)
3(118 277 622)
3(118 277 623)
3(623 278 118)
3(119 278 623)
3(119 278 624)
3(624 279 119)
3(120 279 624)
3(120 279 417)
3(417 86 120)
3(0 124 8)
3(60 349 4)
3(0 14 124)
3(112 280 0)
3(14 0 280)
3(112 281 280)
3(113 281 112)
3(114 282 113)
3(281 113 282)
3(4 111 114)
3(349 111 4)
3(282 114 111)
3(14 125 124)
3(349 350 111)
3(14 15 125)
3(280 283 14)
3(15 14 283)
3(281 284 280)
3(283 280 284)
3(282 285 281)
3(284 281 285)
3(111 110 282)
3(350 110 111)
3(285 282 110)
3(15 126 125)
3(350 351 110)
3(15 16 126)
3(283 286 15)
3(16 15 286)
3(284 287 283)
3(286 283 287)
3(285 288 287)
3(284 285 287)
3(110 109 288)
3(351 109 110)
3(285 110 288)
3(16 127 126)
3(351 352 109)
3(16 17 127)
3(286 289 16)
3(17 16 289)
3(287 290 289)
3(286 287 289)
3(288 291 287)
3(290 287 291)
3(109 108 288)
3(352 108 109)
3(291 288 108)
3(17 128 127)
3(352 353 108)
3(17 18 128)
3(289 292 17)
3(18 17 292)
3(290 293 289)
3(292 289 293)
3(291 294 290)
3(293 290 294)
3(108 107 291)
3(353 107 108)
3(294 291 107)
3(18 129 128)
3(353 354 107)
3(18 19 129)
3(292 295 18)
3(19 18 295)
3(293 296 295)
3(292 293 295)
3(294 297 296)
3(293 294 296)
3(107 106 297)
3(354 106 107)
3(294 107 297)
3(19 130 129)
3(354 355 106)
3(19 20 130)
3(295 298 19)
3(20 19 298)
3(296 299 295)
3(298 295 299)
3(297 300 296)
3(299 296 300)
3(106 105 297)
3(355 105 106)
3(300 297 105)
3(20 131 130)
3(355 356 105)
3(20 21 131)
3(298 301 20)
3(21 20 301)
3(299 302 298)
3(301 298 302)
3(300 303 299)
3(302 299 303)
3(105 104 300)
3(356 104 105)
3(303 300 104)
3(21 132 131)
3(356 357 104)
3(21 22 132)
3(301 304 21)
3(22 21 304)
3(302 305 301)
3(304 301 305)
3(303 306 302)
3(305 302 306)
3(104 103 303)
3(357 103 104)
3(306 303 103)
3(22 133 132)
3(357 358 103)
3(22 23 133)
3(304 307 22)
3(23 22 307)
3(305 308 307)
3(304 305 307)
3(306 309 308)
3(305 306 308)
3(103 102 309)
3(358 102 103)
3(306 103 309)
3(23 134 133)
3(358 359 102)
3(23 24 134)
3(307 310 23)
3(24 23 310)
3(308 311 307)
3(310 307 311)
3(309 312 308)
3(311 308 312)
3(102 101 309)
3(359 101 102)
3(312 309 101)
3(24 135 134)
3(359 360 101)
3(24 25 135)
3(310 313 24)
3(25 24 313)
3(311 314 310)
3(313 310 314)
3(312 315 311)
3(314 311 315)
3(101 100 312)
3(360 100 101)
3(315 312 100)
3(25 136 135)
3(360 361 100)
3(25 26 136)
3(313 316 25)
3(26 25 316)
3(314 317 313)
3(316 313 317)
3(315 318 314)
3(317 314 318)
3(100 99 315)
3(361 99 100)
3(318 315 99)
3(26 137 136)
3(361 362 99)
3(26 27 137)
3(316 319 26)
3(27 26 319)
3(317 320 316)
3(319 316 320)
3(318 321 317)
3(320 317 321)
3(99 98 318)
3(362 98 99)
3(321 318 98)
3(27 138 137)
3(362 363 98)
3(27 28 138)
3(319 322 27)
3(28 27 322)
3(320 323 319)
3(322 319 323)
3(321 324 320)
3(323 320 324)
3(98 97 321)
3(363 97 98)
3(324 321 97)
3(28 139 138)
3(363 364 97)
3(28 29 139)
3(322 325 28)
3(29 28 325)
3(323 326 322)
3(325 322 326)
3(324 327 323)
3(326 323 327)
3(97 96 324)
3(364 96 97)
3(327 324 96)
3(29 140 139)
3(364 365 96)
3(29 30 140)
3(325 328 29)
3(30 29 328)
3(326 329 325)
3(328 325 329)
3(327 330 326)
3(329 326 330)
3(96 95 327)
3(365 95 96)
3(330 327 95)
3(30 141 140)
3(365 366 95)
3(30 31 141)
3(328 331 30)
3(31 30 331)
3(329 332 328)
3(331 328 332)
3(330 333 329)
3(332 329 333)
3(95 94 330)
3(366 94 95)
3(333 330 94)
3(31 142 141)
3(366 367 94)
3(31 32 142)
3(331 334 31)
3(32 31 334)
3(332 335 331)
3(334 331 335)
3(333 336 332)
3(335 332 336)
3(94 93 333)
3(367 93 94)
3(336 333 93)
3(32 143 142)
3(367 368 93)
3(32 33 143)
3(334 337 32)
3(33 32 337)
3(335 338 334)
3(337 334 338)
3(336 339 335)
3(338 335 339)
3(93 92 336)
3(368 92 93)
3(339 336 92)
3(33 144 143)
3(368 369 92)
3(33 34 144)
3(337 340 33)
3(34 33 340)
3(338 341 337)
3(340 337 341)
3(339 342 338)
3(341 338 342)
3(92 91 339)
3(369 91 92)
3(342 339 91)
3(34 145 144)
3(369 370 91)
3(34 35 145)
3(340 343 34)
3(35 34 343)
3(341 344 340)
3(343 340 344)
3(342 345 341)
3(344 341 345)
3(91 90 342)
3(370 90 91)
3(345 342 90)
3(35 146 145)
3(370 371 90)
3(35 36 146)
3(343 346 35)
3(36 35 346)
3(344 347 343)
3(346 343 347)
3(345 348 344)
3(347 344 348)
3(90 89 345)
3(371 89 90)
3(348 345 89)
3(36 11 146)
3(371 88 89)
3(36 346 2)
3(36 2 11)
3(346 121 2)
3(346 347 121)
3(347 122 121)
3(347 348 122)
3(348 123 122)
3(348 89 123)
3(89 7 123)
3(88 7 89)
3(8 147 9)
3(61 372 60)
3(8 124 147)
3(372 349 60)
3(124 148 147)
3(372 373 349)
3(124 125 148)
3(373 350 349)
3(125 149 148)
3(373 374 350)
3(125 126 149)
3(374 351 350)
3(126 150 149)
3(374 375 351)
3(126 127 150)
3(375 352 351)
3(127 151 150)
3(375 376 352)
3(127 128 151)
3(376 353 352)
3(128 152 151)
3(376 377 353)
3(128 129 152)
3(377 354 353)
3(129 153 152)
3(377 378 354)
3(129 130 153)
3(378 355 354)
3(130 154 153)
3(378 379 355)
3(130 131 154)
3(379 356 355)
3(131 155 154)
3(379 380 356)
3(131 132 155)
3(380 357 356)
3(132 156 155)
3(380 381 357)
3(132 133 156)
3(381 358 357)
3(133 157 156)
3(381 382 358)
3(133 134 157)
3(382 359 358)
3(134 158 157)
3(382 383 359)
3(134 135 158)
3(383 360 359)
3(135 159 158)
3(383 384 360)
3(135 136 159)
3(384 361 360)
3(136 160 159)
3(384 385 361)
3(136 137 160)
3(385 362 361)
3(137 161 160)
3(385 386 362)
3(137 138 161)
3(386 363 362)
3(138 162 161)
3(386 387 363)
3(138 139 162)
3(387 364 363)
3(139 163 162)
3(387 388 364)
3(139 140 163)
3(388 365 364)
3(140 164 163)
3(388 389 365)
3(140 141 164)
3(389 366 365)
3(141 165 164)
3(389 390 366)
3(141 142 165)
3(390 367 366)
3(142 166 165)
3(390 391 367)
3(142 143 166)
3(391 368 367)
3(143 167 166)
3(391 392 368)
3(143 144 167)
3(392 369 368)
3(144 168 167)
3(392 393 369)
3(144 145 168)
3(393 370 369)
3(145 169 168)
3(393 394 370)
3(145 146 169)
3(394 371 370)
3(146 12 169)
3(394 87 371)
3(146 11 12)
3(87 88 371)
3(9 170 10)
3(62 395 61)
3(9 147 170)
3(395 372 61)
3(147 171 170)
3(395 396 372)
3(147 148 171)
3(396 373 372)
3(148 172 171)
3(396 397 373)
3(148 149 172)
3(397 374 373)
3(149 173 172)
3(397 398 374)
3(149 150 173)
3(398 375 374)
3(150 174 173)
3(398 399 375)
3(150 151 174)
3(399 376 375)
3(151 175 174)
3(399 400 376)
3(151 152 175)
3(400 377 376)
3(152 176 175)
3(400 401 377)
3(152 153 176)
3(401 378 377)
3(153 177 176)
3(401 402 378)
3(153 154 177)
3(402 379 378)
3(154 178 177)
3(402 403 379)
3(154 155 178)
3(403 380 379)
3(155 179 178)
3(403 404 380)
3(155 156 179)
3(404 381 380)
3(156 180 179)
3(404 405 381)
3(156 157 180)
3(405 382 381)
3(157 181 180)
3(405 406 382)
3(157 158 181)
3(406 383 382)
3(158 182 181)
3(406 407 383)
3(158 159 182)
3(407 384 383)
3(159 183 182)
3(407 408 384)
3(159 160 183)
3(408 385 384)
3(160 184 183)
3(408 409 385)
3(160 161 184)
3(409 386 385)
3(161 185 184)
3(409 410 386)
3(161 162 185)
3(410 387 386)
3(162 186 185)
3(410 411 387)
3(162 163 186)
3(411 388 387)
3(163 187 186)
3(411 412 388)
3(163 164 187)
3(412 389 388)
3(164 188 187)
3(412 413 389)
3(164 165 188)
3(413 390 389)
3(165 189 188)
3(413 414 390)
3(165 166 189)
3(414 391 390)
3(166 190 189)
3(414 415 391)
3(166 167 190)
3(415 392 391)
3(167 191 190)
3(415 416 392)
3(167 168 191)
3(416 393 392)
3(168 192 191)
3(416 417 393)
3(168 169 192)
3(417 394 393)
3(169 13 192)
3(417 86 394)
3(169 12 13)
3(86 87 394)
3(1 37 202)
3(10 37 1)
3(115 1 202)
3(115 202 203)
3(116 115 203)
3(116 203 204)
3(117 116 204)
3(5 117 63)
3(5 63 62)
3(117 204 63)
3(10 170 37)
3(63 395 62)
3(170 38 37)
3(202 37 205)
3(37 38 205)
3(203 205 206)
3(202 205 203)
3(204 206 207)
3(203 206 204)
3(63 204 64)
3(63 64 395)
3(204 207 64)
3(170 171 38)
3(64 396 395)
3(171 39 38)
3(205 38 208)
3(38 39 208)
3(206 205 209)
3(205 208 209)
3(207 206 210)
3(206 209 210)
3(64 207 65)
3(64 65 396)
3(207 210 65)
3(171 172 39)
3(65 397 396)
3(172 40 39)
3(208 39 211)
3(39 40 211)
3(209 208 212)
3(208 211 212)
3(210 209 213)
3(209 212 213)
3(65 210 66)
3(65 66 397)
3(210 213 66)
3(172 173 40)
3(66 398 397)
3(173 41 40)
3(211 40 214)
3(40 41 214)
3(212 211 215)
3(211 214 215)
3(213 212 216)
3(212 215 216)
3(66 213 67)
3(66 67 398)
3(213 216 67)
3(173 174 41)
3(67 399 398)
3(174 42 41)
3(214 41 217)
3(41 42 217)
3(215 214 218)
3(214 217 218)
3(216 215 219)
3(215 218 219)
3(67 216 68)
3(67 68 399)
3(216 219 68)
3(174 175 42)
3(68 400 399)
3(175 43 42)
3(217 42 220)
3(42 43 220)
3(218 217 221)
3(217 220 221)
3(219 221 222)
3(218 221 219)
3(68 222 69)
3(68 69 400)
3(219 222 68)
3(175 176 43)
3(69 401 400)
3(176 44 43)
3(220 43 223)
3(43 44 223)
3(221 223 224)
3(220 223 221)
3(222 221 225)
3(221 224 225)
3(69 222 70)
3(69 70 401)
3(222 225 70)
3(176 177 44)
3(70 402 401)
3(177 45 44)
3(223 44 226)
3(44 45 226)
3(224 223 227)
3(223 226 227)
3(225 224 228)
3(224 227 228)
3(70 225 71)
3(70 71 402)
3(225 228 71)
3(177 178 45)
3(71 403 402)
3(178 46 45)
3(226 45 229)
3(45 46 229)
3(227 226 230)
3(226 229 230)
3(228 227 231)
3(227 230 231)
3(71 228 72)
3(71 72 403)
3(228 231 72)
3(178 179 46)
3(72 404 403)
3(179 47 46)
3(229 46 232)
3(46 47 232)
3(230 229 233)
3(229 232 233)
3(231 230 234)
3(230 233 234)
3(72 231 73)
3(72 73 404)
3(231 234 73)
3(179 180 47)
3(73 405 404)
3(180 48 47)
3(232 47 235)
3(47 48 235)
3(233 232 236)
3(232 235 236)
3(234 233 237)
3(233 236 237)
3(73 234 74)
3(73 74 405)
3(234 237 74)
3(180 181 48)
3(74 406 405)
3(181 49 48)
3(235 48 238)
3(48 49 238)
3(236 235 239)
3(235 238 239)
3(237 236 240)
3(236 239 240)
3(74 237 75)
3(74 75 406)
3(237 240 75)
3(181 182 49)
3(75 407 406)
3(182 50 49)
3(238 49 241)
3(49 50 241)
3(239 238 242)
3(238 241 242)
3(240 239 243)
3(239 242 243)
3(75 240 76)
3(75 76 407)
3(240 243 76)
3(182 183 50)
3(76 408 407)
3(183 51 50)
3(241 50 244)
3(50 51 244)
3(242 241 245)
3(241 244 245)
3(243 242 246)
3(242 245 246)
3(76 243 77)
3(76 77 408)
3(243 246 77)
3(183 184 51)
3(77 409 408)
3(184 52 51)
3(244 51 247)
3(51 52 247)
3(245 244 248)
3(244 247 248)
3(246 245 249)
3(245 248 249)
3(77 246 78)
3(77 78 409)
3(246 249 78)
3(184 185 52)
3(78 410 409)
3(185 53 52)
3(247 52 250)
3(52 53 250)
3(248 247 251)
3(247 250 251)
3(249 248 252)
3(248 251 252)
3(78 249 79)
3(78 79 410)
3(249 252 79)
3(185 186 53)
3(79 411 410)
3(186 54 53)
3(250 53 253)
3(53 54 253)
3(251 250 254)
3(250 253 254)
3(252 251 255)
3(251 254 255)
3(79 252 80)
3(79 80 411)
3(252 255 80)
3(186 187 54)
3(80 412 411)
3(187 55 54)
3(253 54 256)
3(54 55 256)
3(254 253 257)
3(253 256 257)
3(255 254 258)
3(254 257 258)
3(80 255 81)
3(80 81 412)
3(255 258 81)
3(187 188 55)
3(81 413 412)
3(188 56 55)
3(256 55 259)
3(55 56 259)
3(257 256 260)
3(256 259 260)
3(258 257 261)
3(257 260 261)
3(81 258 82)
3(81 82 413)
3(258 261 82)
3(188 189 56)
3(82 414 413)
3(189 57 56)
3(259 56 262)
3(56 57 262)
3(260 259 263)
3(259 262 263)
3(261 260 264)
3(260 263 264)
3(82 261 83)
3(82 83 414)
3(261 264 83)
3(189 190 57)
3(83 415 414)
3(190 58 57)
3(262 57 265)
3(57 58 265)
3(263 262 266)
3(262 265 266)
3(264 263 267)
3(263 266 267)
3(83 264 84)
3(83 84 415)
3(264 267 84)
3(190 191 58)
3(84 416 415)
3(191 59 58)
3(265 58 268)
3(58 59 268)
3(266 265 269)
3(265 268 269)
3(267 266 270)
3(266 269 270)
3(84 267 85)
3(84 85 416)
3(267 270 85)
3(191 192 59)
3(85 417 416)
3(192 3 59)
3(268 3 118)
3(59 3 268)
3(269 118 119)
3(268 118 269)
3(270 119 120)
3(269 119 270)
3(85 120 6)
3(85 6 417)
3(270 120 85)
3(192 13 3)
3(6 86 417)
3(193 112 0)
3(8 193 0)
3(112 193 194)
3(194 113 112)
3(195 114 113)
3(194 195 113)
3(60 4 114)
3(195 60 114)
3(196 193 8)
3(9 196 8)
3(197 194 193)
3(196 197 193)
3(198 195 194)
3(197 198 194)
3(61 60 195)
3(198 61 195)
3(199 196 9)
3(10 199 9)
3(200 197 196)
3(199 200 196)
3(201 198 197)
3(200 201 197)
3(62 61 198)
3(201 62 198)
3(115 199 1)
3(1 199 10)
3(116 200 115)
3(115 200 199)
3(117 201 116)
3(116 201 200)
3(201 117 62)
3(5 62 117)
3(271 2 121)
3(11 2 271)
3(272 121 122)
3(271 121 272)
3(273 122 123)
3(272 122 273)
3(88 123 7)
3(273 123 88)
3(274 11 271)
3(12 11 274)
3(275 271 272)
3(274 271 275)
3(276 272 273)
3(275 272 276)
3(87 273 88)
3(276 273 87)
3(277 12 274)
3(13 12 277)
3(278 277 275)
3(277 274 275)
3(279 278 276)
3(278 275 276)
3(86 279 87)
3(279 276 87)
3(118 3 277)
3(3 13 277)
3(119 118 278)
3(118 277 278)
3(120 119 279)
3(119 278 279)
3(6 120 86)
3(120 279 86)
)


// ************************************************************************* //
