/*--------------------------------*- C++ -*----------------------------------*\
  =========                 |
  \\      /  F ield         | OpenFOAM: The Open Source CFD Toolbox
   \\    /   O peration     | Website:  https://openfoam.org
    \\  /    A nd           | Version:  6
     \\/     M anipulation  |
\*---------------------------------------------------------------------------*/
FoamFile
{
    version     2.0;
    format      ascii;
    class       pointScalarField;
    location    "2.500029953938588";
    object      p;
}
// * * * * * * * * * * * * * * * * * * * * * * * * * * * * * * * * * * * * * //

dimensions      [1 -1 -2 0 0 0 0];

internalField   nonuniform List<scalar> 
625
(
1096369.3
-1587770.8
10766.659
15149.56
1955608.6
-3297546.3
11029.979
366.46024
841546.74
-94939.018
-78256.193
-11054.602
4737.5172
8900.1193
457151.92
486295.73
493044.15
469589.92
421425.2
411958.29
365763.29
337108.73
315921.25
282459.15
258088.24
224086.27
202161.98
176846.75
153534.89
133935.32
114921.79
94664.996
79449.896
64332.213
48551.228
35076.693
25635.494
-548753.04
-429425.05
-487524.32
-405263.7
-380194.61
-379906.08
-321063.69
-315147.23
-286536.63
-259271.61
-240731.36
-208986.85
-191222.7
-164331.13
-144896.35
-122576.17
-100943.72
-85855.162
-65074.992
-52829.372
-38861.385
-20318.931
-7079.9495
1068971.8
-226654.97
-345959.88
-598181.23
-705845.61
-507586.71
-467297.07
-537613.69
-382643.91
-431802.44
-374269.94
-326966.1
-299257.54
-265907.14
-235805.4
-209234.18
-179143.8
-153779.63
-131285.69
-108466.58
-88501.015
-70449.372
-52488.958
-34884.615
-23162.063
-5048.6974
14003.952
320.9318
-2270.0842
25448.048
30893.264
51563.99
66866.674
89658.529
111786.3
134587.51
161293.95
183271.69
212924.23
243823.07
274053.17
293211.98
328092.57
353971.45
387086.47
416748.82
427609.16
514904.65
456131.29
585271.1
510319.43
544397.61
1148571.7
1159077.6
1066772.6
-1445233.1
-1990277.5
-2031661.1
19392.25
17996.369
20343.029
-2161.559
3750.3425
-1847.5351
266075.91
319815.25
302464.04
272502.32
256197.71
239793.62
215892.11
201028.71
182584.49
160097.92
141717.12
130591.85
115575.84
100469.72
88955.083
75439.035
64068.223
55146.661
41657.718
33172.368
24362.77
16252.001
15752.665
-84850.437
-61580.719
-72969.869
-33511.414
-55608.909
-33696.668
-43538.124
-36862.724
-33659.179
-32144.033
-27907.864
-24127.405
-23311.503
-18697.585
-15302.31
-12213.881
-6416.216
-4306.3758
883.99697
5376.1229
6655.1259
8465.718
7842.0722
-379440.17
-247168.71
-294902.61
-233246.62
-271055.84
-221813.47
-227969.65
-198347.34
-181237.04
-168619.08
-151702.79
-136846.53
-121745.57
-105476.46
-91280.672
-75836.98
-63522.309
-49377.984
-35619.697
-27208.317
-15998.191
-9895.0741
1918.4902
656819.01
682865.31
782589.85
-26245.601
-59535.511
-164445.66
-324965.04
-137012.86
-109448.89
-893536.85
-904862.04
-880992.53
-639299.97
-657970.28
-706748.13
-536556.4
-529670.24
-572236.31
-450491.1
-442297.41
-462253.42
-433125.34
-429424.68
-459042.96
-389091.54
-376118.69
-385258.6
-371032.99
-358722.99
-350741.39
-338101.12
-315394.27
-331464.54
-308253.25
-292725.67
-300461.47
-279198.31
-261924.01
-270043.78
-249742.17
-236052.37
-243496.79
-229701.77
-207473.1
-210027.09
-197729.91
-184985.19
-188658.1
-177939.8
-159413.22
-165151.18
-151162.27
-136960.8
-140940.02
-129098.82
-115888.89
-119054.01
-107711.24
-95673.564
-97990.816
-82634.009
-77377.274
-78529.29
-65758.847
-60977.686
-60712.006
-47297.847
-45361.651
-44169.188
-30021.277
-29307.746
-27044.303
-16532.565
-17216.147
-17264.347
-7302.2172
-4365.9805
-4311.3153
-11381.368
-14212.345
-14981.076
8871.6643
3196.8183
3857.4685
13199.971
14430.367
13668.543
578049.09
548163.13
601389.17
601745.86
489860.4
561647.85
560685.2
507613.16
550479.15
506024.54
450199.7
498666.32
481980.47
444550.95
466095.05
439223.93
398591.48
428270.42
410743.46
376319.91
400657.07
376730.87
340669.54
370431.27
345204.7
314447.06
339898.27
307159.03
288698.75
312844.62
276177.3
264382.24
283222.53
254177.25
235358.2
243043.93
222744.95
208963.38
224502.57
198378.06
185091.57
201588.91
172332.95
162073.41
174578
149068.21
138897.98
150883.97
122582.44
117990.7
128727.6
102611.89
99693.058
105929.53
82630.404
79627.625
85134.893
63750.105
61784.448
66208.097
46161.625
46391.157
47799.252
32262.403
33344.55
31932.607
25831.331
28780.101
27775.6
243899.47
340237.19
265631.16
302228.77
273896.31
263691.21
254571.65
229607.28
214370.12
193370.99
174558.03
163514.76
150334.69
127598.03
115964.95
98874.347
83870.159
70748.652
57059.126
46487.384
31504.226
24547.969
13542.882
-88098.938
17674.466
3891.2868
30541.111
49258.23
43448.66
42601.893
48111.945
45406.956
44039.6
44834.115
45583.994
36145.229
38239.679
35209.73
30791.493
28220.907
25340.423
20983.505
16865.013
14518.41
10885.092
10997.523
-270808.66
-172501.16
-319283.83
-233823.12
-245281.12
-247838.2
-207609.28
-192174.81
-176062.6
-155732.26
-137542.36
-126661.25
-107804.15
-94273.565
-80993.715
-68841.67
-58014.848
-47235.244
-38005.534
-30669.725
-21069.796
-9606.0092
-8835.1099
397102.74
438053.62
382099.58
302792.98
400934.08
341647.08
254688.53
281702.76
299385.27
233866.02
296522.12
260845.46
234730.25
240440.38
249313
213607.37
237880.56
242540.32
185874.3
215833.16
218691.09
183859.2
202630.42
205167.57
154263.03
186657.94
188445.88
148452.75
168359.03
177660.07
136745.09
159722.08
153697.92
118023.48
130720.62
147641.1
105997.65
123380.38
132013.39
93323.923
109790.35
115006.94
82177.015
93988.28
100221.5
70749.926
80971.889
89864.64
60460.458
71013.408
74392.757
54939.548
56406.901
62671.095
41353.134
46967.149
50072.328
35681.623
38317.318
38864.283
25334.574
26952.478
29502.169
20113.451
20225.434
18655.756
1194.9742
7218.6166
8272.9611
-92547.125
-130908.74
-78762.598
-10373.937
-8084.1157
-31789.04
-10368.315
-25843.164
-28846.843
-18958.846
-738.66379
-41340.043
7338.1319
668.13171
-5952.7604
-16428.136
11975.286
-14477.935
7062.0567
14243.573
-5293.1667
-4059.6496
16725.521
-4519.4197
3091.4056
15110.113
2547.2963
1814.0889
23778.79
2753.325
6999.4279
14921.592
3831.846
4237.1423
16940.401
10137.845
4573.776
21085.396
10747.657
6442.6618
18704.545
10723.509
5550.4067
19285.774
11963.023
7418.6115
18343.656
12961.576
6950.2726
18289.435
11756.746
7844.9915
15621.508
11148.537
7869.0481
12985.913
12911.153
7699.5475
13404.596
11723.137
8681.2667
10877.041
10418.355
9616.5837
11320.289
8526.3841
11467.343
11697.414
10755.478
-317889.84
-408500.22
-339906.72
-284531.62
-223920
-281543.68
-243412.72
-354304.26
-302492.84
-308102.42
-252591.55
-309984.6
-239891.47
-284400.42
-264000.89
-229643.96
-245697.32
-258398.18
-216293.05
-233567.51
-240415.06
-191500.66
-220499.16
-214547.02
-182655.78
-193580.86
-195148.48
-164827.2
-178988.05
-178224.52
-145635.26
-161134.48
-156561.14
-132922.03
-142053.99
-139062.44
-113168.06
-129487.09
-121613.03
-101435.87
-110460.37
-105948.63
-85813.439
-96259.647
-91956.737
-74113.523
-81034.613
-77792.931
-59898.99
-67282.809
-64992.564
-49208.315
-54979.578
-52781.621
-38730.761
-41439.647
-40147.015
-28536.116
-30519.406
-29915.83
-21578.862
-20631.613
-22471.462
-6692.3573
-9713.4043
-9546.7546
-2537.1469
-4902.2955
-3222.0548
)
;

boundaryField
{
    free
    {
        type            calculated;
    }
    bottom
    {
        type            calculated;
    }
    traction
    {
        type            calculated;
    }
}


// ************************************************************************* //
