/*--------------------------------*- C++ -*----------------------------------*\
  =========                 |
  \\      /  F ield         | OpenFOAM: The Open Source CFD Toolbox
   \\    /   O peration     | Website:  https://openfoam.org
    \\  /    A nd           | Version:  6
     \\/     M anipulation  |
\*---------------------------------------------------------------------------*/
FoamFile
{
    version     2.0;
    format      ascii;
    class       pointScalarField;
    location    "0.700074";
    object      p;
}
// * * * * * * * * * * * * * * * * * * * * * * * * * * * * * * * * * * * * * //

dimensions      [1 -1 -2 0 0 0 0];

internalField   nonuniform List<scalar> 
625
(
1207518.1
-1714767.7
10856.418
13757.216
2140645.7
-3548558.5
10539.868
1259.3173
913379.83
-89758.795
-53848.827
-10369.901
4770.1038
8565.2243
498112.33
528818.7
528868.19
499890.29
443996.66
429509.08
377022.83
343019.47
317703.25
279876.82
251439.33
215105.45
190374.05
163817.28
139793.87
120212.2
101905.72
83738.601
69648.038
57308.133
43993.309
32937.976
24309.153
-590442.06
-447684.05
-505517.21
-408077.18
-376307.7
-372216.98
-305333.44
-295137.12
-262273.17
-230893.61
-210146.24
-177302
-158160.94
-132458.01
-114217.72
-94455.341
-77133.492
-64241.999
-49261.201
-39250.455
-30860.322
-15926.995
-5712.5297
1172366.5
-229911.96
-349876.13
-644826.47
-751817.02
-530323.72
-479621.48
-552158.24
-388284.6
-432066.12
-368032.31
-316105.54
-284324.67
-248396.01
-214428.66
-186714.06
-155860.37
-130649.2
-109642.61
-88081.827
-71538.24
-56669.878
-41739.029
-28171.271
-18335.513
-4220.836
12925.453
1960.9825
-1527.2946
24966.464
29904.857
46238.63
58923.24
77328.523
94905.114
114676.25
137809.52
158157.95
187047.78
217869.97
250101.58
272501.32
310616.98
341718.32
381262.04
416859.5
434085.94
532276.28
477605.67
619341.35
547387.69
592144.73
1273609.6
1280853.9
1168974.6
-1584122.7
-2163224.2
-2201363.3
17446.258
16366.161
17901.431
-1417.7285
4465.2263
-1230.6128
292698.53
346797.32
327080.15
292578.7
273394.02
253867.79
226337.56
209744.7
188289.49
164099.95
143502.14
130195.56
114174.71
97938.909
85732.3
72242.072
61271.143
52131.225
39422.201
31822.359
23283.267
15505.463
15189.13
-83353.9
-56833.155
-65376.862
-22634.597
-44511.237
-20368.507
-29315.889
-21447.639
-17850.484
-15304.786
-12557.715
-8912.2854
-8484.4364
-5281.1407
-3165.8398
-1717.7049
2476.2442
2266.1622
5795.68
8575.0836
8144.597
9393.6381
7561.2641
-396424.04
-251220.53
-298023.85
-228499.64
-265272.23
-208658.85
-212916.52
-178849.7
-159556.48
-144643.35
-125432.18
-110603.31
-95890.365
-80697.633
-68549.145
-55183.07
-46004.326
-35096.192
-24872.027
-18895.961
-10077.622
-7163.519
2510.562
723281.74
748041.67
852963.63
-14341.799
-52048.824
-168393.98
-327885.38
-125840.13
-101216.7
-969457.3
-979367.19
-951114.95
-677109.72
-699461.07
-752851
-556475.67
-551419.08
-598828.05
-455884.33
-450016.63
-472261.72
-433860.24
-433204.87
-467193.65
-382294.1
-372708.89
-382095.27
-357961.19
-350079.63
-344231.6
-320092.74
-301289.04
-320316.91
-285196.29
-274833.25
-284695.44
-252702.21
-239772.26
-250896.66
-220341.27
-211779.4
-221401.28
-197412.89
-181583.85
-186763.11
-165819.63
-157924.12
-164105.48
-145743.47
-132403.11
-140622.11
-120780.52
-111238.42
-117220.81
-101367.32
-91957.899
-97200.698
-83065.16
-74595.611
-78568.711
-63167.341
-59494.36
-62275.09
-49820.001
-46759.868
-48355.442
-36427.775
-34798.966
-35478.664
-23397.787
-22997.82
-22665.571
-13792.514
-14591.314
-15747.005
-6736.8117
-3706.9041
-3888.2362
-10869.349
-13486.494
-14619.244
8665.0479
3709.2
4295.5847
12527.897
14041.485
12975.364
628187.91
595507.69
650584.9
648693.77
530517.63
603923.05
597791.07
541700.41
584695.8
534370.16
475110.18
522605.82
503371.47
463747.71
483376.35
454275.44
410595.12
437680.41
418950.9
382283.84
402711.91
379415.32
340953.42
366399.47
342776.9
309662.68
330137.13
299982.57
279121.18
298200.38
265891.65
251120.73
264443.27
239628.91
220151.59
222408.06
206236.55
191308.81
200960.6
180383.6
166202.79
177545.62
153996.08
143571.19
151198.09
131579.11
120967.93
128624.36
106844.73
101820.48
109063.17
88849.151
85690.88
89544.475
71766.053
68668.082
72317.627
56138.335
54354.152
57427.626
41953.407
42011.059
43253.426
30398.266
32070.232
30071.059
25791.447
28165.958
27969.59
267210.49
366472.46
283597.21
318828.88
284667.05
268855.36
257295.93
227354.18
209001.69
184908.04
164078.92
150058.28
136982.83
114035.47
102505.91
86977.02
73060.968
61804.5
50300.868
41025.982
28904.79
22571.505
13049.028
-91306.372
24436.383
7284.6506
35941.635
53473.186
47184.923
44613.701
49602.588
45082.506
43163.368
42873.201
43072.099
33854.327
34518.471
32492.342
27757.84
25714.096
23418.885
19564.14
16363.265
14209.478
11320.006
10770.506
-284144.1
-175986.36
-336650.18
-241279.68
-250381.63
-252168.82
-206944.36
-190649.32
-172183.27
-149729.98
-130139.88
-117088.3
-97514.725
-82946.592
-68975.426
-56948.367
-46296.997
-36084.754
-28250.828
-21972.958
-14514.867
-5989.8001
-6309.9258
437482.46
478377.05
419306.76
328656.05
431244.2
368051.58
275097.67
300027.78
317988.3
250926.02
314404.01
275635.27
250566.74
251260.11
259669.73
224606.05
246577.43
249470.15
195779.2
220997.89
221301.35
190862.22
204266.85
204524.16
158919.57
185754.94
184789.33
150741.7
165358.94
171279.33
136618.45
154427.5
145624.08
117887.67
125099.79
137335.35
104050.34
115296.41
120540.72
90856.773
101972.16
104260.12
79210.779
86128.233
89080.325
67476.457
73823.037
79859.433
57041.802
64617.207
66149.558
51815.721
52093.421
55864.452
39716.839
43434.508
45349.187
34634.164
36078.871
36513.729
24592.353
26500.801
27024.209
20363.272
19162.275
18524.774
2154.3805
7885.4612
8455.9407
-90430.562
-132918.93
-76376.837
-2106.237
-1468.9932
-26155.675
-2356.8036
-20348.542
-22095.772
-10967.458
7048.4062
-38552.82
17263.641
7231.9557
530.70216
-6165.7986
21548.271
-8707.7494
19247.084
22366.375
-273.30144
7397.3503
25041.824
1259.916
15332.572
23381.079
7664.5968
13628.287
31240.766
7583.732
19042.412
22580.134
8118.0944
15867.383
23475.938
13438.921
14737.71
26580.172
13715.281
15758.74
23631.095
13431.047
13381.18
23223.512
13343.141
14091.226
21518.361
14548.805
11713.109
21080.663
12139.281
12222.83
17248.816
11158.613
10290.884
14737.251
12582.717
9307.3534
13853.032
10513.292
9474.8702
10867.169
9998.4258
10215.326
11760.051
8652.5838
11292.07
11191.181
10519.196
-331175.51
-429945.62
-356060.35
-296534.94
-229828.13
-292776.07
-246579
-369229.48
-316160.94
-315321.15
-255931.89
-320483.08
-236235.33
-284145.33
-268286.32
-223383.46
-241655.76
-260250.85
-206112.11
-226098.14
-237879.49
-177055.18
-209390.05
-208243.2
-165863.67
-179736.5
-186545.12
-145026.34
-162862.8
-167162.58
-124849.93
-143499.09
-143634.87
-110667.5
-123316.17
-124236.9
-90690.986
-109532.34
-105768.73
-79209.777
-90981.264
-89888.046
-64656.474
-77243.239
-75753.11
-54445.589
-63123.582
-62288.922
-42785.426
-51599.312
-50875.025
-34431.402
-40895.931
-40086.288
-26612.456
-30594.269
-29509.731
-19606.7
-22008.708
-21585.237
-15120.779
-14870.493
-15580.502
-2858.6334
-6674.2085
-5915.208
-403.45466
-3603.4054
-1555.5329
)
;

boundaryField
{
    free
    {
        type            calculated;
    }
    bottom
    {
        type            calculated;
    }
    traction
    {
        type            calculated;
    }
}


// ************************************************************************* //
