/*--------------------------------*- C++ -*----------------------------------*\
  =========                 |
  \\      /  F ield         | OpenFOAM: The Open Source CFD Toolbox
   \\    /   O peration     | Website:  https://openfoam.org
    \\  /    A nd           | Version:  6
     \\/     M anipulation  |
\*---------------------------------------------------------------------------*/
FoamFile
{
    version     2.0;
    format      ascii;
    class       pointScalarField;
    location    "2.6999332246649068";
    object      p;
}
// * * * * * * * * * * * * * * * * * * * * * * * * * * * * * * * * * * * * * //

dimensions      [1 -1 -2 0 0 0 0];

internalField   nonuniform List<scalar> 
625
(
1217481.8
-1851205.6
11427.363
15900.219
2263401.9
-3772148.4
11944.319
1486.7385
948247.4
-144214.95
-105622.45
-10055.6
5201.0306
9455.4493
528520.59
557765.52
573446.16
547828.79
495135.67
486469.82
434575.51
402913.56
380801.6
342333.74
312856.4
273592.96
246629.64
216072.17
187294.42
162054.14
138548.16
111457.04
92107.563
72681.322
53245.291
35814.971
25137.032
-637983.24
-497764.11
-566885.29
-463116.49
-434127.58
-430205.83
-359790.27
-350003.28
-317020.49
-281805.78
-260765.07
-223198.83
-202416.61
-171667.74
-150122.69
-125297.51
-102698.96
-84971.89
-64553.315
-51106.487
-36961.024
-17651.495
-5770.3833
1251656.8
-273185.99
-378960.34
-687475.09
-816826.25
-597116.47
-547747.97
-639771.71
-463542.75
-525373.44
-457713.89
-402995.48
-371784.64
-333115.24
-295808.86
-263748.95
-226240.49
-194478
-166042.58
-134520.19
-110116.98
-85861.943
-61139.094
-39044.507
-24439.036
-2748.7234
14895.195
1228.5709
-1308.5566
24278.951
30413.558
49655.87
65986.26
89603.967
112212.79
137716.44
165897.44
190722.18
225577.54
260791.86
299334.25
320075.22
362618.97
393240.28
436007.73
471697.75
486090.97
591862.08
523592.49
679025.53
590345.84
637963.18
1311802.9
1315412.1
1209037.1
-1680581.6
-2286395.7
-2344806
19866.628
19117.044
20694.848
-1211.768
5044.5879
-548.91843
306786.92
367589.83
351680.51
320119.13
302737.05
286332.4
260375.89
245222.87
223922.16
198771.69
177320.58
164383.37
146540.59
127228.79
112974.84
94699.849
81182.148
67501.485
49651.507
38464.094
26385.063
17115.545
15696.302
-106241.82
-77985.285
-87780.721
-36552.145
-59707.743
-32035.29
-39443.683
-30923.91
-24215.234
-20428.421
-17239.452
-11783.432
-11276.172
-6839.1912
-3544.0069
-2459.53
4864.4059
2403.9812
7174.2356
10207.927
9172.2424
9703.8153
7872.3542
-448521.43
-293568.79
-346489.53
-265919.49
-312224.14
-248290.33
-254953.98
-217720.64
-194796.79
-179765.8
-157522.07
-141077.53
-123095.2
-104745.89
-89167.682
-72335.079
-58922.868
-47487.631
-31924.069
-25529.952
-14398.307
-9352.907
2195.71
753144.37
789098.56
910796.44
-46484.363
-82750.174
-203302.99
-364466.37
-153593.82
-107543.42
-1054792.5
-1059816.5
-1035368.9
-749553.53
-766711.4
-828498.29
-629363.11
-619230.28
-672187.58
-525161.57
-516161.05
-545730.05
-501562.73
-502513.11
-537754.47
-450546.96
-440639.39
-454256.27
-426201.96
-421020.07
-415736.62
-387754.92
-371196.79
-395054.5
-351240.66
-344974.85
-359369.95
-316301.93
-307653.05
-324466.07
-280101.91
-277773.27
-293298.04
-256186.93
-243620.06
-255235.77
-219307.3
-217207.85
-228806.5
-195441.08
-185728.58
-200226.31
-164196.37
-159032.1
-170381.88
-138820.84
-133413.95
-143426.69
-113974.05
-109153.4
-116839.04
-86863.055
-86896.868
-92242.2
-67862.021
-66809.177
-71080.162
-48117.815
-48260.314
-50484.166
-28709.013
-29358.368
-30145.472
-15535.605
-16628.492
-18535.324
-5239.7032
-2105.0238
-3137.6424
-10401.876
-13339.354
-12678.419
9047.8822
4504.4518
5558.382
14116.93
16117.034
15462.592
670108.41
636234.61
701059.58
691723.07
564099.33
646712.86
652524.13
590336.7
640063.96
589942.06
522415.82
575173.47
563999.81
516574.03
539067.19
516251.92
463500.59
493302.76
484251.76
437491.45
457877.54
444121.21
395579.69
422433.22
409231.99
365082.01
384695.86
362568.91
333457.47
350939.75
327792.73
304372.09
315738.85
301068.26
271125.52
267455.35
262560.15
238222.91
244739.33
233215.99
209758.67
218529.33
200923.54
182666.35
187155.57
172530.79
154828.87
159009.83
139240.78
129947.42
134162.26
115996.04
108370.6
108902.41
90812.921
85613.487
85775.968
68538.407
64905.72
65891.79
47867.492
47580.17
47132.231
32820.825
33691.661
31294.036
24717.412
27911.352
26544.683
288703.9
395405.18
307863.69
348077.21
313496.37
296461.32
287426.98
254110.29
236372.87
209260.41
187779.39
171301.6
158098.03
130816.39
117506.6
99713.44
82625.616
69334.601
55402.969
44916.694
31073.594
24385.352
15222.127
-96139.099
15775.774
843.1848
23991.027
44664.429
36309.482
31009.598
38434.348
31851.75
31449.368
30617.271
32395.702
22637.502
24157.291
24780.144
19934.66
19484.819
18842.803
15754.988
13591.666
12648.186
10854.206
11356.769
-304798.31
-194925.44
-369821.21
-282653.5
-294252.16
-305664.01
-258463.65
-245222.07
-227156.82
-204542.33
-183605.75
-169789.93
-147774.8
-129768.74
-111712.62
-95646.581
-79792.295
-63667.225
-50056.684
-38801.204
-25068.702
-10949.057
-8380.5637
445948.64
501395.69
439336.35
348590.31
462742.91
394733.73
292880.88
321239.93
339768.69
270356.37
339818.01
295751.87
275659.62
275302.76
281890.58
251879.02
273354.01
271615.97
220859.17
246231.97
243344.55
221448.25
232252.24
226766.9
186269.39
212716.84
205406.77
181376.77
191379.97
193458.97
166250.55
182275.89
164473.74
145677.26
146924.04
156851.1
129930.43
138150.91
138813.81
115191.29
122928.81
119761.03
100592
103807.24
101707.52
86023.249
88748.857
91268.275
72319.424
76660.475
74724.947
64392.688
60697.9
62018.335
47926.276
48525.462
49287.546
39985.292
39682.343
38227.592
26748.696
27783.714
27668.285
21160.051
20148.407
17874.497
1899.9738
7493.9724
7867.6747
-118895.23
-157806.49
-94974.293
-20785.353
-21517.792
-47605.087
-18444.486
-39214.044
-39594.432
-27394.405
-10837.928
-55700.254
7105.3724
-7357.2796
-15934.022
-18851.644
4473.7762
-25665.245
12088.755
9959.9786
-16162.355
-541.95586
12246.254
-15997.885
10274.591
11260.213
-8052.4127
9417.1765
23026.423
-8193.0153
17688.701
12224.896
-7736.4801
14466.44
15541.653
355.65914
13911.436
21532.077
1273.3212
16915.649
18891.877
1701.6898
13756.139
20325.968
2878.4701
16446.538
19541.534
6528.2095
12396.106
20524.372
4772.745
13863.75
17090.816
5226.1593
11638.647
14879.99
9436.5141
10636.63
15012.907
8456.0781
10973.311
11807.317
9572.822
11636.281
12609.487
7786.9472
12136.34
11367.008
10059.725
-376152.32
-476118.83
-391378.79
-334482.18
-262765.75
-328223.72
-286193.87
-413390.16
-356485.8
-363882.05
-299307.62
-374004.54
-281967.67
-332025.54
-318592.38
-266902.04
-289844.7
-315294.03
-250473.44
-273349.6
-294693.38
-218704.96
-260224.52
-264040.26
-207373.85
-225612.35
-242575.04
-185465.78
-211257.18
-222509.8
-162372.38
-188434.12
-196695.54
-145612.48
-166576.43
-174599.26
-122054.08
-151080.75
-153041.74
-108350.55
-128890.5
-134034.03
-90148.03
-111634.45
-115553.57
-77166.417
-93281.945
-97443.93
-61860.93
-77336.026
-81260.972
-48792.594
-61863.256
-64929.265
-37647.87
-46815.879
-48311.844
-27475.863
-33741.2
-35335.757
-20714.693
-23030.885
-25792.072
-4344.8661
-9971.1597
-9485.6222
-1907.9315
-5913.6355
-3685.4193
)
;

boundaryField
{
    free
    {
        type            calculated;
    }
    bottom
    {
        type            calculated;
    }
    traction
    {
        type            calculated;
    }
}


// ************************************************************************* //
