/*--------------------------------*- C++ -*----------------------------------*\
  =========                 |
  \\      /  F ield         | OpenFOAM: The Open Source CFD Toolbox
   \\    /   O peration     | Website:  https://openfoam.org
    \\  /    A nd           | Version:  6
     \\/     M anipulation  |
\*---------------------------------------------------------------------------*/
FoamFile
{
    version     2.0;
    format      ascii;
    class       pointVectorField;
    location    "2.6999332246649068";
    object      u;
}
// * * * * * * * * * * * * * * * * * * * * * * * * * * * * * * * * * * * * * //

dimensions      [0 1 0 0 0 0 0];

internalField   nonuniform List<vector> 
625
(
(0 0 0)
(0 0 0)
(2.9993805 -0.53343059 0.04847875)
(2.7500506 -1.192424 0.012000642)
(0 0 0)
(0 0 0)
(2.7723274 -1.2227417 0.010051717)
(3.0212627 -0.56413595 0.047316555)
(0 0 0)
(0 0 0)
(0 0 0)
(2.9363201 -0.69867432 0.038511235)
(2.8741187 -0.86226245 0.030170517)
(2.8125835 -1.0265706 0.020888375)
(0.0080897262 0.029424 0.027936209)
(0.031162262 0.06225725 0.02942262)
(0.074677323 0.091377504 0.032123101)
(0.13525681 0.11663752 0.031999323)
(0.21025309 0.13526471 0.03235651)
(0.30111424 0.1487661 0.0325417)
(0.40257475 0.15433432 0.032611734)
(0.51582723 0.1540341 0.032938138)
(0.63863128 0.14632503 0.033558929)
(0.76962141 0.13209116 0.033685354)
(0.90796818 0.11184903 0.03444349)
(1.0524439 0.085057555 0.034687312)
(1.2022294 0.053099542 0.035468628)
(1.3562577 0.015758922 0.036144369)
(1.5138803 -0.026095423 0.037017786)
(1.6744617 -0.072319386 0.037807102)
(1.8370107 -0.12178687 0.039015743)
(2.0015086 -0.17481709 0.040052217)
(2.1670898 -0.23064109 0.041198869)
(2.3332384 -0.28826738 0.042581258)
(2.4999787 -0.34801398 0.043926716)
(2.6666953 -0.40848393 0.045397449)
(2.8328648 -0.47056843 0.047278514)
(-0.0068351161 -0.026638534 -0.037278897)
(0.017304624 -0.051863457 -0.031909586)
(0.049508157 -0.086180527 -0.037783919)
(0.10076886 -0.11886252 -0.033645607)
(0.16052051 -0.15113479 -0.033744275)
(0.23691947 -0.19016534 -0.031670556)
(0.32024064 -0.22650865 -0.030744206)
(0.41726616 -0.26875528 -0.028155175)
(0.52172316 -0.31282557 -0.027105951)
(0.63585253 -0.35862985 -0.024676499)
(0.75756571 -0.40860851 -0.022736036)
(0.88650807 -0.46004987 -0.020222539)
(1.0217039 -0.51449823 -0.017952377)
(1.1625323 -0.57076755 -0.015383667)
(1.3084055 -0.6291181 -0.012836)
(1.4584785 -0.68896255 -0.010161361)
(1.6124948 -0.75031695 -0.0073629564)
(1.7691489 -0.81254315 -0.0048371137)
(1.9291035 -0.8755816 -0.0017956675)
(2.0905439 -0.93890964 0.0008601378)
(2.2540032 -1.0026512 0.0038142417)
(2.4185213 -1.0661212 0.0064422283)
(2.5839773 -1.1293416 0.009011237)
(0 0 0)
(0 0 0)
(0 0 0)
(0.0053286103 -0.016641831 0.025013542)
(0.025149684 -0.067339141 0.028669807)
(0.063768306 -0.085900167 0.022582044)
(0.11348754 -0.1226629 0.017887625)
(0.17974038 -0.1650069 0.017833535)
(0.25476049 -0.19611236 0.01182197)
(0.34087623 -0.24211165 0.012317109)
(0.43789352 -0.28300534 0.0091234082)
(0.54355466 -0.32927581 0.0075755446)
(0.65807129 -0.37788407 0.0062204132)
(0.78014107 -0.42895751 0.0048278655)
(0.90916882 -0.4822903 0.004262214)
(1.0444269 -0.53817189 0.0033806245)
(1.1853614 -0.59585939 0.0029508558)
(1.3310612 -0.65520868 0.002789967)
(1.4810595 -0.71632269 0.0028561389)
(1.6348401 -0.77827461 0.0030828624)
(1.7916897 -0.84133403 0.0035754722)
(1.9511677 -0.90492037 0.0043070011)
(2.1128606 -0.96874663 0.005127246)
(2.2760672 -1.0327953 0.0061918267)
(2.4408248 -1.0964176 0.0074407815)
(2.6059523 -1.1598825 0.0088637548)
(2.8349078 -1.0571871 0.019347453)
(2.895979 -0.89273229 0.029018497)
(2.9580045 -0.72966742 0.038724267)
(2.8549715 -0.50119511 0.044300074)
(2.6882048 -0.4389454 0.041631693)
(2.5215072 -0.37814319 0.038783643)
(2.3546174 -0.3177222 0.0355925)
(2.188185 -0.25930853 0.03246291)
(2.0224944 -0.20290752 0.029139154)
(1.8580096 -0.14904384 0.025916092)
(1.6951502 -0.098176046 0.022494196)
(1.5344929 -0.050960001 0.019209847)
(1.3767349 -0.007577179 0.015799133)
(1.22237 0.030961669 0.012441006)
(1.0722462 0.064971581 0.0086335327)
(0.92749841 0.092850231 0.0059031767)
(0.788571 0.11512433 0.0023014536)
(0.6567437 0.13117701 -0.0010982649)
(0.53316545 0.14053761 -0.004424048)
(0.41901153 0.14370684 -0.0081642479)
(0.31511207 0.13913141 -0.010689025)
(0.22513502 0.12846203 -0.014822853)
(0.14583726 0.11009661 -0.016534272)
(0.084355391 0.088812834 -0.021611296)
(0.036863839 0.059058186 -0.022527878)
(0.018725824 0.028959898 -0.018056329)
(0 0 0)
(0 0 0)
(0 0 0)
(0 0 0)
(0 0 0)
(0 0 0)
(2.7553574 -1.2002603 0.011116906)
(2.7610065 -1.2080747 0.011152537)
(2.7663223 -1.2155735 0.01053534)
(3.0054504 -0.54092024 0.048193136)
(3.0108619 -0.54866527 0.047783448)
(3.0164939 -0.55618066 0.047480972)
(-0.0057678725 0.017412201 0.019722439)
(0.018537036 0.035076348 0.015383002)
(0.059197108 0.049720888 0.01700685)
(0.11717116 0.060502056 0.016650807)
(0.18979584 0.066639559 0.017043413)
(0.27674435 0.067436553 0.017205586)
(0.37496955 0.062023725 0.017784822)
(0.48462818 0.051317805 0.018361822)
(0.6034552 0.034395159 0.018798175)
(0.73061086 0.012140163 0.019623088)
(0.86536181 -0.015641877 0.020396371)
(1.0066022 -0.049045957 0.021309159)
(1.1531786 -0.086765282 0.022314903)
(1.3043496 -0.129225 0.023356019)
(1.4594641 -0.17546101 0.024623928)
(1.6177687 -0.22532684 0.025804122)
(1.7785513 -0.27820692 0.027358382)
(1.9414977 -0.33366266 0.02868458)
(2.1060006 -0.39154724 0.03025587)
(2.2712624 -0.45084547 0.032019723)
(2.4375194 -0.51168363 0.033602802)
(2.6037698 -0.57316175 0.035426497)
(2.7700772 -0.636077 0.037317409)
(-0.013065411 0.003768396 -0.00090768334)
(0.012532853 0.0039866001 -0.0032404025)
(0.050263777 0.0053964066 -0.0011803992)
(0.10520884 0.0029098798 -0.0010996102)
(0.17544478 -0.0053985524 -0.0001517328)
(0.25827026 -0.016203403 0.00074607005)
(0.35261067 -0.032439018 0.0015901095)
(0.45815519 -0.053433664 0.0025289895)
(0.57257539 -0.078875379 0.0035999921)
(0.69626429 -0.1097091 0.0051588069)
(0.82674581 -0.14443721 0.0058995723)
(0.96432479 -0.18412643 0.0077137239)
(1.1072882 -0.2275152 0.0090620262)
(1.2555003 -0.27459758 0.010677276)
(1.4077007 -0.32508599 0.012414982)
(1.5636282 -0.37831478 0.014010783)
(1.7223376 -0.43431084 0.016151303)
(1.8835361 -0.49198347 0.017694925)
(2.0463983 -0.55164786 0.019970045)
(2.2106187 -0.61247787 0.021956325)
(2.3760837 -0.67447299 0.023872361)
(2.5419105 -0.73696063 0.026060895)
(2.7085056 -0.79996027 0.027990574)
(-0.015685873 -0.012140766 -0.014973455)
(0.0096449297 -0.022687319 -0.014447231)
(0.043927797 -0.035457937 -0.016659199)
(0.098627808 -0.052750586 -0.015699741)
(0.16447206 -0.074550948 -0.015331898)
(0.24342877 -0.096456634 -0.014546218)
(0.33443346 -0.12545627 -0.013402591)
(0.43499882 -0.15570464 -0.012241128)
(0.54584079 -0.19106367 -0.010694046)
(0.66447002 -0.22997138 -0.0093583227)
(0.79139755 -0.27202585 -0.0077649243)
(0.92489787 -0.31841085 -0.0058350123)
(1.0642754 -0.36724442 -0.0041698564)
(1.209082 -0.41945596 -0.0020811751)
(1.3582085 -0.47404996 -6.5465585e-05)
(1.5114797 -0.53107456 0.0020936503)
(1.6677083 -0.58982902 0.0043626117)
(1.8269914 -0.65016978 0.0065495951)
(1.9882929 -0.71181761 0.0090148533)
(2.1515209 -0.7742892 0.011190605)
(2.31587 -0.83748132 0.013634531)
(2.4810571 -0.90060276 0.016022442)
(2.6468104 -0.96388358 0.018390575)
(0 0 0)
(0 0 0)
(0 0 0)
(0 0 0)
(0 0 0)
(0 0 0)
(0 0 0)
(0 0 0)
(0 0 0)
(0.0089583783 -0.0097072534 -0.015982617)
(0.012842502 -0.013884188 -0.0058567619)
(0.012832952 -0.011485814 0.0077660616)
(0.033669756 -0.060888815 -0.019267532)
(0.036187525 -0.063543847 -0.0059172563)
(0.037980241 -0.063204316 0.012829554)
(0.065784718 -0.087792425 -0.022170632)
(0.072437437 -0.086765015 -0.0075475306)
(0.074088416 -0.091798437 0.010103373)
(0.11418752 -0.12257591 -0.019712558)
(0.12066976 -0.1263218 -0.0077416249)
(0.11992605 -0.12469235 0.0064255013)
(0.1766299 -0.15948165 -0.020960624)
(0.1820095 -0.16117451 -0.010270904)
(0.18516287 -0.16688343 0.0054112897)
(0.24868748 -0.19478691 -0.020694779)
(0.25652738 -0.19875045 -0.0087111361)
(0.2586345 -0.19967283 0.0022414988)
(0.33426042 -0.23510174 -0.019257393)
(0.34077677 -0.24027193 -0.010716946)
(0.34318538 -0.24090055 0.0024917023)
(0.42897331 -0.27686947 -0.019215558)
(0.43597384 -0.27937328 -0.010188604)
(0.4393552 -0.28528747 0.00056877094)
(0.53342741 -0.32038263 -0.017953756)
(0.54047688 -0.32675452 -0.010128191)
(0.54400767 -0.32957044 -0.0003096782)
(0.6468742 -0.36794296 -0.016860319)
(0.65370107 -0.37271434 -0.0098808123)
(0.65765867 -0.37737995 -0.00083999583)
(0.76769725 -0.41699434 -0.015800694)
(0.77476586 -0.42337277 -0.0091538956)
(0.77896244 -0.42803027 -0.0015498281)
(0.89612721 -0.46976497 -0.014046408)
(0.9029179 -0.47520547 -0.0089280758)
(0.90747893 -0.48037603 -0.0013466236)
(1.0308402 -0.52332078 -0.01257784)
(1.0374966 -0.52987737 -0.0074664026)
(1.0418856 -0.53577747 -0.001556307)
(1.1711043 -0.58018891 -0.010624646)
(1.1775341 -0.58682529 -0.0065865087)
(1.182412 -0.59276011 -0.0013240875)
(1.3163924 -0.63824844 -0.0088707697)
(1.3228366 -0.64514057 -0.0053174484)
(1.3276766 -0.65138491 -0.00080061222)
(1.4661001 -0.69817884 -0.0067919266)
(1.472281 -0.70523162 -0.0038894934)
(1.477301 -0.71186197 -0.00016772026)
(1.6194255 -0.7592496 -0.0047200589)
(1.6256318 -0.76652135 -0.0023879636)
(1.6306746 -0.77334822 0.00068305998)
(1.7761319 -0.82115557 -0.0026121131)
(1.7820887 -0.828815 -0.00075623075)
(1.7872415 -0.83578008 0.0016911167)
(1.9352881 -0.88428971 -0.00022755844)
(1.9412716 -0.89173552 0.0011222419)
(1.9464443 -0.89892105 0.0029184938)
(2.0968235 -0.94729783 0.0019612171)
(2.1025914 -0.95504774 0.002948181)
(2.1078222 -0.96237334 0.0041904871)
(2.259852 -1.010948 0.0043557602)
(2.2655746 -1.0185488 0.0050155728)
(2.2709538 -1.0259139 0.0056607193)
(2.424278 -1.0741853 0.0066563728)
(2.429945 -1.0819102 0.0069028445)
(2.4352671 -1.0894953 0.0071560819)
(2.589417 -1.137431 0.0089550558)
(2.594986 -1.1450328 0.008885663)
(2.6005957 -1.1526112 0.0089291799)
(2.9424041 -0.70634662 0.038857069)
(2.9478897 -0.71394396 0.03866503)
(2.9533131 -0.72165226 0.038579949)
(2.8794843 -0.86995337 0.029926037)
(2.8853195 -0.87769874 0.029479478)
(2.8904317 -0.88523782 0.029156874)
(2.818055 -1.0346229 0.020463778)
(2.8238116 -1.0424283 0.020114275)
(2.8291486 -1.0497652 0.019894983)
(0.020943642 0.025121401 0.015071147)
(0.022938474 0.025943113 0.0044954962)
(0.025433041 0.027091343 -0.0048563539)
(0.044941441 0.057379015 0.015031892)
(0.046302143 0.058911221 0.0040302602)
(0.047473227 0.057718268 -0.011496922)
(0.088789411 0.087920377 0.018806159)
(0.091602207 0.088279887 0.0051995587)
(0.09417198 0.088610319 -0.0081683482)
(0.14734536 0.11190736 0.01854959)
(0.15274361 0.11065639 0.0065785991)
(0.15372888 0.10992059 -0.0066720438)
(0.22434007 0.13091036 0.019682356)
(0.22870659 0.12967599 0.0085453516)
(0.2306868 0.12990497 -0.003575142)
(0.31269611 0.14368751 0.020677288)
(0.31815876 0.14025409 0.010362534)
(0.3212235 0.13894822 -0.0013006879)
(0.4150924 0.14836698 0.021515379)
(0.42045509 0.14575308 0.012240703)
(0.42322032 0.14387406 0.00081052747)
(0.52759375 0.14718532 0.022584499)
(0.53276278 0.14399198 0.013830485)
(0.53653388 0.14185481 0.0036540322)
(0.64968277 0.13927493 0.023839366)
(0.65546309 0.13553512 0.015561588)
(0.6592073 0.1326594 0.0063491141)
(0.78026434 0.12487425 0.025023504)
(0.78609441 0.12055021 0.017484907)
(0.79001955 0.11731364 0.0090425171)
(0.91793146 0.10447294 0.026636794)
(0.92407917 0.099201537 0.019049039)
(0.92820094 0.095146982 0.012083824)
(1.0623621 0.077306312 0.027442175)
(1.067882 0.071752335 0.022071453)
(1.0722171 0.067904997 0.013969098)
(1.2113382 0.045022499 0.028975794)
(1.2170859 0.039281958 0.023208529)
(1.2217892 0.035129627 0.017229853)
(1.3650871 0.007736615 0.03028579)
(1.3707575 0.0016953133 0.025595162)
(1.3755499 -0.003422164 0.020070692)
(1.5222093 -0.034242988 0.031958154)
(1.5279219 -0.040724069 0.027644794)
(1.5327134 -0.046079157 0.022868123)
(1.6823637 -0.080372778 0.033369028)
(1.6878961 -0.087115511 0.029785194)
(1.6928748 -0.092847989 0.025672915)
(1.8445568 -0.13020288 0.035277227)
(1.8502091 -0.13697882 0.032120513)
(1.8552561 -0.14319962 0.028608426)
(2.008515 -0.18296192 0.036900361)
(2.0142358 -0.19021757 0.034223566)
(2.0192693 -0.19662066 0.031338662)
(2.1738937 -0.23850803 0.038653339)
(2.179378 -0.24588543 0.036569552)
(2.1845513 -0.25255718 0.034263503)
(2.3397383 -0.29625691 0.040518766)
(2.3453995 -0.3035805 0.038825052)
(2.3505641 -0.31066245 0.036992392)
(2.5063457 -0.35562041 0.042346294)
(2.5117604 -0.3634675 0.041031201)
(2.5169958 -0.37051387 0.039879576)
(2.6725369 -0.41659353 0.044272029)
(2.6781578 -0.42408737 0.043415988)
(2.6835477 -0.43142286 0.04248333)
(2.8392565 -0.47814849 0.046499649)
(2.844583 -0.48592608 0.045715229)
(2.8501036 -0.49350544 0.045174943)
(0.0012372248 0.0090331899 -0.011747755)
(0.026526505 0.038012644 -0.013346127)
(0.068066393 0.042861544 -0.0082721723)
(0.12931478 0.055160738 -0.0089717399)
(0.20390033 0.058350291 -0.006766721)
(0.29195848 0.056748624 -0.0041860377)
(0.39172218 0.050280572 -0.0028029084)
(0.50192139 0.036980044 -0.00052214815)
(0.62188731 0.018449207 0.0015603936)
(0.74967237 -0.0058647808 0.0038446254)
(0.88523258 -0.035384931 0.0058749605)
(1.026482 -0.069893292 0.0084961261)
(1.1731974 -0.10954513 0.010497513)
(1.3246676 -0.15343244 0.013257804)
(1.4799729 -0.20086968 0.015516646)
(1.6383261 -0.25185757 0.018068235)
(1.7992858 -0.3058503 0.020640018)
(1.9622871 -0.36219971 0.023124922)
(2.1267476 -0.42061079 0.025741608)
(2.2923136 -0.48075151 0.028220444)
(2.4586294 -0.54196549 0.03076792)
(2.6250517 -0.60396228 0.033264483)
(2.7918321 -0.66689961 0.035825962)
(-0.0093801714 0.0055802347 0.0012303068)
(0.018702523 0.0074873784 0.0009088978)
(0.060010099 0.00059083042 0.0012213317)
(0.1200261 -0.002021883 0.00075475287)
(0.18999708 -0.011871129 0.00061232218)
(0.27581738 -0.025837848 0.0014287604)
(0.37074088 -0.04389061 0.0018874464)
(0.47764282 -0.066783446 0.0026156795)
(0.59304053 -0.09475056 0.0033988957)
(0.7172022 -0.12688918 0.0044033768)
(0.84824366 -0.16412249 0.0055685285)
(0.98611291 -0.20487156 0.0066458265)
(1.1292219 -0.25021337 0.0081802852)
(1.2776004 -0.29865365 0.0096432291)
(1.4299367 -0.35027352 0.011061716)
(1.5857328 -0.40493364 0.012891803)
(1.7444961 -0.46164044 0.014636532)
(1.9056175 -0.52040618 0.016462716)
(2.0685332 -0.58076046 0.01849105)
(2.2328456 -0.64223717 0.020386982)
(2.3984159 -0.70446803 0.022616698)
(2.5639929 -0.7671931 0.024562676)
(2.7309145 -0.83076992 0.026668215)
(-0.012865499 -0.010248147 0.01199857)
(0.020132222 -0.015342542 0.0088015197)
(0.058314134 -0.043852935 0.014797529)
(0.11247977 -0.051401941 0.0087462535)
(0.18237957 -0.080080187 0.01013925)
(0.26278969 -0.10608621 0.0084271468)
(0.35419669 -0.13394144 0.0077250493)
(0.4567533 -0.16877161 0.0070614855)
(0.56778136 -0.2057174 0.0066709602)
(0.68722775 -0.24663197 0.0065138583)
(0.81439805 -0.29106133 0.0062366593)
(0.94774732 -0.33900554 0.0065686062)
(1.0874622 -0.38955573 0.0067220749)
(1.232141 -0.4434532 0.007168766)
(1.3811556 -0.49927676 0.0078233675)
(1.5342181 -0.55748827 0.008629651)
(1.6904857 -0.61734768 0.0095622381)
(1.8494722 -0.67855494 0.010635234)
(2.0106664 -0.74093909 0.011875726)
(2.1736893 -0.80390823 0.013272162)
(2.3379247 -0.86730973 0.014748395)
(2.5031579 -0.93095147 0.016141435)
(2.6689291 -0.99420969 0.018053669)
(0.0044097782 0.0085478096 0.0092213999)
(0.0045114663 0.0097416441 0.0035908027)
(0.0074521903 0.0093255651 -0.0026582012)
(0.031298776 0.033833778 0.0072737178)
(0.035495826 0.033911187 0.00019740476)
(0.035151724 0.032795697 -0.0083589772)
(0.072766165 0.046117885 0.0086030936)
(0.075679323 0.043504482 0.0022734047)
(0.077747577 0.044157345 -0.003857534)
(0.13005597 0.05646933 0.0086216696)
(0.13650665 0.056527284 0.0026169387)
(0.13636123 0.053990065 -0.0034989318)
(0.20354225 0.062360273 0.0093026917)
(0.20826023 0.059494039 0.003805483)
(0.21052955 0.057798732 -0.00099298321)
(0.28918692 0.0614119 0.009986162)
(0.29494602 0.059493245 0.0054424809)
(0.29728007 0.057094223 -0.00087463405)
(0.38730803 0.055891871 0.011407714)
(0.39370937 0.053019305 0.0059011595)
(0.39588827 0.050247333 0.0017618614)
(0.49627069 0.044850539 0.011920463)
(0.50213161 0.041260984 0.0077979512)
(0.5050422 0.038037907 0.0029805653)
(0.61462155 0.027277684 0.013339935)
(0.62085022 0.02351951 0.0092533111)
(0.62417426 0.019754014 0.0050875847)
(0.74139861 0.0050821121 0.014290312)
(0.74761941 0.00018018953 0.010586739)
(0.75095713 -0.0040898635 0.006899871)
(0.87572387 -0.023560667 0.015510915)
(0.88178566 -0.028835464 0.012523621)
(0.88569605 -0.032868086 0.0090893528)
(1.0161072 -0.05687963 0.017028566)
(1.0224694 -0.062370778 0.0138606)
(1.0262682 -0.067266427 0.01078808)
(1.1623107 -0.094878828 0.018404356)
(1.168336 -0.1005916 0.015653918)
(1.1726168 -0.10571919 0.012975784)
(1.3129426 -0.13733784 0.019983837)
(1.319086 -0.14335663 0.017668308)
(1.3233458 -0.14924055 0.015102501)
(1.4676407 -0.18360887 0.021519677)
(1.4735443 -0.19025258 0.019444793)
(1.4780426 -0.19608163 0.017354152)
(1.6254341 -0.23357679 0.023323889)
(1.6314073 -0.2401808 0.021487327)
(1.6360128 -0.24652763 0.019607696)
(1.7860001 -0.28635653 0.024905884)
(1.7917271 -0.29338825 0.023536133)
(1.7964642 -0.29998263 0.021917547)
(1.9483426 -0.34182093 0.026957855)
(1.9542032 -0.3491527 0.025556464)
(1.9590163 -0.35588869 0.024269532)
(2.1125104 -0.3995262 0.028820995)
(2.1182159 -0.40678694 0.027734247)
(2.1231375 -0.41385645 0.026663321)
(2.2775769 -0.45872847 0.030707455)
(2.2832088 -0.46633894 0.029948583)
(2.2882485 -0.47359348 0.0289955)
(2.4435521 -0.51948669 0.032669451)
(2.449149 -0.52719846 0.032115126)
(2.4543203 -0.53458658 0.031397008)
(2.6096325 -0.58114779 0.034699647)
(2.6151666 -0.5887767 0.034498113)
(2.620421 -0.59619838 0.033735826)
(2.7759402 -0.64364175 0.036907598)
(2.7814371 -0.65132646 0.036566851)
(2.7868936 -0.6590461 0.036308546)
(-0.0039788881 0.0014984317 -0.0017305774)
(-0.0022082402 0.0040225328 -0.0017144193)
(0.00011594176 0.0028897859 0.0011557565)
(0.02343091 0.0046268994 -0.0049071147)
(0.027608401 0.0045556025 -0.00314809)
(0.027422328 0.0030159055 -0.0017705424)
(0.063459586 0.0020098795 -0.0029467336)
(0.068556433 0.00078730258 0.00057657139)
(0.068909164 0.0012350824 5.4211055e-05)
(0.1183379 -0.0014745644 -0.0029485777)
(0.12514948 -0.0031474499 -0.0013231125)
(0.12462625 -0.0058440724 -0.0011387013)
(0.18855678 -0.0093743172 -0.0019450322)
(0.19448613 -0.012653321 0.00076903233)
(0.19515323 -0.012712788 -0.0008803621)
(0.2701904 -0.021525339 -0.00089144491)
(0.27758821 -0.024948288 0.00061395691)
(0.27857005 -0.02703274 0.00018319524)
(0.36486665 -0.037934896 -0.00045623478)
(0.3714591 -0.042761819 0.0013142804)
(0.37311884 -0.044547317 0.00065503867)
(0.46961416 -0.059869083 0.00095210592)
(0.47653325 -0.064350999 0.0028351544)
(0.4784355 -0.06673363 0.0016243419)
(0.58368256 -0.085652695 0.00204238)
(0.5903519 -0.091214825 0.0030910847)
(0.59331596 -0.09442367 0.0023750278)
(0.70657128 -0.11675297 0.0033101277)
(0.7136622 -0.12264886 0.0048227741)
(0.71633172 -0.1255697 0.0035835663)
(0.83701125 -0.15236144 0.0048405229)
(0.8432802 -0.15802294 0.0056288077)
(0.84696823 -0.16226865 0.0046768606)
(0.97377324 -0.1918225 0.0063172271)
(0.98049366 -0.19840864 0.0069777265)
(0.98408536 -0.20240928 0.0061790154)
(1.11654 -0.2355256 0.0078094443)
(1.122941 -0.2419853 0.0086287678)
(1.1267069 -0.24686078 0.007601212)
(1.2640672 -0.28268892 0.0094927657)
(1.270329 -0.28980868 0.0099903511)
(1.2744616 -0.294997 0.0092628941)
(1.4159746 -0.33326636 0.011294945)
(1.4221007 -0.34036081 0.011852814)
(1.426477 -0.34594972 0.010808848)
(1.5713393 -0.38663161 0.01312976)
(1.577424 -0.39398558 0.013363427)
(1.5818757 -0.39989255 0.012645962)
(1.7297034 -0.4424314 0.015105735)
(1.7356114 -0.44990166 0.015416009)
(1.7402712 -0.45626589 0.014569374)
(1.890395 -0.50039064 0.017142678)
(1.8963159 -0.50790096 0.017184858)
(1.9011353 -0.51448403 0.016437627)
(2.0530674 -0.56000272 0.019300876)
(2.0589291 -0.56753253 0.019149271)
(2.0637769 -0.57437074 0.018577281)
(2.2171277 -0.6208468 0.021468948)
(2.2228169 -0.62829862 0.021132387)
(2.2279747 -0.63559475 0.020568819)
(2.3822207 -0.68260536 0.023451999)
(2.3881425 -0.69030838 0.023208006)
(2.3931307 -0.69755513 0.022810845)
(2.5478216 -0.74493121 0.025636332)
(2.5534482 -0.75241529 0.025327472)
(2.5585997 -0.75999316 0.024770636)
(2.7142118 -0.80779977 0.027623039)
(2.7199627 -0.81550302 0.027374728)
(2.7253562 -0.82298733 0.026969017)
(-0.0055552426 -0.0066288884 -0.0079465547)
(-0.0055719563 -0.0073630836 0.0015805453)
(-0.0028480716 -0.0071544931 0.0061250849)
(0.02484695 -0.02251207 -0.00847722)
(0.029908809 -0.017759031 -0.0012181152)
(0.028767397 -0.019895927 0.0051591097)
(0.059258856 -0.037438409 -0.0099438397)
(0.064194665 -0.042989814 -0.0016944493)
(0.065528311 -0.043031478 0.0056835715)
(0.1138356 -0.058296 -0.010511162)
(0.11813062 -0.056531646 -0.0033881852)
(0.12039239 -0.058513346 0.0035735731)
(0.17900793 -0.078164286 -0.0094126803)
(0.18497032 -0.082288317 -0.0024621947)
(0.1876451 -0.08259551 0.0032528892)
(0.25786065 -0.10348446 -0.0099624067)
(0.26306266 -0.10590215 -0.0041719124)
(0.2668805 -0.10816154 0.0018452128)
(0.34784507 -0.13218484 -0.008844654)
(0.35401625 -0.13531264 -0.0025280796)
(0.35741299 -0.13738751 0.0019899256)
(0.44796115 -0.16315075 -0.0080962164)
(0.45363682 -0.16747112 -0.003282534)
(0.45816348 -0.1701135 0.0013814079)
(0.55799549 -0.19938066 -0.0071808881)
(0.5642247 -0.20349258 -0.0024764572)
(0.56873796 -0.20659006 0.0015687407)
(0.67624604 -0.23827464 -0.0060687103)
(0.68223931 -0.24300032 -0.0019554243)
(0.68702812 -0.24703291 0.001849371)
(0.8022134 -0.28082726 -0.00492312)
(0.80838038 -0.28651152 -0.0011405592)
(0.81355286 -0.29044691 0.0020370441)
(0.9351561 -0.32732974 -0.0033120604)
(0.94127055 -0.33279594 -0.00015124514)
(0.94627865 -0.33768538 0.0026664839)
(1.0738984 -0.37630457 -0.0020353791)
(1.0797999 -0.38250372 0.00074138175)
(1.0851884 -0.38765885 0.0034143713)
(1.2180508 -0.42864707 -0.00027324067)
(1.2240321 -0.43486672 0.0022163764)
(1.2294129 -0.44055488 0.0042217861)
(1.3667154 -0.48326465 0.0014444192)
(1.3725336 -0.48985935 0.0034431462)
(1.3780776 -0.49593269 0.0052356265)
(1.51935 -0.54013458 0.0033346711)
(1.5251589 -0.54702194 0.0049906702)
(1.530634 -0.55329225 0.0064490267)
(1.6752371 -0.5989711 0.0052438667)
(1.6809784 -0.60584968 0.0066684074)
(1.686579 -0.61263416 0.0077554223)
(1.8339515 -0.65902022 0.0072477503)
(1.8396899 -0.666507 0.0083100119)
(1.845243 -0.67326072 0.009161615)
(1.9949185 -0.72070534 0.0094395378)
(2.0005757 -0.72790519 0.010164888)
(2.0061109 -0.73500351 0.010770257)
(2.157479 -0.78276001 0.011548021)
(2.1633611 -0.79041261 0.011982859)
(2.1687939 -0.79768123 0.012458304)
(2.3216256 -0.84551081 0.013711538)
(2.3273301 -0.85327433 0.014002697)
(2.3327183 -0.8605583 0.014261995)
(2.4866803 -0.9087467 0.016052458)
(2.4922951 -0.9164967 0.016037607)
(2.497881 -0.92383669 0.01608636)
(2.6522461 -0.9718317 0.018237645)
(2.6579091 -0.97939573 0.018120468)
(2.6633242 -0.98707742 0.017829616)
)
;

boundaryField
{
    free
    {
        type            calculated;
    }
    bottom
    {
        type            calculated;
    }
    traction
    {
        type            calculated;
    }
}


// ************************************************************************* //
