/*--------------------------------*- C++ -*----------------------------------*\
  =========                 |
  \\      /  F ield         | OpenFOAM: The Open Source CFD Toolbox
   \\    /   O peration     | Website:  https://openfoam.org
    \\  /    A nd           | Version:  6
     \\/     M anipulation  |
\*---------------------------------------------------------------------------*/
FoamFile
{
    version     2.0;
    format      ascii;
    class       pointVectorField;
    location    "0.0999516";
    object      u;
}
// * * * * * * * * * * * * * * * * * * * * * * * * * * * * * * * * * * * * * //

dimensions      [0 1 0 0 0 0 0];

internalField   nonuniform List<vector> 
625
(
(0 0 0)
(0 0 0)
(0.15686135 0.035213865 0.0013151267)
(0.15388631 -0.04232353 0.0010744691)
(0 0 0)
(0 0 0)
(0.1542944 -0.043060266 0.00044303357)
(0.15717131 0.034053608 0.0012420814)
(0 0 0)
(0 0 0)
(0 0 0)
(0.15581656 0.014922994 0.00032663909)
(0.15454466 -0.0034314414 0.00112489)
(0.15409527 -0.021819804 0.00090275189)
(-0.00087299118 -0.0011476892 -0.00075015148)
(-0.0021148291 -0.0020933412 -0.00064117022)
(-0.0040177335 -0.0028465196 -0.00038999277)
(-0.0063426058 -0.0032855742 -4.2318052e-05)
(-0.0088901201 -0.0033371574 0.00035415492)
(-0.011419367 -0.002933016 0.00073676831)
(-0.013664857 -0.0020321814 0.0011074262)
(-0.015313124 -0.00062867756 0.0014364976)
(-0.016114944 0.0012684189 0.0017145204)
(-0.015774152 0.0036024662 0.0019556671)
(-0.014105001 0.0063211826 0.0021396956)
(-0.010934342 0.0093312227 0.0022271909)
(-0.0060622714 0.012586562 0.0023780907)
(0.00055042818 0.01591466 0.0024308229)
(0.0090292129 0.019311224 0.0024956688)
(0.01937297 0.022518213 0.0024896456)
(0.031514093 0.025833714 0.0024320432)
(0.045417913 0.028551267 0.0024595065)
(0.061042627 0.031049075 0.0023243586)
(0.078035289 0.033112719 0.0022476421)
(0.096405871 0.034633794 0.0021406702)
(0.11563869 0.035788417 0.0019802669)
(0.13548532 0.035837564 0.0020713514)
(-0.0006186805 0.0011640214 0.0012299492)
(-0.0020015235 0.002141084 0.0011326626)
(-0.0039898738 0.0029820432 0.00092031703)
(-0.0063812861 0.0034919064 0.00055952028)
(-0.0089856499 0.0036240195 0.00013607455)
(-0.011577678 0.003299433 -0.00036791356)
(-0.013848998 0.0025009425 -0.00090735875)
(-0.015554333 0.0012100192 -0.0014609929)
(-0.016388328 -0.00052096139 -0.0019990329)
(-0.016101053 -0.0026594204 -0.0024889928)
(-0.014542923 -0.0051889759 -0.0029380973)
(-0.011440713 -0.0079755683 -0.0031941635)
(-0.0066588073 -0.011086742 -0.003453472)
(-0.00023630361 -0.014323093 -0.0035842177)
(0.0080409588 -0.017704197 -0.0036205636)
(0.018117865 -0.02113633 -0.0035302073)
(0.029981708 -0.024575573 -0.0033644249)
(0.043673128 -0.028108029 -0.0030586223)
(0.058923953 -0.031184776 -0.0026398894)
(0.075664608 -0.03431182 -0.0021252732)
(0.093750207 -0.037010135 -0.0014545628)
(0.11291362 -0.039295227 -0.00081000048)
(0.13286128 -0.041065172 -0.00012293871)
(0 0 0)
(0 0 0)
(0 0 0)
(-0.00087722818 0.00076571043 -0.00095410239)
(-0.0020755572 0.0024201728 -0.00093707516)
(-0.0039981934 0.003063283 -0.00052347454)
(-0.0064242966 0.0036452502 -0.00018921948)
(-0.0089713484 0.0038244877 0.00019873619)
(-0.011613508 0.0034462561 0.00060908747)
(-0.013768595 0.0027500239 0.0010001796)
(-0.015416342 0.0014727456 0.0013001043)
(-0.016226254 -0.00028487333 0.0015899246)
(-0.015915325 -0.0024528424 0.0018258471)
(-0.014306554 -0.0050334019 0.0019788259)
(-0.011246187 -0.0078976737 0.0021934544)
(-0.0064741357 -0.011105072 0.0022574486)
(-6.852242e-05 -0.014456656 0.0023507663)
(0.0082137954 -0.017968348 0.0023558105)
(0.018281291 -0.021550973 0.0023510986)
(0.030157409 -0.025117659 0.0022903255)
(0.043780185 -0.028622652 0.0022110217)
(0.059033489 -0.03196437 0.0020918428)
(0.075811597 -0.035054051 0.0019226582)
(0.093912517 -0.037918521 0.0017137547)
(0.1131794 -0.040056811 0.00143791)
(0.13309128 -0.042184006 0.0011673068)
(0.15466411 -0.022680291 0.00062002047)
(0.15476708 -0.0045855678 0.0011359888)
(0.15609615 0.013382835 0.0018107714)
(0.13600933 0.034859819 -2.3288334e-05)
(0.1157037 0.034497357 -0.00067466475)
(0.09658408 0.033465844 -0.0012524105)
(0.077964368 0.032188647 -0.0020057924)
(0.060930383 0.030229604 -0.0024990984)
(0.045306163 0.027893763 -0.0029733835)
(0.031374714 0.025194479 -0.0032595126)
(0.019197112 0.022228731 -0.0034787204)
(0.0088668751 0.019086534 -0.0035524621)
(0.00039833712 0.01585932 -0.0035227161)
(-0.0062056203 0.012623596 -0.0033886459)
(-0.011088892 0.0095285671 -0.0032216705)
(-0.014199634 0.0066063258 -0.002809018)
(-0.015835902 0.0039266904 -0.0024360595)
(-0.016132048 0.0016152582 -0.0019770246)
(-0.015302397 -0.00030532123 -0.0014604743)
(-0.013615109 -0.0017903902 -0.00095511868)
(-0.011357663 -0.0027152767 -0.00046784988)
(-0.008807594 -0.0032698039 3.5696889e-05)
(-0.0062123413 -0.0032921108 0.00039813054)
(-0.0039038637 -0.0029142447 0.00069773644)
(-0.0020435622 -0.0021498609 0.00082799774)
(-0.0010901657 -0.0011889091 0.00074886271)
(0 0 0)
(0 0 0)
(0 0 0)
(0 0 0)
(0 0 0)
(0 0 0)
(0.15398415 -0.04287123 0.00058420266)
(0.15425533 -0.043193092 0.00092485944)
(0.15419383 -0.043535082 0.00064542707)
(0.15735418 0.03549277 0.0013229055)
(0.15738482 0.035004146 0.001223585)
(0.15750283 0.034993189 0.0011373167)
(-0.00042539215 -0.00042152727 -0.0004676489)
(-0.0017898806 -0.00082605174 -0.00030349474)
(-0.0037935391 -0.0011037272 -0.0001216194)
(-0.0062486404 -0.001226021 0.00011114307)
(-0.0089670029 -0.0011734899 0.00032045544)
(-0.011681259 -0.00091747925 0.00054703881)
(-0.014103487 -0.00041676618 0.0007116028)
(-0.015953697 0.00032306447 0.00086877992)
(-0.016920065 0.001269018 0.00097242021)
(-0.016762538 0.0024863522 0.0010356347)
(-0.015272301 0.0038472319 0.001088794)
(-0.012155361 0.0053864919 0.0011140575)
(-0.007414853 0.0069908011 0.0011421262)
(-0.00086092127 0.0086210033 0.0011294881)
(0.0075495376 0.010245145 0.0011618496)
(0.017848377 0.011776496 0.0010899695)
(0.029908501 0.013171556 0.0011836868)
(0.043932629 0.014449074 0.0010966963)
(0.059548784 0.015355126 0.0011249122)
(0.07662748 0.01604938 0.0011500729)
(0.095085652 0.016393927 0.0010964)
(0.1144806 0.016514902 0.0010187657)
(0.13490226 0.015593385 0.001076867)
(-0.00030082262 -1.5382235e-05 0.00010643782)
(-0.0017266386 6.4128156e-05 0.0002000938)
(-0.0037929804 0.00010041124 0.00024761083)
(-0.0062880804 0.00014717365 0.00025544719)
(-0.0090630319 0.00019361718 0.00024740942)
(-0.011792093 0.00024738447 0.00020337429)
(-0.014235305 0.00029343313 0.0001224959)
(-0.016091556 0.00036129414 1.6834102e-05)
(-0.017094041 0.00041202355 -0.00012835868)
(-0.016942755 0.00053947584 -0.00021597745)
(-0.015461531 0.00061623725 -0.00038696776)
(-0.012417993 0.0007082733 -0.00046186867)
(-0.0077134063 0.00078838326 -0.00054224201)
(-0.0012083497 0.0008407419 -0.00057968369)
(0.0071309562 0.00082933925 -0.00057166041)
(0.017363784 0.00073229919 -0.00055809885)
(0.029472817 0.00056245061 -0.00040508551)
(0.043293232 0.00035179683 -0.00039328821)
(0.058732441 -5.9116087e-05 -0.0001138475)
(0.075683926 -0.00057791 9.8131257e-05)
(0.094167802 -0.00117917 0.00025053328)
(0.1136798 -0.0019772501 0.0006336294)
(0.13430454 -0.0026540156 0.00079744068)
(-0.00029150885 0.00049427849 0.00055116702)
(-0.0016736118 0.00086412416 0.00056360544)
(-0.003775484 0.00116867 0.00049056403)
(-0.0062923653 0.001335728 0.00034112765)
(-0.0090573733 0.0013349751 0.00015887281)
(-0.011801729 0.0011337106 -7.0632272e-05)
(-0.014251388 0.00073232812 -0.00033669967)
(-0.016128728 0.00015493436 -0.0006295833)
(-0.017118272 -0.00062495952 -0.00090921336)
(-0.017010274 -0.0015692141 -0.0011921555)
(-0.015518078 -0.0026329494 -0.0014575239)
(-0.012491423 -0.0038976105 -0.0016353016)
(-0.0078037763 -0.0052578982 -0.001782328)
(-0.0013206659 -0.0067407611 -0.0018748662)
(0.0069682987 -0.0083083916 -0.0018928275)
(0.017189558 -0.0099584262 -0.0018455003)
(0.029091497 -0.011611868 -0.0017445271)
(0.042972562 -0.013293458 -0.0015512416)
(0.058353509 -0.015010126 -0.0012813574)
(0.075520374 -0.016607733 -0.0010456119)
(0.093862562 -0.018273154 -0.00064453792)
(0.11327136 -0.019586825 -0.00023044871)
(0.13357685 -0.020879186 0.00031273654)
(0 0 0)
(0 0 0)
(0 0 0)
(0 0 0)
(0 0 0)
(0 0 0)
(0 0 0)
(0 0 0)
(0 0 0)
(-0.0010496765 0.00055394515 0.00047604079)
(-0.0011530929 0.00068575456 9.6453275e-05)
(-0.0010844812 0.00061142828 -0.00032146786)
(-0.0024558644 0.0022115188 0.00066887814)
(-0.0025220847 0.0022590021 0.00015082315)
(-0.0024948174 0.0022358996 -0.00038918101)
(-0.0043122185 0.0031044331 0.00050712739)
(-0.0043419497 0.0031274947 0.00014932572)
(-0.0043171745 0.0031219359 -0.00024824032)
(-0.0065490157 0.003716138 0.00034905713)
(-0.0065845242 0.0037439182 0.00015252717)
(-0.0065438177 0.003743576 -3.5138284e-05)
(-0.0089977056 0.0038919119 0.00011981055)
(-0.0089543699 0.0039101746 0.00013720243)
(-0.0090118307 0.0039105456 0.00016026265)
(-0.01136371 0.0035976065 -0.00015184992)
(-0.011321722 0.0035844878 0.00010548009)
(-0.011321408 0.0036886619 0.00037432389)
(-0.013441964 0.0028003601 -0.0004463271)
(-0.013290805 0.0027982649 3.7928268e-05)
(-0.01343478 0.0028692255 0.00053804315)
(-0.014918467 0.0015287897 -0.00076934722)
(-0.014755886 0.001480295 -9.2983461e-05)
(-0.014865039 0.001641555 0.00063580296)
(-0.015565912 -0.00023595489 -0.0010895215)
(-0.015357979 -0.00026391073 -0.00019993002)
(-0.01551104 -0.00012565324 0.00073294662)
(-0.015147042 -0.0024018883 -0.0013859742)
(-0.014894129 -0.0024706877 -0.00033454139)
(-0.015062455 -0.0023311085 0.00081088611)
(-0.013468008 -0.0049926593 -0.0016425794)
(-0.013111749 -0.0050231364 -0.00037665085)
(-0.013318025 -0.0049038564 0.00083231129)
(-0.010151803 -0.007960068 -0.0018187183)
(-0.0099447153 -0.0079114712 -0.00048118578)
(-0.010204876 -0.0077602466 0.00095794749)
(-0.0054394731 -0.011022856 -0.0019526611)
(-0.0051157259 -0.011056518 -0.00057541836)
(-0.0053486111 -0.011013325 0.00092636057)
(0.0010880564 -0.014385178 -0.0020378609)
(0.0014096742 -0.014427238 -0.00059609157)
(0.0011400951 -0.014385919 0.00098610107)
(0.0093592397 -0.017849805 -0.0020347794)
(0.0096656338 -0.01790786 -0.00060236504)
(0.0094035444 -0.017904325 0.00098762497)
(0.019421355 -0.021395987 -0.0019792755)
(0.019721228 -0.021450277 -0.00057078743)
(0.019472451 -0.021498668 0.0010070418)
(0.031235205 -0.024921473 -0.001850223)
(0.031531184 -0.024995232 -0.00051448615)
(0.031290548 -0.025085293 0.0010064241)
(0.044706905 -0.02823498 -0.0016173509)
(0.04505978 -0.028464931 -0.00041679821)
(0.044827566 -0.028591426 0.0010216482)
(0.05988831 -0.031638883 -0.0013706311)
(0.060192334 -0.031792821 -0.00026946432)
(0.059974808 -0.03194087 0.0010321934)
(0.076511394 -0.034615994 -0.0010235868)
(0.076787038 -0.034854465 -6.8543436e-05)
(0.076589832 -0.035049733 0.0010127827)
(0.094424204 -0.037387653 -0.00066997109)
(0.094655388 -0.037673205 0.0001469613)
(0.094511938 -0.037838443 0.00098205914)
(0.11342648 -0.039682727 -0.00025291815)
(0.1136611 -0.039949296 0.00033254172)
(0.11362322 -0.040240679 0.00090330048)
(0.13322187 -0.041703282 0.00020301888)
(0.13332989 -0.041908269 0.00050219126)
(0.13335443 -0.04208174 0.00082022077)
(0.1564045 0.015039211 0.0010714283)
(0.15639446 0.014778768 0.0011596985)
(0.15648648 0.014475132 0.0013631556)
(0.15452631 -0.003782386 0.0011945936)
(0.15499098 -0.0040139329 0.0010476008)
(0.15470622 -0.0043988068 0.0010046445)
(0.15445406 -0.022408305 0.00080966506)
(0.1547713 -0.022642606 0.00078497394)
(0.15456151 -0.022773579 0.00084556277)
(-0.0012310372 -0.0010931237 -0.00033147533)
(-0.0013136822 -0.0011049115 -1.7986659e-05)
(-0.001282833 -0.0011148281 0.00030518564)
(-0.0024801085 -0.0021515223 -0.00028759421)
(-0.0024595385 -0.0021649198 5.7156005e-05)
(-0.0024858403 -0.0021314028 0.00048580428)
(-0.0042763633 -0.0029648095 -0.00013635011)
(-0.0042590704 -0.0029903075 0.00011844361)
(-0.0042575863 -0.0029672251 0.00045087268)
(-0.0064656703 -0.0034422889 8.5338134e-05)
(-0.0064306204 -0.0034556385 0.00018601891)
(-0.0064186285 -0.0034146507 0.0003319584)
(-0.0088647116 -0.0035307848 0.00029371746)
(-0.0087936147 -0.003481703 0.00022478755)
(-0.0087627375 -0.0034409677 0.00012759089)
(-0.011231358 -0.0031042047 0.00048668265)
(-0.011107197 -0.0030478425 0.00019156059)
(-0.011171305 -0.0030216608 -0.00012890069)
(-0.013269786 -0.0022289441 0.00063572319)
(-0.013168361 -0.0020783872 0.00013751929)
(-0.013176691 -0.0020158333 -0.00042460564)
(-0.014767808 -0.00077120808 0.00077757288)
(-0.014617495 -0.00065558236 6.786038e-05)
(-0.014678081 -0.00058117983 -0.00073080999)
(-0.015396681 0.001130968 0.00084939673)
(-0.015230656 0.0012791654 -3.059284e-05)
(-0.015310857 0.0013592557 -0.0010821344)
(-0.014925942 0.0034619677 0.00091615093)
(-0.01476235 0.0036426961 -0.00015344628)
(-0.014886041 0.0037265161 -0.0013892292)
(-0.013224995 0.0062612074 0.00097438564)
(-0.012938899 0.0063553242 -0.00035973877)
(-0.013056641 0.0063749497 -0.0016220809)
(-0.0098121837 0.0092374612 0.00089936223)
(-0.009707368 0.0093026257 -0.0003323434)
(-0.009866641 0.0094032104 -0.0019843667)
(-0.0049239855 0.012455737 0.00094790229)
(-0.0047428275 0.012527775 -0.00043418948)
(-0.0049098435 0.012597077 -0.0020470227)
(0.0017711991 0.015816569 0.00095939612)
(0.0019376483 0.015826879 -0.00047187558)
(0.0017641451 0.015848732 -0.0021579813)
(0.010272519 0.01915076 0.0009590473)
(0.010419909 0.01916763 -0.00047821928)
(0.010259238 0.019130574 -0.0021715145)
(0.020584424 0.022508961 0.00096271767)
(0.020769897 0.022367158 -0.00043808454)
(0.020560684 0.02235591 -0.0021323252)
(0.03276755 0.025509977 0.0010138301)
(0.032831005 0.025502257 -0.00037139162)
(0.032700045 0.025374143 -0.0019664614)
(0.046487231 0.028417126 0.00097376133)
(0.046745035 0.028257384 -0.00023164045)
(0.046544582 0.028137418 -0.0017760261)
(0.062044804 0.030960937 0.0010657673)
(0.062200876 0.030724358 -5.53047e-05)
(0.06201561 0.030572656 -0.0014304351)
(0.078927938 0.032935872 0.0011163432)
(0.079094632 0.032788492 0.00010593226)
(0.078933464 0.032550332 -0.0010980606)
(0.097145122 0.034637597 0.0011523614)
(0.097361855 0.034260027 0.00030292408)
(0.097124402 0.034094873 -0.00051115128)
(0.11627239 0.035380918 0.0011900818)
(0.11648419 0.035200126 0.00065517419)
(0.11636666 0.034970802 -2.524663e-05)
(0.13639603 0.036226881 0.0015145757)
(0.13635792 0.035689039 0.00097569795)
(0.13651227 0.035454996 0.00069430306)
(-0.0004555874 -0.00027555537 0.00049101754)
(-0.0017531473 -0.00099532896 0.00040897326)
(-0.003692691 -0.0011420193 0.00029710281)
(-0.0061665698 -0.0011636211 0.00017655802)
(-0.0088778994 -0.00097852356 -1.5171746e-05)
(-0.011583414 -0.00054643148 -0.00027690548)
(-0.014049604 6.6056614e-05 -0.00053409066)
(-0.015887713 0.00090675846 -0.00081916763)
(-0.016869614 0.0019219011 -0.001128251)
(-0.016734348 0.0030924465 -0.0013831613)
(-0.015184258 0.0044127691 -0.0016533175)
(-0.012217268 0.0058173781 -0.0017991283)
(-0.0074493053 0.0072430297 -0.0019539947)
(-0.00091877926 0.0087638463 -0.0020019187)
(0.0074818617 0.010203049 -0.0020143115)
(0.017747959 0.011551718 -0.0019272046)
(0.029891864 0.012751799 -0.0017800955)
(0.043815585 0.013766159 -0.0015477561)
(0.059411176 0.014558243 -0.0012416427)
(0.076568861 0.015012091 -0.0008967398)
(0.095065371 0.015176968 -0.0004398914)
(0.1145471 0.015053274 9.1549862e-05)
(0.13511824 0.014321038 0.00075354371)
(-0.00021873558 -0.00011502397 -2.9855058e-05)
(-0.0016896455 -0.00010362259 -8.065416e-06)
(-0.0037844121 6.1196184e-05 6.9313606e-05)
(-0.0063371937 0.00015846899 0.00014839911)
(-0.0090722275 0.00029819236 0.00012866516)
(-0.011848274 0.0004414401 0.00013081483)
(-0.01428762 0.00054528533 6.7444603e-05)
(-0.016130373 0.00065305232 -3.4561051e-05)
(-0.01710382 0.00073614493 -0.00014635471)
(-0.016960451 0.00080181118 -0.00025528986)
(-0.01544625 0.0008047658 -0.00038518852)
(-0.012449324 0.00087118553 -0.00044423862)
(-0.0077199233 0.00080203413 -0.00053323694)
(-0.0012135164 0.00077134811 -0.00056744852)
(0.0071599626 0.00061842816 -0.0005826059)
(0.017402831 0.00041014807 -0.00054209266)
(0.02949793 0.00011846913 -0.00048133873)
(0.04337926 -0.00028490988 -0.00037341733)
(0.058960566 -0.000797246 -0.00021101864)
(0.07605338 -0.0014327306 -6.324048e-05)
(0.094579138 -0.002002185 0.00025106819)
(0.11404442 -0.0029336745 0.00040317594)
(0.13504798 -0.0037540699 0.0006620715)
(-0.00028168507 0.0003602309 -0.0004090556)
(-0.0017812019 0.00078471868 -0.00035325818)
(-0.0038435744 0.0011885282 -0.00026250551)
(-0.0062953928 0.0013716694 -6.7716147e-05)
(-0.0090197368 0.0014388378 6.6552576e-05)
(-0.011740872 0.0013103091 0.00024810053)
(-0.014163903 0.00098928525 0.00038732874)
(-0.015988652 0.00046303607 0.00052766167)
(-0.016960802 -0.00026123498 0.00063672372)
(-0.016805437 -0.0011962537 0.00072417104)
(-0.015309535 -0.002314235 0.00079442761)
(-0.012335517 -0.003633727 0.00089046478)
(-0.0076405277 -0.0050482169 0.00091882181)
(-0.001178321 -0.0066303479 0.00096926944)
(0.0071185208 -0.0083117283 0.0010047594)
(0.017294988 -0.010068658 0.001033615)
(0.029308657 -0.011884363 0.0010556141)
(0.04310347 -0.013730066 0.0010893355)
(0.058578836 -0.015557293 0.0010911989)
(0.075594649 -0.017293529 0.0011364033)
(0.093936235 -0.018974602 0.0011205772)
(0.11353321 -0.020487153 0.00099464112)
(0.13375517 -0.021601939 0.0011251673)
(-0.00063679187 -0.0002417097 -0.00015841683)
(-0.00066091147 -0.00027367284 1.3811562e-05)
(-0.00067716595 -0.0002674769 0.00019097168)
(-0.0020686255 -0.00088702929 -0.00012251343)
(-0.0021222105 -0.00090220466 8.1344489e-05)
(-0.0020868643 -0.00088198692 0.00030990023)
(-0.0040064681 -0.0012159669 2.5453412e-05)
(-0.0040186971 -0.0012173925 0.00015477502)
(-0.0039866071 -0.0012000118 0.00028571662)
(-0.0063593453 -0.0013651078 0.00016291616)
(-0.0063317227 -0.0013719548 0.00020089913)
(-0.0063109103 -0.0013167635 0.0002309138)
(-0.0089283515 -0.0013193007 0.00028110307)
(-0.0088520824 -0.0012775671 0.000211762)
(-0.0088743048 -0.0012131159 0.00011812644)
(-0.011476298 -0.0010356676 0.00037431588)
(-0.011344093 -0.00096153608 0.0001703908)
(-0.011417693 -0.00085638983 -4.2471846e-05)
(-0.013720637 -0.00048337204 0.0004139075)
(-0.013566179 -0.00041211469 9.1873212e-05)
(-0.013637895 -0.00029838918 -0.0002345942)
(-0.015396064 0.00027201165 0.00044762092)
(-0.015198614 0.0003975846 -5.4995271e-06)
(-0.015300464 0.00048408608 -0.00045169708)
(-0.01619938 0.0012774957 0.00041981437)
(-0.015981225 0.0014019781 -0.00013479489)
(-0.016111138 0.00150886 -0.00068778386)
(-0.015905071 0.0025000334 0.00037232599)
(-0.015646961 0.0026285444 -0.00025298271)
(-0.015804551 0.0026858144 -0.00090432083)
(-0.014249802 0.0038524209 0.00030749143)
(-0.013978428 0.0039571796 -0.00040702351)
(-0.014190821 0.0040769707 -0.0010814267)
(-0.011077339 0.005389483 0.00028038288)
(-0.010803032 0.0055028311 -0.00050892955)
(-0.011040624 0.0054978057 -0.001270975)
(-0.0062540806 0.00697462 0.00024577984)
(-0.0060088667 0.0070643769 -0.00055588242)
(-0.0061965801 0.007063095 -0.0013312214)
(0.00034325154 0.0085987284 0.00021918558)
(0.000592149 0.0086470072 -0.00062091034)
(0.00038397322 0.0085884638 -0.001406035)
(0.0087641747 0.01019476 0.00019380259)
(0.0090171617 0.010201372 -0.00060382709)
(0.0087949473 0.010128355 -0.0014071538)
(0.019046572 0.011710568 0.00023971472)
(0.019273482 0.011685887 -0.00060262602)
(0.019062445 0.011555883 -0.0013343216)
(0.031182142 0.013096602 0.00017564873)
(0.031339315 0.013014499 -0.00049023041)
(0.031146893 0.012846472 -0.0012325225)
(0.044895063 0.014302401 0.00036234051)
(0.045204551 0.014128479 -0.00040112266)
(0.044992842 0.013944478 -0.0010240158)
(0.060460593 0.015223421 0.00038986368)
(0.060676797 0.015081002 -0.00019720449)
(0.060464083 0.014841144 -0.00080910192)
(0.077374555 0.015922178 0.00046740681)
(0.077620742 0.015692637 -5.9838743e-06)
(0.077443258 0.015407113 -0.00052089054)
(0.09568465 0.016306791 0.00057177011)
(0.095933323 0.015960128 0.00025883376)
(0.095769283 0.015692709 -0.00012505662)
(0.11505061 0.01620116 0.00067884802)
(0.11517665 0.016038984 0.00064437722)
(0.11506796 0.01566856 0.00024660714)
(0.13523882 0.015644416 0.00095374217)
(0.13532265 0.015334305 0.00094073848)
(0.13541421 0.015005753 0.00092538088)
(-0.00050399743 -1.0188139e-05 7.7555655e-05)
(-0.00052407295 -6.8707357e-05 5.2376176e-05)
(-0.0005412207 -5.7933358e-05 -1.2597993e-05)
(-0.001998168 1.8636658e-05 0.00015431223)
(-0.0020512414 -5.6396675e-06 0.0001155311)
(-0.002008491 -8.8766657e-06 6.2127909e-05)
(-0.0040193028 7.9641863e-05 0.00022700223)
(-0.004075608 7.4445782e-05 0.00017214787)
(-0.0040024337 9.0262439e-05 0.00012465062)
(-0.006419719 0.00012480905 0.00024377604)
(-0.0064481238 0.000148079 0.00019516692)
(-0.0064102752 0.00019551907 0.00016168093)
(-0.009024675 0.00018433804 0.00023599331)
(-0.0090130245 0.00024933459 0.00018801293)
(-0.0089906558 0.00030944022 0.00016070106)
(-0.011605392 0.00024355273 0.00018446339)
(-0.011522624 0.00034164799 0.00013686103)
(-0.011564116 0.00044140087 0.00011707405)
(-0.013886289 0.00031261329 9.1112421e-05)
(-0.013731445 0.00044449192 4.0781618e-05)
(-0.013813754 0.00054676945 5.100823e-05)
(-0.015571716 0.00038100508 -4.2899363e-05)
(-0.015373289 0.00052252524 -6.73646e-05)
(-0.015502328 0.00064763156 -5.6960033e-05)
(-0.016419466 0.00047649901 -0.00019031019)
(-0.016144921 0.00061396852 -0.00019519604)
(-0.016327661 0.0007272538 -0.00018589007)
(-0.016136565 0.00054517333 -0.00035665298)
(-0.015818628 0.00068307552 -0.00032930874)
(-0.016064252 0.00080967147 -0.00031906022)
(-0.014504914 0.0006760231 -0.00047587519)
(-0.014202065 0.0007636129 -0.00043307838)
(-0.014438241 0.00083072637 -0.00045039913)
(-0.011414618 0.00072191382 -0.0006140971)
(-0.01103232 0.00078734705 -0.00053603924)
(-0.011350057 0.00086653601 -0.00052119987)
(-0.0066190197 0.00077878474 -0.00071282744)
(-0.0062402867 0.00081402545 -0.00058339468)
(-0.0065815331 0.00083630571 -0.00060451151)
(-9.1020036e-05 0.00079614343 -0.00075823297)
(0.00033232759 0.00076474139 -0.00061058965)
(-5.5294822e-05 0.00076771494 -0.00066004939)
(0.008297146 0.00073853741 -0.00077232097)
(0.0086802103 0.00067944722 -0.00059066618)
(0.008307427 0.00066038026 -0.00066815179)
(0.018486677 0.00063258977 -0.00072331632)
(0.018907131 0.00052139565 -0.00056580324)
(0.018499247 0.00043874889 -0.00062835768)
(0.030522434 0.00042491576 -0.00065145876)
(0.030893702 0.00025001066 -0.00043633555)
(0.030540856 0.00014424917 -0.00055876067)
(0.044324552 0.0001081173 -0.00048772517)
(0.044686388 -6.9032379e-05 -0.00032513878)
(0.044318249 -0.00022221756 -0.00045131153)
(0.059782751 -0.00036256786 -0.00026214966)
(0.060078269 -0.00053948652 -0.00019346163)
(0.059763454 -0.0007188627 -0.00025990106)
(0.076750932 -0.00083849944 2.4537482e-05)
(0.076940199 -0.0010594101 3.1730771e-05)
(0.07677623 -0.0013315937 -6.7613028e-05)
(0.095029467 -0.0014873132 0.00021659246)
(0.095303114 -0.0016550368 0.00022439761)
(0.095045218 -0.0019546436 0.00023249532)
(0.1142727 -0.0022576694 0.00053461098)
(0.11442814 -0.0024699893 0.00056061403)
(0.11430641 -0.0028649514 0.00038333925)
(0.13467724 -0.0029374068 0.00074794573)
(0.1349883 -0.0031745587 0.00078800405)
(0.13487343 -0.0034131423 0.00069369113)
(-0.0005475991 0.00026891468 0.00025695625)
(-0.00056309319 0.00028275129 -1.4996607e-05)
(-0.00055144483 0.00028224957 -0.00018444915)
(-0.0020950812 0.00085068186 0.0003442944)
(-0.0021329895 0.00081978169 7.2626823e-05)
(-0.0020590177 0.0008280288 -0.00016792253)
(-0.0040627306 0.0012519069 0.00032535258)
(-0.0041090124 0.0012733152 0.00013557865)
(-0.0040703213 0.0012628354 -4.5222755e-05)
(-0.0064454211 0.0014746924 0.00026248081)
(-0.0064415454 0.0015203824 0.00016109809)
(-0.0064450871 0.001514198 5.6862276e-05)
(-0.0090289718 0.0015186552 0.00017408513)
(-0.0089803736 0.0015975841 0.00016875834)
(-0.009023647 0.0015960094 0.0001675105)
(-0.011573871 0.0013690759 5.618376e-05)
(-0.011469163 0.0014567661 0.00014639058)
(-0.011584632 0.0014620232 0.00025030171)
(-0.013815494 0.0010075699 -0.00010413445)
(-0.01366677 0.0011057519 9.3186773e-05)
(-0.013828383 0.0011292283 0.00030549271)
(-0.01548161 0.0004334209 -0.00028680441)
(-0.015281681 0.00054990445 2.4119309e-05)
(-0.015494322 0.00057049871 0.00032240828)
(-0.016283211 -0.00034359647 -0.00047885565)
(-0.016062055 -0.00021965958 -9.65213e-05)
(-0.016304093 -0.00019138321 0.00032439075)
(-0.015995615 -0.0012900922 -0.00068788028)
(-0.01574623 -0.0011833164 -0.00018132948)
(-0.016004701 -0.0011780438 0.00030693911)
(-0.014385158 -0.0024250748 -0.00086199368)
(-0.014113504 -0.0023509854 -0.00028443931)
(-0.014376529 -0.0023184254 0.00026654298)
(-0.011254224 -0.0037291066 -0.00098731735)
(-0.01098136 -0.0036398602 -0.00036873326)
(-0.011286073 -0.003657167 0.00024467236)
(-0.0064880989 -0.0051471947 -0.001110755)
(-0.006229593 -0.0051110844 -0.00040700619)
(-0.0065203066 -0.0051233433 0.00025579222)
(2.9162128e-05 -0.0067040302 -0.0011669834)
(0.0002688309 -0.0066816481 -0.00044157855)
(2.2627557e-06 -0.0067168019 0.00022455511)
(0.0083547824 -0.0083487104 -0.0011940336)
(0.0085710778 -0.0083473375 -0.00044350547)
(0.0083363683 -0.0084121857 0.00023344008)
(0.018508769 -0.010038073 -0.001143022)
(0.018709508 -0.010108637 -0.00041584613)
(0.018496585 -0.01017972 0.00025273861)
(0.030473599 -0.011834139 -0.0010795832)
(0.03065158 -0.011882857 -0.00035786028)
(0.030470707 -0.011989392 0.00027843315)
(0.04414343 -0.013561408 -0.00098267532)
(0.044342656 -0.013737394 -0.00027441003)
(0.0441923 -0.013817916 0.00034539108)
(0.059517481 -0.015376021 -0.00075053164)
(0.059646407 -0.015501558 -0.00011490107)
(0.05955094 -0.015651122 0.00040750869)
(0.076260617 -0.017060287 -0.0005852159)
(0.076540468 -0.017226109 -1.6189801e-05)
(0.076426119 -0.017380526 0.00049613209)
(0.094366999 -0.018649812 -0.00029917437)
(0.094647708 -0.018920025 0.00022011949)
(0.094526872 -0.019080134 0.00059811577)
(0.11370939 -0.02015462 0.00010299418)
(0.11396518 -0.020381975 0.00040331887)
(0.11393748 -0.020500285 0.00068606786)
(0.13379448 -0.02135654 0.00045681363)
(0.13391703 -0.021505117 0.00062418131)
(0.13395085 -0.021829761 0.00066633515)
)
;

boundaryField
{
    free
    {
        type            calculated;
    }
    bottom
    {
        type            calculated;
    }
    traction
    {
        type            calculated;
    }
}


// ************************************************************************* //
