/*--------------------------------*- C++ -*----------------------------------*\
  =========                 |
  \\      /  F ield         | OpenFOAM: The Open Source CFD Toolbox
   \\    /   O peration     | Website:  https://openfoam.org
    \\  /    A nd           | Version:  6
     \\/     M anipulation  |
\*---------------------------------------------------------------------------*/
FoamFile
{
    version     2.0;
    format      ascii;
    class       pointScalarField;
    location    "3.9001788955960679";
    object      p;
}
// * * * * * * * * * * * * * * * * * * * * * * * * * * * * * * * * * * * * * //

dimensions      [1 -1 -2 0 0 0 0];

internalField   nonuniform List<scalar> 
625
(
200812.8
-352890.28
7408.3975
10293.199
466678.75
-521712.08
7425.5433
-2947.9342
150434.34
-45645.696
-46891.539
-16449.347
1251.1475
4275.9751
79537.286
89151.986
94644.185
94413.528
89039.394
91402.399
86575.935
84700.418
84374.169
82402.012
81123.389
75981.39
75249.044
72144.833
68455.93
65865.692
61091.304
57574.933
51705.554
46788.182
38479.939
31139.305
23012.022
-121411.72
-104088.97
-115682.95
-108490.93
-102524.12
-104851.09
-97308.294
-97099.661
-93987.117
-91421.035
-88734.024
-82952.936
-81279.649
-75914.294
-71972.086
-66928.47
-60320.02
-57261.15
-48845.04
-44047.067
-38862.774
-24829.338
-13334.644
264559.76
11415.385
-44454.05
-101409.28
-127224.94
-95935.194
-95499.065
-106667.32
-78645.846
-95538.263
-90660.477
-85721.31
-83642.331
-81232.468
-79804.644
-78153.005
-73534.352
-70458.278
-66372.667
-62481.661
-56423.06
-50754.759
-43568.932
-34395.168
-24371.442
-11842.298
8828.2236
-1702.4711
-5921.5838
24691.709
27618.565
43100.424
49915.339
61331.486
70410.696
77357.642
86214.828
90569.932
97132.495
104098.55
108247.22
109403.96
115349.57
117506.48
120839.8
123119.35
122373.75
135539.65
122427.76
143095.2
124031.07
126761.14
215918.13
241161.04
223529.66
-317328.96
-392297.35
-354498.91
14947.053
14023.144
15427.9
-6338.4373
292.81659
-5920.7829
44110.943
57099.383
57779.297
54256.457
54360.329
53639.88
51721.187
51327.509
50651.471
48110.088
45535.057
46976.235
45363.905
43713.687
42367.471
39726.666
36895.673
34756.653
28820.386
24134.475
18465.572
11108.005
12252.437
-25049.452
-24603.478
-26334.164
-17582.643
-21717.771
-17669.501
-20007.199
-17988.125
-17648.54
-17282.795
-14663.868
-14142.105
-13870.711
-12342.57
-10930.416
-9952.9493
-7180.0012
-6046.4401
-2243.6321
1432.7178
2418.3627
4363.8945
2976.607
-85980.62
-68808.089
-72357.724
-68032.639
-72590.109
-67807.514
-68203.521
-64301.76
-62168.233
-59860.227
-59024.559
-55993.757
-53305.971
-49762.646
-46357.275
-42242.91
-38892.318
-32414.578
-26558.831
-22743.294
-15879.56
-13462.588
-2326.7686
126061.75
142755.32
174838.7
-11657.858
-3458.2414
-12060.323
-92558.482
-35520.763
-19743.698
-171333.48
-163894.46
-149301.74
-140590.82
-136208.73
-134814.54
-117427.68
-107830.02
-111295.52
-109077.09
-100076.25
-97034.887
-107397.87
-97551.927
-100006.67
-103056.29
-92783.667
-92802.459
-102800.58
-91773.657
-86590.229
-99141.376
-86507.532
-88497.208
-95846.532
-85397.699
-85688.418
-92507.34
-82893.973
-83919.705
-89038.948
-80935.687
-81228.172
-88233.414
-77077.165
-76330.803
-82463.274
-74512.67
-75118.5
-80121.893
-70934.027
-72636.108
-74711.292
-67068.449
-68761.925
-69928.906
-62908.075
-64653.137
-64238.379
-58006.609
-59725.628
-55738.572
-52603.687
-54174.978
-49045.794
-47023.295
-47535.06
-41335.097
-40190.998
-40028.743
-31633.265
-31622.131
-30174.595
-22046.331
-22997.481
-24111.451
-14827.273
-12028.691
-11809.128
-16781.904
-19573.821
-22404.778
5559.0308
-493.86173
-513.56566
9013.2237
9765.4801
8669.4058
111690.27
112297.12
127866.08
124857.78
105587.38
129220.95
117943.66
109248.91
128328.09
111199.99
104633.99
125174.95
111111.29
105395.53
118085.44
105702.17
100178.5
116716.27
104898.47
98962.417
114674.24
102979.01
95337.006
111666.86
100269.22
93007.719
108947.24
96426.316
91762.359
106908.48
91801.206
90097.919
103405.58
92457.337
86114.467
95247.188
89002.312
82400.309
94685.944
85752.24
78984.563
91252.843
82041.412
74801.627
85702.384
77278.386
70517.56
80321.504
71317.642
64635.403
74484.336
62507.239
60926.5
66722.173
56962.45
53298.378
58562.912
47960.368
45563.289
49414.074
38160.5
38319.498
39728.596
28933.814
30880.288
27887.284
26138.055
28255.275
28332.861
71395.915
89063.673
71704.753
79704.816
77159.874
78587.157
76101.79
73720.182
71293.7
68572.746
64749.767
65520.337
62805.793
57127.233
55110.454
49907.768
45554.421
40885.834
35619.942
31066.806
21636.543
18119.523
8490.4062
-5662.7323
22008.476
13988.564
25553.861
26387.947
24956.579
24590.678
24935.16
24566.116
22870.872
23074.733
22032.041
19281.45
19818.21
17913.227
16518.251
15276.238
14165.051
12490.983
10570.708
9302.2159
7218.5158
7582.0874
-37339.58
-19582.898
-51285.856
-32870.991
-42642.416
-42374.943
-40011.9
-36750.383
-37901.363
-36142.991
-35293.815
-36314.889
-33851.434
-33442.425
-32393.572
-31047.097
-29847.576
-27634.977
-25391.758
-23116.088
-18421.926
-11262.305
-11628.297
81768.891
96761.315
96034.948
60989.894
89800.351
85703.638
53944.899
69160.767
81858.396
52300.396
73955.038
73365.181
52789.536
64953.004
72344.794
52256.196
65590.423
73723.457
47364.593
64505.173
70157.419
48555.914
62921.21
68264.591
45390.898
61525.147
67054.443
44586.319
59035.518
65673.369
46804.255
59694.047
60972.662
42523.564
53884.226
61547.221
41254.391
53892.006
58269.334
39482.306
51476.059
54837.173
37783.848
48755.431
51480.636
36137.176
44668.278
48922.658
32847.931
43076.946
44008.732
33822.115
37138.337
39964.932
27642.804
33513.711
33571.757
25747.177
28532.63
28671.371
19662.665
21659.437
22766.821
16132.412
15105.085
14468.541
-3013.9968
4074.837
5064.3797
-22784.602
-16682.362
1144.9096
-6579.4502
4351.733
10047.886
-3710.9743
2131.9734
7596.891
-6170.3312
6021.2015
2029.4684
-776.88157
5244.3393
10598.231
-5877.7092
8492.3735
6537.0353
-1253.6963
7043.6587
7706.8246
-2679.4549
8188.2461
6226.8185
-1951.781
6728.9815
7420.607
-1695.263
9169.116
6191.3907
-662.74457
6528.6119
6405.3612
-1150.7857
6735.4443
7164.858
-217.42801
7860.9855
5734.9861
667.56769
7313.049
5726.1722
771.00142
7630.8143
5037.8379
1919.475
7289.6176
4994.4806
1913.0657
7900.9668
4117.8043
2463.1404
6979.8969
3038.1528
1966.9182
5380.1593
3881.2638
1543.8582
6107.7626
4217.2325
2691.2245
4869.337
2847.0584
3907.2934
6392.9665
3211.7341
7015.3426
7937.8473
6875.5248
-66351.962
-70894.11
-53634.011
-64103.455
-42341.56
-45636.168
-56668.998
-69092.127
-53547.715
-67346.952
-53398.397
-52877.185
-59214.038
-61604.28
-48720.942
-57630.086
-56412.559
-50885.924
-56806.651
-56788.784
-49465.435
-54988.997
-56177.259
-48176.679
-54247.901
-54182.508
-46023.112
-53210.887
-51885.862
-45536.356
-49984.162
-51001.428
-44261.084
-49050.997
-48399.791
-43487.387
-45258.927
-48240.882
-41389.822
-44050.78
-45164.135
-39962.318
-40612.736
-43334.163
-38612.311
-38342.824
-40666.148
-36391.872
-33946.63
-37777.245
-33959.278
-31108.531
-34760.571
-31168.652
-27740.321
-29983.794
-26799.286
-22734.881
-24537.231
-23336.172
-19646.403
-19906.357
-19493.647
-8932.598
-13271.19
-11516.917
-5545.5178
-8743.4432
-6506.8596
)
;

boundaryField
{
    free
    {
        type            calculated;
    }
    bottom
    {
        type            calculated;
    }
    traction
    {
        type            calculated;
    }
}


// ************************************************************************* //
