/*--------------------------------*- C++ -*----------------------------------*\
  =========                 |
  \\      /  F ield         | OpenFOAM: The Open Source CFD Toolbox
   \\    /   O peration     | Website:  https://openfoam.org
    \\  /    A nd           | Version:  6
     \\/     M anipulation  |
\*---------------------------------------------------------------------------*/
FoamFile
{
    version     2.0;
    format      ascii;
    class       pointVectorField;
    location    "3.9001788955960679";
    object      u;
}
// * * * * * * * * * * * * * * * * * * * * * * * * * * * * * * * * * * * * * //

dimensions      [0 1 0 0 0 0 0];

internalField   nonuniform List<vector> 
625
(
(0 0 0)
(0 0 0)
(0.70097721 0.039866986 -0.066524679)
(0.68294206 -0.14895402 -0.064280518)
(0 0 0)
(0 0 0)
(0.68401954 -0.13263263 -0.065102306)
(0.70191791 0.055827934 -0.066820794)
(0 0 0)
(0 0 0)
(0 0 0)
(0.69607315 -0.0082139671 -0.066880225)
(0.69113717 -0.054292929 -0.065466482)
(0.68705062 -0.10059764 -0.065096711)
(0.00065727665 0.0047259928 0.0047414654)
(0.0038542181 0.0098242171 0.0048550144)
(0.010629739 0.015059346 0.0043830926)
(0.02030649 0.020252204 0.0033425843)
(0.032772942 0.02493244 0.0019677565)
(0.048188825 0.02971378 0.00029032663)
(0.066153801 0.033847206 -0.001758165)
(0.086708938 0.037942959 -0.0039455017)
(0.10992858 0.041509384 -0.0064942188)
(0.13554893 0.044759252 -0.0092690209)
(0.16360042 0.047694414 -0.012293347)
(0.19402329 0.050126979 -0.015735995)
(0.22666165 0.052273205 -0.019170148)
(0.26153154 0.053871852 -0.022945875)
(0.29843388 0.055110505 -0.026850138)
(0.33736901 0.055688957 -0.030916327)
(0.37816221 0.056038327 -0.035217654)
(0.42056281 0.055614985 -0.039406502)
(0.46474054 0.05460771 -0.043913717)
(0.51004162 0.053064267 -0.048302463)
(0.55664319 0.050852224 -0.052786493)
(0.60400097 0.048235511 -0.057283871)
(0.65176995 0.044471276 -0.061494153)
(-0.00041753502 -0.0048400726 -0.0060491994)
(0.0040452052 -0.010249529 -0.0055797616)
(0.010380539 -0.016516341 -0.0067347636)
(0.01980374 -0.022560118 -0.0073435879)
(0.031687135 -0.028526499 -0.0083908327)
(0.04660796 -0.034749744 -0.0096843343)
(0.063649265 -0.040817662 -0.011330188)
(0.083578252 -0.046969723 -0.013117)
(0.1057742 -0.053340223 -0.015306113)
(0.13045069 -0.059543301 -0.017649954)
(0.15739046 -0.066022171 -0.020333182)
(0.18671922 -0.072509718 -0.023049328)
(0.21823843 -0.079121931 -0.026107761)
(0.25185773 -0.085787993 -0.029299152)
(0.28760944 -0.0925328 -0.032633202)
(0.32529667 -0.099259432 -0.036100222)
(0.36493809 -0.10607176 -0.039610235)
(0.40627938 -0.11288112 -0.043302147)
(0.44938684 -0.11949374 -0.046814472)
(0.49376428 -0.12601562 -0.050476084)
(0.53963155 -0.13237785 -0.053990849)
(0.58646387 -0.13827211 -0.05761327)
(0.63414902 -0.14381918 -0.061202871)
(0 0 0)
(0 0 0)
(0 0 0)
(0.00037388542 -0.002301671 0.0040414759)
(0.0037997515 -0.010100879 0.0046752238)
(0.010134847 -0.012833767 0.0034048042)
(0.019545839 -0.018432733 0.0022532858)
(0.031855856 -0.023642516 0.001277123)
(0.046265678 -0.027940674 -0.00083330743)
(0.063785438 -0.033526776 -0.0023052933)
(0.083544985 -0.038419483 -0.0045388241)
(0.10580715 -0.043664712 -0.0068987587)
(0.13054318 -0.048962458 -0.0095415056)
(0.15760126 -0.054499853 -0.01246221)
(0.18690497 -0.060067053 -0.01544048)
(0.21851054 -0.065955611 -0.018842956)
(0.25220778 -0.071862205 -0.022359101)
(0.28802077 -0.078025634 -0.026091527)
(0.32578824 -0.084268751 -0.029963199)
(0.3654661 -0.090656182 -0.034005461)
(0.40690673 -0.097073664 -0.038160949)
(0.44995167 -0.1035175 -0.042407945)
(0.49454905 -0.10988754 -0.046777546)
(0.54034419 -0.11615477 -0.051170026)
(0.58740549 -0.12195286 -0.055696119)
(0.63500521 -0.12777342 -0.060174899)
(0.68829656 -0.084366598 -0.065595427)
(0.69200961 -0.038331984 -0.065692319)
(0.69694863 0.0074187408 -0.065612727)
(0.65296896 0.060549559 -0.063848626)
(0.60476074 0.063998905 -0.060157276)
(0.55761173 0.066601951 -0.056434884)
(0.51091124 0.068908698 -0.05285667)
(0.46562418 0.070246691 -0.049066316)
(0.42165286 0.070981943 -0.045361459)
(0.3792649 0.071012447 -0.041543303)
(0.33860467 0.070424731 -0.037849677)
(0.2997699 0.069195098 -0.03416178)
(0.26295999 0.067399403 -0.030586552)
(0.22820606 0.065040136 -0.027183833)
(0.19554975 0.062195924 -0.024004289)
(0.16528744 0.058847794 -0.020827295)
(0.13724853 0.054994787 -0.018077147)
(0.11165495 0.050768183 -0.015485604)
(0.088489089 0.046137193 -0.013191633)
(0.067896934 0.04116703 -0.011192281)
(0.049758099 0.035831393 -0.0094121936)
(0.034741365 0.030128608 -0.0079968124)
(0.021955542 0.024033398 -0.0066886266)
(0.012237758 0.018139469 -0.0061885338)
(0.0053252909 0.011525413 -0.0052037703)
(0.00325454 0.0055259356 -0.0035881728)
(0 0 0)
(0 0 0)
(0 0 0)
(0 0 0)
(0 0 0)
(0 0 0)
(0.68315978 -0.14520303 -0.064808492)
(0.6836136 -0.14128096 -0.064512915)
(0.68370464 -0.13736145 -0.06484602)
(0.7016976 0.044407143 -0.066575726)
(0.70184026 0.048175705 -0.066703793)
(0.702154 0.052431656 -0.066883194)
(-0.0014912407 0.0027019117 0.0031543651)
(0.0020312863 0.0049964229 0.0022418157)
(0.0085041381 0.0074797938 0.0017392452)
(0.0181179 0.0096902268 0.00067544924)
(0.030527552 0.011858333 -0.00062373701)
(0.04573133 0.013821234 -0.0022161249)
(0.063624956 0.015438581 -0.0041013544)
(0.084063793 0.016963458 -0.0062560185)
(0.10706623 0.017997967 -0.0086802073)
(0.13247897 0.018955433 -0.011381607)
(0.16026194 0.019478614 -0.014338221)
(0.19054701 0.019718506 -0.017513352)
(0.22294776 0.019607127 -0.020902034)
(0.257599 0.019140073 -0.024535979)
(0.29427574 0.018293859 -0.02826195)
(0.3330241 0.017070841 -0.032258901)
(0.37351584 0.01545999 -0.03622509)
(0.41590096 0.013509978 -0.040458281)
(0.45992512 0.010986346 -0.0446751)
(0.50511806 0.0080775406 -0.048872789)
(0.5517251 0.0048022483 -0.05327807)
(0.59908713 0.0011292973 -0.057616892)
(0.64733402 -0.0036402426 -0.061864683)
(-0.0023203782 0.00018306222 -0.00023986258)
(0.0016295954 -0.00040455276 -0.00092312749)
(0.0081896402 -0.00054740971 -0.0014076028)
(0.017559691 -0.00094883531 -0.0023309623)
(0.030012699 -0.0017294653 -0.0035119929)
(0.045052932 -0.0023533563 -0.0050011347)
(0.062712366 -0.0033118972 -0.0068026132)
(0.082992227 -0.0043813314 -0.0088408061)
(0.10571911 -0.0057013488 -0.011192466)
(0.13098154 -0.0071908734 -0.013698589)
(0.15851388 -0.0089083233 -0.01661513)
(0.18848065 -0.011003615 -0.019586445)
(0.22060535 -0.013217527 -0.022901745)
(0.25495231 -0.015735069 -0.026315974)
(0.29136786 -0.018515249 -0.029924318)
(0.32978963 -0.021567416 -0.033703271)
(0.3701273 -0.024890392 -0.037480232)
(0.41216941 -0.028377684 -0.041542288)
(0.45574851 -0.032261695 -0.045382474)
(0.5007533 -0.036314497 -0.049396901)
(0.54723681 -0.040576735 -0.05353902)
(0.59462497 -0.045188223 -0.057387916)
(0.64310135 -0.04970563 -0.061541812)
(-0.0023440093 -0.0024992598 -0.0025570775)
(0.0019167633 -0.0051074438 -0.0029765807)
(0.0081691994 -0.0080621247 -0.0036722185)
(0.017738344 -0.011296029 -0.0045669872)
(0.029959732 -0.014737165 -0.0057853155)
(0.044756213 -0.017966552 -0.0071905117)
(0.062359379 -0.021601185 -0.0089043187)
(0.08234103 -0.025163161 -0.010854026)
(0.10491185 -0.028923069 -0.013086438)
(0.12982644 -0.032924919 -0.015534644)
(0.15717821 -0.036909472 -0.018316397)
(0.18684625 -0.041197643 -0.021216721)
(0.21869778 -0.045589701 -0.024375478)
(0.25276614 -0.050159879 -0.027687794)
(0.28885742 -0.054896405 -0.031174322)
(0.32703446 -0.059795385 -0.034771613)
(0.36694706 -0.064775252 -0.038499457)
(0.40880617 -0.069856859 -0.042258816)
(0.45220056 -0.075092026 -0.046087879)
(0.49722109 -0.080271031 -0.050016701)
(0.54345288 -0.085668984 -0.053826534)
(0.59064029 -0.090707318 -0.057675271)
(0.63872198 -0.095801641 -0.061415915)
(0 0 0)
(0 0 0)
(0 0 0)
(0 0 0)
(0 0 0)
(0 0 0)
(0 0 0)
(0 0 0)
(0 0 0)
(0.0017388328 -0.001812163 -0.0022552206)
(0.0020919779 -0.0023060411 -0.00044908668)
(0.0017501467 -0.001678191 0.0015859083)
(0.0064769398 -0.010773851 -0.0030032587)
(0.0065126637 -0.01046043 -0.00064313992)
(0.0063307587 -0.0095789189 0.0022614646)
(0.012405717 -0.015604704 -0.0037167019)
(0.012843019 -0.014483599 -0.0013122456)
(0.012526172 -0.01400706 0.0014572982)
(0.021784711 -0.021709998 -0.0044306346)
(0.022312519 -0.020781342 -0.0021171873)
(0.021533261 -0.019273455 0.00035208563)
(0.033941668 -0.027623091 -0.0056384455)
(0.034149874 -0.026125018 -0.0034741626)
(0.033825915 -0.024966495 -0.00081568949)
(0.048352813 -0.033345948 -0.0070808225)
(0.048857333 -0.031567643 -0.0046527559)
(0.048441382 -0.029899675 -0.002502644)
(0.065707703 -0.039226861 -0.0086556224)
(0.066142267 -0.037496476 -0.0066620308)
(0.065481541 -0.035121099 -0.0041036554)
(0.08541782 -0.045196146 -0.010669463)
(0.085739718 -0.042768119 -0.0085227579)
(0.085433916 -0.040816757 -0.0062505976)
(0.1076 -0.051103436 -0.012833759)
(0.10805228 -0.04880081 -0.010821835)
(0.10762773 -0.046232069 -0.0085824716)
(0.13221926 -0.057198998 -0.015301564)
(0.1326196 -0.054544051 -0.013334194)
(0.13224625 -0.051805005 -0.011157877)
(0.15909144 -0.063382811 -0.018051514)
(0.15962135 -0.060502943 -0.016007958)
(0.15927113 -0.057569577 -0.014048418)
(0.18849892 -0.06981884 -0.020867395)
(0.18880912 -0.066521193 -0.019151668)
(0.18847063 -0.063320569 -0.016948131)
(0.219843 -0.076051591 -0.024031258)
(0.22027322 -0.072817171 -0.022218464)
(0.2199926 -0.069536627 -0.020320825)
(0.2534943 -0.082667149 -0.027292809)
(0.25389445 -0.079169705 -0.025637572)
(0.25364124 -0.0756319 -0.023780292)
(0.28913622 -0.089192285 -0.030766451)
(0.28954625 -0.085591076 -0.029190958)
(0.28932255 -0.08192143 -0.027432298)
(0.32679858 -0.095888842 -0.034345665)
(0.32718482 -0.092111789 -0.032864782)
(0.32700551 -0.088331834 -0.031228868)
(0.36627444 -0.10253046 -0.038027185)
(0.36667791 -0.098686431 -0.036708756)
(0.36653725 -0.094832361 -0.035180145)
(0.40752542 -0.10908267 -0.041809577)
(0.40795991 -0.10531004 -0.040594034)
(0.40785653 -0.10133601 -0.039217876)
(0.45040866 -0.11582309 -0.045543095)
(0.45083395 -0.11182157 -0.044550175)
(0.45073669 -0.10782845 -0.043334295)
(0.49476667 -0.12215476 -0.049444584)
(0.49517206 -0.11827006 -0.048570233)
(0.49514001 -0.1142468 -0.047560423)
(0.54041952 -0.12851458 -0.053267806)
(0.54077733 -0.12455551 -0.052521634)
(0.54076953 -0.12043077 -0.051777965)
(0.58711325 -0.13436445 -0.057120931)
(0.58749967 -0.1304176 -0.056612706)
(0.58761834 -0.12648322 -0.056141331)
(0.6346382 -0.14015215 -0.060932736)
(0.63488948 -0.13609295 -0.060731679)
(0.63509576 -0.13200016 -0.060442029)
(0.69686708 -0.0038298893 -0.066181667)
(0.69700522 0.00018803894 -0.066139029)
(0.69726857 0.0041617581 -0.066015713)
(0.69126692 -0.050343722 -0.065450513)
(0.69190906 -0.046354509 -0.065650896)
(0.69177831 -0.042425092 -0.065748637)
(0.68754211 -0.096896969 -0.065241903)
(0.68800759 -0.092887006 -0.065276005)
(0.68799134 -0.088713344 -0.065315662)
(0.0030233687 0.0040627246 0.0025782867)
(0.0036528446 0.0045589403 0.0007837092)
(0.004142574 0.0048803682 -0.00096153659)
(0.0066093388 0.0097733472 0.0024095814)
(0.0070015829 0.010480436 0.00026746486)
(0.0073050124 0.010688183 -0.0028470007)
(0.013289366 0.015618341 0.0021058845)
(0.013851753 0.016467319 -0.00052202378)
(0.014188839 0.017388194 -0.0033500123)
(0.022710211 0.02098581 0.00096928869)
(0.023639687 0.021996361 -0.0014480255)
(0.023748442 0.022947248 -0.0042975488)
(0.035391982 0.026158211 -0.00032977863)
(0.036122919 0.027512908 -0.0026710272)
(0.036144654 0.029016013 -0.0054312657)
(0.050463313 0.031180385 -0.001938501)
(0.051325765 0.03256672 -0.0042547126)
(0.051543701 0.034112949 -0.0070013233)
(0.068537268 0.035585936 -0.0039081902)
(0.069307409 0.037463319 -0.0060562826)
(0.069465929 0.039177808 -0.0087987349)
(0.089083782 0.039784794 -0.0060944039)
(0.089783294 0.041894379 -0.0082448824)
(0.089985641 0.043937895 -0.010887343)
(0.11218015 0.043694591 -0.0085642632)
(0.11291061 0.046035128 -0.010692033)
(0.11312243 0.048291779 -0.013216556)
(0.13775233 0.047123059 -0.011298726)
(0.13848912 0.049739584 -0.013378685)
(0.13864263 0.052251629 -0.015885131)
(0.16564578 0.050421357 -0.014229062)
(0.1664979 0.053149145 -0.016455373)
(0.16667006 0.055796279 -0.018659181)
(0.19611526 0.053035553 -0.017648759)
(0.19671919 0.056046676 -0.019397407)
(0.19684785 0.058947553 -0.022012938)
(0.22868192 0.055323373 -0.021050558)
(0.22930067 0.058487871 -0.022989066)
(0.22944912 0.061696726 -0.025198536)
(0.26344636 0.057143095 -0.024771175)
(0.26404129 0.060497782 -0.026522568)
(0.26420404 0.06378122 -0.028717751)
(0.3002843 0.058513628 -0.028590716)
(0.30083118 0.062036854 -0.030311608)
(0.30096054 0.065442524 -0.032389709)
(0.33911456 0.059376266 -0.032622979)
(0.33962071 0.062936145 -0.034207913)
(0.33972493 0.066562873 -0.036187018)
(0.3797853 0.059639988 -0.036717121)
(0.38015893 0.063465575 -0.03821265)
(0.38033369 0.067071183 -0.040018854)
(0.42199636 0.059434785 -0.040958624)
(0.4225792 0.063181653 -0.042274466)
(0.42262353 0.066969355 -0.04398516)
(0.46603453 0.058582453 -0.045224328)
(0.4663823 0.062414446 -0.046376779)
(0.46644928 0.066280161 -0.047864849)
(0.51116257 0.057080025 -0.049465633)
(0.51156714 0.061069614 -0.050523652)
(0.51164912 0.064883156 -0.051846505)
(0.55764343 0.055081534 -0.053818027)
(0.55803469 0.058824331 -0.054722397)
(0.55799062 0.062860315 -0.055618579)
(0.60478827 0.052051545 -0.058117238)
(0.60516148 0.056085325 -0.058681154)
(0.60523671 0.060097787 -0.059436493)
(0.65292676 0.049062007 -0.062119637)
(0.65302386 0.052779223 -0.06273244)
(0.65335731 0.056790369 -0.063066208)
(-0.00011253469 0.0019872506 -0.0026915085)
(0.0032634048 0.008007704 -0.0035186525)
(0.0095849067 0.010199719 -0.0036354452)
(0.019476969 0.013995332 -0.00477671)
(0.031934338 0.0172075 -0.006026405)
(0.047136694 0.020194837 -0.0073518191)
(0.065001872 0.022934482 -0.0091992186)
(0.085443821 0.025458873 -0.011219743)
(0.10846894 0.027606495 -0.013553348)
(0.13384192 0.029457734 -0.016089961)
(0.16174599 0.030997083 -0.018974964)
(0.19180487 0.032099237 -0.02196607)
(0.22420695 0.032668542 -0.025258493)
(0.25880729 0.032930956 -0.028615825)
(0.29541985 0.032744173 -0.032254503)
(0.33406289 0.031983062 -0.035892748)
(0.37456353 0.030773501 -0.039692717)
(0.41681235 0.029024132 -0.043517416)
(0.4606377 0.026788689 -0.047373658)
(0.50592097 0.023933608 -0.051265424)
(0.55242014 0.020602386 -0.05507261)
(0.59981051 0.016810488 -0.058812743)
(0.64817921 0.012252715 -0.062424975)
(-0.0021468124 0.0014555946 -0.00029267643)
(0.0020289519 0.0024316655 -0.00081771372)
(0.0086424139 0.0023083726 -0.0013864845)
(0.018590765 0.0032951727 -0.0025310337)
(0.030683176 0.0037254949 -0.003759982)
(0.045923749 0.0040512814 -0.0052591611)
(0.063535068 0.0041912449 -0.0070120072)
(0.083850221 0.0042169876 -0.0091180826)
(0.10661974 0.0039052847 -0.011451528)
(0.13183333 0.0034248868 -0.014013855)
(0.15945903 0.0025098916 -0.01689556)
(0.18933312 0.0014917279 -0.019919489)
(0.22149849 -0.00011591129 -0.023157027)
(0.25585931 -0.0017879124 -0.02667384)
(0.29225806 -0.0040504279 -0.030256342)
(0.33071548 -0.0065649808 -0.034023711)
(0.37098436 -0.009455563 -0.037881377)
(0.41307315 -0.012731959 -0.041833513)
(0.45674304 -0.016341761 -0.045805983)
(0.50188454 -0.020322524 -0.049869017)
(0.54834558 -0.024413917 -0.053797501)
(0.59564722 -0.029041072 -0.057905883)
(0.64451366 -0.033736315 -0.061912175)
(-0.0024376626 -0.0015514046 0.0016062254)
(0.002488498 -0.0023312703 0.00099169311)
(0.008764997 -0.0057556398 0.0013207045)
(0.018095697 -0.0065168276 -0.00033453485)
(0.030400278 -0.009281244 -0.0011679831)
(0.045422365 -0.011546431 -0.0028947678)
(0.062809681 -0.013884117 -0.0046363342)
(0.082916627 -0.016402606 -0.0067927038)
(0.10551648 -0.019212398 -0.0090942846)
(0.13047816 -0.022124677 -0.011721098)
(0.15787095 -0.025246872 -0.014602416)
(0.18745693 -0.028705932 -0.017604634)
(0.21940224 -0.032200511 -0.020966985)
(0.25347829 -0.036153948 -0.024428745)
(0.28961352 -0.040263703 -0.028083677)
(0.32776422 -0.044611205 -0.031908721)
(0.36780862 -0.049227754 -0.035832214)
(0.40961974 -0.054042917 -0.039884357)
(0.45305462 -0.059020877 -0.043997419)
(0.49801 -0.06413088 -0.04817985)
(0.54415089 -0.069279728 -0.052388171)
(0.59160267 -0.074503538 -0.056772364)
(0.6395637 -0.079386462 -0.060886333)
(0.0003083169 0.0013425416 0.0014947078)
(0.00045045054 0.0016916449 0.00055393106)
(0.00095458025 0.0018157102 -0.00067107419)
(0.0043069728 0.0054682724 0.00099482758)
(0.0050431239 0.0060117147 -0.0004439429)
(0.0049817663 0.0064010916 -0.0022148481)
(0.010946569 0.0080268264 0.00034293609)
(0.011461269 0.0085013045 -0.001039336)
(0.011604487 0.0095563492 -0.002425615)
(0.020468565 0.010602144 -0.00069301975)
(0.021338061 0.011906855 -0.0020535765)
(0.021201041 0.01269666 -0.0034209551)
(0.032988945 0.013152369 -0.0019766373)
(0.033651696 0.014349708 -0.0032465222)
(0.033686425 0.015644706 -0.0045209171)
(0.048107717 0.015195526 -0.003574497)
(0.048781795 0.016924373 -0.0047781731)
(0.04885688 0.018445023 -0.0062089659)
(0.065919647 0.017230846 -0.005334295)
(0.066703516 0.019121233 -0.0066889596)
(0.066653932 0.020836623 -0.0078935566)
(0.086311104 0.0189052 -0.007540307)
(0.08699042 0.021048117 -0.0087028868)
(0.087018504 0.023060665 -0.0099932735)
(0.10927592 0.020267792 -0.0098870621)
(0.10994043 0.022690895 -0.011112666)
(0.11001023 0.024978819 -0.012349323)
(0.13462459 0.021468829 -0.012599891)
(0.13532982 0.024051243 -0.013735947)
(0.1353395 0.026504274 -0.014931057)
(0.16243422 0.022189666 -0.015539216)
(0.1630747 0.025008239 -0.016613867)
(0.16312141 0.02786903 -0.017760124)
(0.19255714 0.022667699 -0.018648388)
(0.19322898 0.025771403 -0.019785619)
(0.19319257 0.028659298 -0.020939469)
(0.22491756 0.022739127 -0.022021399)
(0.22548231 0.02594933 -0.023107496)
(0.22555304 0.029157604 -0.024173436)
(0.25945326 0.022462606 -0.025601764)
(0.26003577 0.025918656 -0.02662139)
(0.2600764 0.029179685 -0.027670002)
(0.29605971 0.021810516 -0.029323569)
(0.29659608 0.025338104 -0.030299898)
(0.29663745 0.02885675 -0.031302548)
(0.33467854 0.020727398 -0.033190336)
(0.335183 0.024438082 -0.034157788)
(0.33521212 0.028017486 -0.035047909)
(0.37516137 0.019288256 -0.037276958)
(0.37554148 0.023024567 -0.038042507)
(0.37562765 0.026732991 -0.03892362)
(0.41719598 0.017366032 -0.041234947)
(0.41777773 0.021105063 -0.042078007)
(0.41778186 0.024953696 -0.042812571)
(0.46107653 0.01493508 -0.04542546)
(0.46147242 0.018900009 -0.046079714)
(0.46147254 0.022749489 -0.046793867)
(0.5061096 0.012189737 -0.049588255)
(0.50654157 0.016036386 -0.050151792)
(0.50660196 0.019945106 -0.050779836)
(0.55253627 0.0089262875 -0.053853456)
(0.55296357 0.01272598 -0.054225196)
(0.55297706 0.016742925 -0.054661498)
(0.59982604 0.0050826531 -0.05800626)
(0.60012296 0.0091582854 -0.058082723)
(0.60017803 0.013080504 -0.058586355)
(0.64787766 0.00070017352 -0.062050709)
(0.64812191 0.0046488791 -0.062131928)
(0.64835604 0.0085805481 -0.062197279)
(-0.00089066627 8.03728e-05 -0.00021285215)
(-0.00065789743 0.00069788894 -0.00015420983)
(-0.00042321608 0.00066571617 6.8606145e-05)
(0.003525645 0.00026609402 -0.00094130078)
(0.0041126604 0.000828135 -0.00072511489)
(0.0039135033 0.0012954401 -0.00087374598)
(0.010250878 6.6886949e-05 -0.001509706)
(0.010884291 0.00082222336 -0.0011135236)
(0.010607768 0.0017993329 -0.0013417279)
(0.019758326 -0.0001150659 -0.0024502195)
(0.020600426 0.0009936376 -0.0021760473)
(0.02019682 0.0018788369 -0.0023655448)
(0.032116965 -0.00044517934 -0.0036242907)
(0.032845269 0.00079106614 -0.0032500795)
(0.032499889 0.0023049973 -0.0036744111)
(0.047038527 -0.00092280838 -0.0051309769)
(0.047888402 0.00067951645 -0.0048753308)
(0.04750978 0.0022772187 -0.0051376421)
(0.06473633 -0.0015284499 -0.0069383762)
(0.065516367 0.00020954265 -0.0066190268)
(0.065192084 0.0021746783 -0.0068623544)
(0.084936245 -0.0024164879 -0.0089816152)
(0.085715407 -0.00032314129 -0.0086842872)
(0.085359989 0.0018482599 -0.0089848055)
(0.10764609 -0.0034296419 -0.011294396)
(0.10840111 -0.0011339051 -0.011031512)
(0.10815243 0.001283831 -0.011300941)
(0.13277951 -0.0046748699 -0.013899851)
(0.13360272 -0.002181409 -0.013611484)
(0.13324765 0.00055458365 -0.013887189)
(0.16040886 -0.0062397751 -0.016682691)
(0.16103347 -0.0034664381 -0.016458293)
(0.16084306 -0.00061664341 -0.01677669)
(0.19021459 -0.0080437972 -0.019741629)
(0.19094689 -0.0050590354 -0.019562288)
(0.19068319 -0.0018892287 -0.01978292)
(0.22234163 -0.010074314 -0.023066183)
(0.22300142 -0.0069045336 -0.022818013)
(0.22276662 -0.003661607 -0.023067127)
(0.25659881 -0.012425812 -0.026489128)
(0.25726874 -0.0091002735 -0.02628511)
(0.25702941 -0.0055905128 -0.026530115)
(0.29295881 -0.015030778 -0.030109405)
(0.29355526 -0.011550404 -0.029900466)
(0.29338864 -0.0079463329 -0.030181813)
(0.3312848 -0.017944171 -0.033874338)
(0.33192124 -0.014358297 -0.033715024)
(0.33168027 -0.010615388 -0.033926704)
(0.37148023 -0.021131466 -0.037719421)
(0.37201342 -0.017467636 -0.03752186)
(0.37189675 -0.013624127 -0.037793405)
(0.41343613 -0.024624166 -0.041650427)
(0.41400435 -0.020859835 -0.041522806)
(0.41384023 -0.01693683 -0.041767511)
(0.45702098 -0.028498193 -0.045559862)
(0.45748964 -0.024577934 -0.045536394)
(0.45733886 -0.020592309 -0.045732043)
(0.50199168 -0.032403452 -0.049501733)
(0.50235167 -0.028493303 -0.049593753)
(0.50242236 -0.024567755 -0.049765344)
(0.54826019 -0.036708579 -0.053632782)
(0.54876056 -0.032662936 -0.053641754)
(0.54861153 -0.028708897 -0.053727267)
(0.59538535 -0.041203969 -0.057530129)
(0.59565563 -0.037184568 -0.057593449)
(0.59570995 -0.033311499 -0.057858983)
(0.64363597 -0.045709604 -0.06165993)
(0.64413507 -0.041730643 -0.061674768)
(0.64417602 -0.03765709 -0.061829894)
(-0.00081784651 -0.0013847446 -0.0011593126)
(-0.0009196119 -0.0012918033 0.00041268588)
(-0.00066005771 -0.00112297 0.00092907315)
(0.0042967314 -0.0044735848 -0.0015614501)
(0.0047797718 -0.0032946918 -0.00037625877)
(0.0042710794 -0.003081292 0.00060205119)
(0.010433866 -0.0073300055 -0.0023414794)
(0.010889487 -0.0069074917 -0.0010310885)
(0.010603377 -0.0062186858 8.2513086e-05)
(0.020101318 -0.010482931 -0.0032075486)
(0.020433593 -0.009019983 -0.0020123028)
(0.020221049 -0.0081316366 -0.00090454065)
(0.032175081 -0.013408746 -0.0044052979)
(0.032672509 -0.012160089 -0.0032004103)
(0.032321018 -0.010839697 -0.0022734085)
(0.047036951 -0.016610795 -0.0058930124)
(0.047412703 -0.014887508 -0.0047949248)
(0.047228877 -0.013320736 -0.0037397459)
(0.06451269 -0.019911659 -0.0076226069)
(0.064971416 -0.017880434 -0.0064319307)
(0.064676962 -0.01611037 -0.0055765052)
(0.084473808 -0.02321499 -0.0096082111)
(0.084868273 -0.021036459 -0.0085613353)
(0.084667057 -0.018928496 -0.0076197701)
(0.10699654 -0.026789308 -0.011885909)
(0.10743905 -0.024280016 -0.010823382)
(0.10718373 -0.021876434 -0.0099565645)
(0.13189939 -0.030464124 -0.014380662)
(0.13228266 -0.027741056 -0.013413211)
(0.13208806 -0.025187867 -0.012527233)
(0.15914532 -0.034247431 -0.017197389)
(0.15960631 -0.031415355 -0.01617883)
(0.15943564 -0.028469815 -0.015386994)
(0.18876905 -0.038347379 -0.020141518)
(0.1891637 -0.035198743 -0.019227359)
(0.18897859 -0.032161697 -0.018420724)
(0.22054649 -0.042513375 -0.023367978)
(0.2209646 -0.039256046 -0.02247311)
(0.22080755 -0.035948763 -0.021674905)
(0.25454131 -0.046942499 -0.026734613)
(0.25491906 -0.043478794 -0.025862897)
(0.25480172 -0.040001172 -0.025168737)
(0.29058225 -0.051522137 -0.030290754)
(0.29094675 -0.047920029 -0.029498769)
(0.29088687 -0.044328953 -0.028802855)
(0.32861682 -0.05625985 -0.033954494)
(0.3289911 -0.052600061 -0.033210522)
(0.3289136 -0.048785177 -0.032570514)
(0.36854004 -0.061194578 -0.037767051)
(0.3688311 -0.057352552 -0.037074281)
(0.36886133 -0.053502572 -0.036493242)
(0.41015525 -0.066183189 -0.041677569)
(0.41055805 -0.062418674 -0.041023126)
(0.410557 -0.058384682 -0.040483206)
(0.45350424 -0.071389437 -0.045568781)
(0.45373583 -0.067440401 -0.044988614)
(0.45382696 -0.063407291 -0.044550601)
(0.49809842 -0.076547515 -0.049560264)
(0.49856989 -0.072606345 -0.049092994)
(0.49864628 -0.068537901 -0.048660397)
(0.54408386 -0.081737705 -0.05355639)
(0.54451093 -0.077864027 -0.053091246)
(0.5445135 -0.073758961 -0.052818333)
(0.59122687 -0.086984804 -0.05737182)
(0.59162054 -0.083039934 -0.05716481)
(0.591791 -0.078809088 -0.056944927)
(0.63906628 -0.091976366 -0.061334013)
(0.63937298 -0.087849856 -0.061223913)
(0.6395761 -0.083925672 -0.061267738)
)
;

boundaryField
{
    free
    {
        type            calculated;
    }
    bottom
    {
        type            calculated;
    }
    traction
    {
        type            calculated;
    }
}


// ************************************************************************* //
