/*--------------------------------*- C++ -*----------------------------------*\
  =========                 |
  \\      /  F ield         | OpenFOAM: The Open Source CFD Toolbox
   \\    /   O peration     | Website:  https://openfoam.org
    \\  /    A nd           | Version:  6
     \\/     M anipulation  |
\*---------------------------------------------------------------------------*/
FoamFile
{
    version     2.0;
    format      ascii;
    class       pointScalarField;
    location    "4.49988870777448646";
    object      p;
}
// * * * * * * * * * * * * * * * * * * * * * * * * * * * * * * * * * * * * * //

dimensions      [1 -1 -2 0 0 0 0];

internalField   nonuniform List<scalar> 
625
(
1269121.4
-1820356.4
11465.973
15720.325
2235089.4
-3922811.7
11363.005
1128.0862
990466.78
-100953.18
-66507.607
-9826.6934
5465.305
9722.8424
543420.95
570957.26
580052.38
549735.99
491694.84
479022.78
423472.92
388243.68
362968.15
322026.72
292395.89
252496.94
225685.54
196291.37
168562.68
145888.97
124550.14
100306.11
83585.912
66590.107
49654.514
34662.037
25024.922
-630406.76
-488429.6
-558882.04
-455734.63
-428580.51
-427305.63
-357623.87
-350481.33
-317626.99
-284435.33
-264300.5
-226911.66
-206448.65
-175894.64
-154212.69
-129122.12
-105887.36
-87854.685
-66445.392
-52384.999
-37725.607
-18637.755
-5645.8467
1225540.5
-307886.33
-416561.68
-710727.86
-833707.86
-599850.87
-545517.71
-633092.89
-451641.88
-507640.48
-435960.68
-378325.73
-345143.67
-305016.8
-268202.31
-236364.24
-200761.71
-170787.71
-144898.29
-117364.42
-95220.884
-74703.484
-53889.111
-34869.767
-22627.424
-3235.0773
14689.63
1153.4525
-1542.7358
24590.016
30605.174
50959.297
67700.792
91988.592
115500
141088.97
170192.06
194959.61
229260.9
264381.23
300362.41
322540.4
363869.99
393433.95
435331.65
470048.23
483997.66
588316.06
519030.71
674714.08
585493.2
631018.15
1345425.6
1334058.2
1227332.4
-1665144.7
-2311496.1
-2384166.3
19699.175
18267.166
20582.303
-980.92208
4760.4172
-845.96255
320411.75
378733.09
357702.61
321414.75
300801.07
280894.39
251486.64
233628.62
210549.71
183846.07
161354.55
147614.63
129865.37
111477.56
97940.303
82095.929
68969.627
58382.03
43204.813
34095.812
24348.01
16340.231
15655.882
-94025.312
-65473.398
-79683.903
-32002.234
-58284.485
-33374.149
-43839.07
-37180.101
-32713.074
-30966.238
-27621.8
-23038.703
-22655.104
-17728.952
-14151.014
-11182.274
-4659.6438
-3233.302
1976.2533
6524.4094
7195.0273
8960.5148
8330.0192
-435829.23
-277711.53
-337361.52
-257953.88
-308089.77
-246386.93
-255656.86
-220225.04
-199573.8
-185658.05
-165024.23
-148799.24
-131434.89
-112854.32
-96958.997
-79582.792
-66008.166
-51542.897
-36089.164
-27555.617
-15511.847
-9168.2178
2449.547
770371.11
797208.32
910051.16
-29696.942
-81325.309
-211912.49
-353561.47
-146511.01
-117924.58
-1054946.2
-1073292.5
-1052143.4
-742517.39
-768882.88
-835100.92
-622834.04
-619027.33
-674177.12
-516829.2
-510959.37
-541927.58
-494552.29
-496390.08
-533200.61
-442707.93
-431997.71
-443060.1
-419798.89
-410646.65
-402949.16
-381255.71
-359016.97
-379138.43
-345254
-332040.48
-341918.16
-311276.8
-294619.98
-305709.48
-275746.75
-264504.13
-273984.63
-252184.38
-230302.72
-235847.39
-215803.86
-204534.39
-210085.99
-193031.35
-174387.76
-182833.45
-162114.73
-148607.3
-154588.82
-137285.85
-124558.06
-129519.98
-113201.53
-101660.43
-105351.11
-86183.578
-81087.858
-83276.985
-67353.659
-62695.443
-63710.504
-47815.59
-45873.044
-45579.747
-29120.91
-28398.859
-26998.544
-15525.886
-16287.162
-16688.144
-5807.6525
-2615.7611
-2931.9807
-10199.388
-13198.166
-13242.671
9398.6483
4300.7387
5189.1785
13848.994
15440.975
14647.146
680717.65
641527.72
701741.79
700102.62
568279.78
647173.83
655663.1
591835.22
637930.27
589032.54
521223.76
572491.23
559329.79
513908.7
535496.35
508828.77
458684.1
488683.15
473059.65
431537.53
453468.19
431315.01
388570.09
418109.58
393952.59
356672.28
380465.21
347579.96
325323.81
347775.21
311427.21
295420.2
312018.42
283756.52
262639.21
265397.84
246658.33
230319.96
242941.05
217834.1
202487.64
216957.45
187167.1
176009.72
185784.96
160488.31
149074.61
158677.65
129415.87
125581.72
134008.24
108077.99
104490.56
109026.84
85227.203
82656.284
86423.673
64729.957
62958.711
66605.867
46109.429
46653.29
47667.281
31829.574
33082.106
31680.513
24684.093
27944.453
26876.894
274656.45
388449.92
302875.38
345400.86
311548.22
296780.58
288403.2
256658.7
239788.14
214235.53
192812.84
178843.02
164252.45
137734.66
124306.81
105605.08
88366.611
74174.907
59197.941
47682.708
32511.87
24944.574
14505.06
-108988.6
8301.758
-3019.4026
22890.32
46875.753
41510.142
38105.881
47907.317
42870.415
43714.266
43595.711
45757.77
35131.551
37503.705
35383.786
30291.962
28058.541
25419.635
20955.807
16950.001
14719.177
11368.667
11190.392
-323334.16
-207129.5
-377932.01
-284249.09
-290186.82
-297779.92
-245670.89
-229704.33
-208605.38
-184229.08
-162116.75
-147956.84
-126156.32
-109051.61
-93191.291
-78493.046
-65460.044
-52248.785
-41343.761
-32550.024
-21654.734
-9361.2004
-8116.0225
459375.9
507165.57
435469.89
355257.73
463953.17
391704.65
295938.95
322259.58
337574.8
271155.76
339217.23
294132.37
273793.69
273863.68
280810.34
247253.86
270211.95
271066.72
214363.91
243516.6
243861.91
212921.41
228306.24
227389.02
176331.95
209056.52
207427.54
170640.49
187396.29
194788.35
155094.51
176623.05
168041.92
134147.86
143600.2
159358.89
119367.52
134173.34
142037.17
104295.05
119156.37
122713.46
91481.874
100358.28
105497.75
77459.372
85883.946
94336.2
65783.289
74242.183
77277.279
58711.529
58564.654
64279.925
43549.482
47557.356
51118.869
37176.176
39013.156
39243.24
25401.496
26982.925
28861.429
20268.683
20108.529
18367.627
1900.5016
7475.9386
8247.857
-105380.4
-158807.35
-102611.53
-12532.855
-17496.637
-50817.491
-12379.911
-36431.094
-41966.833
-22905.247
-7153.0733
-55443.052
8933.7631
-3951.9543
-14497.509
-18720.102
8609.0635
-22197.639
10511.748
13542.957
-11605.75
-3438.2682
15977.312
-10180.456
6082.3501
14564.202
-1443.275
4094.1194
25548.823
-974.37145
10973.754
15301.779
85.880491
7548.5535
17676.703
7954.042
7206.6065
22406.673
8881.8934
9814.3091
20115.314
9159.3444
7916.9905
20498.979
10415.891
9914.3183
19749.793
12331.799
8654.232
19809.551
10801.42
9349.5068
16495.328
10441.914
9035.0188
14107.563
13025.736
8663.9612
14089.415
11393.64
9573.037
11383.258
11028.571
10642.136
12056.524
8986.031
11718.663
11529.223
10574.311
-369247.55
-479900.11
-402474.82
-328675.77
-262689.15
-335070.63
-279284.55
-413918.03
-357919.8
-359479.22
-296531.74
-372823.7
-276759.5
-329010.53
-313398.1
-262851.81
-285080.24
-307268.13
-246988.74
-268271.56
-284413.71
-216220.06
-254502.2
-251827.82
-205939.32
-219982.31
-228653.91
-184259.31
-204361.95
-207586.95
-161494.99
-182398.73
-181095.13
-146282.2
-160662.5
-159532.18
-123050.66
-145043.22
-138214.6
-109564.83
-123170.12
-119974.59
-91819.498
-106755.91
-102782.72
-78667.912
-88754.875
-86300.398
-62762.395
-73538.224
-71266.568
-51066.3
-58681.766
-57203.715
-39237.478
-44118.84
-42704.89
-28662.697
-31719.36
-31017.353
-21650.257
-21234.173
-23079.314
-5649.7349
-9087.8646
-8771.4938
-2018.8363
-4731.821
-3075.5383
)
;

boundaryField
{
    free
    {
        type            calculated;
    }
    bottom
    {
        type            calculated;
    }
    traction
    {
        type            calculated;
    }
}


// ************************************************************************* //
