/*--------------------------------*- C++ -*----------------------------------*\
  =========                 |
  \\      /  F ield         | OpenFOAM: The Open Source CFD Toolbox
   \\    /   O peration     | Website:  https://openfoam.org
    \\  /    A nd           | Version:  6
     \\/     M anipulation  |
\*---------------------------------------------------------------------------*/
FoamFile
{
    version     2.0;
    format      ascii;
    class       pointVectorField;
    location    "4.49988870777448646";
    object      u;
}
// * * * * * * * * * * * * * * * * * * * * * * * * * * * * * * * * * * * * * //

dimensions      [0 1 0 0 0 0 0];

internalField   nonuniform List<vector> 
625
(
(0 0 0)
(0 0 0)
(2.962161 -0.51754685 0.027408645)
(2.7209006 -1.1669977 -0.013024035)
(0 0 0)
(0 0 0)
(2.7546703 -1.1901456 -0.015053986)
(2.9955465 -0.54103229 0.026136683)
(0 0 0)
(0 0 0)
(0 0 0)
(2.9011143 -0.68042359 0.016470766)
(2.8409309 -0.84162913 0.007128666)
(2.7814 -1.003554 -0.0031427979)
(0.0088563069 0.030481122 0.028752863)
(0.032333183 0.06399468 0.031147389)
(0.076203589 0.093536273 0.034921163)
(0.13711011 0.11886814 0.036122799)
(0.21222093 0.13736149 0.037763951)
(0.30296442 0.15049978 0.039263506)
(0.40399929 0.15557994 0.040444497)
(0.51646692 0.15474474 0.041678547)
(0.63819143 0.14653013 0.042859488)
(0.76765724 0.13186128 0.043283506)
(0.90427385 0.11134536 0.043901458)
(1.0466576 0.084457357 0.043569814)
(1.1941222 0.052651121 0.043401459)
(1.345653 0.015692113 0.042711804)
(1.5006068 -0.025485874 0.041809017)
(1.658423 -0.070825138 0.040509351)
(1.8182103 -0.1191132 0.039249791)
(1.9798976 -0.17067742 0.037600903)
(2.1426968 -0.22489311 0.035859388)
(2.3061423 -0.28070815 0.034184731)
(2.4702397 -0.33847663 0.032383469)
(2.6343986 -0.39690042 0.030679099)
(2.7980884 -0.45681906 0.029358133)
(-0.0072323257 -0.026017441 -0.037078322)
(0.017467894 -0.050854465 -0.031037364)
(0.050192409 -0.084931664 -0.03603743)
(0.10208609 -0.11730786 -0.030801314)
(0.16227283 -0.14938698 -0.029870937)
(0.23901281 -0.18827741 -0.026771798)
(0.32239122 -0.22447482 -0.024969122)
(0.41927714 -0.26652363 -0.021728695)
(0.52325574 -0.31036211 -0.020271487)
(0.63667419 -0.35576865 -0.017774957)
(0.75732279 -0.4051967 -0.016147335)
(0.88494749 -0.45593739 -0.014326337)
(1.0185717 -0.50943641 -0.01311363)
(1.1575566 -0.56459933 -0.012048987)
(1.3013995 -0.62160883 -0.011343283)
(1.4492509 -0.67991462 -0.010893628)
(1.6009013 -0.73956251 -0.010613012)
(1.7551576 -0.79987363 -0.010886844)
(1.9125289 -0.86097307 -0.010819373)
(2.0714536 -0.9221624 -0.011293976)
(2.2323306 -0.98377012 -0.011568252)
(2.3943177 -1.0450216 -0.012196133)
(2.5572493 -1.1060677 -0.012849197)
(0 0 0)
(0 0 0)
(0 0 0)
(0.0060655731 -0.017306522 0.025435506)
(0.026360388 -0.069507195 0.029690389)
(0.065557526 -0.088059547 0.024061759)
(0.11572253 -0.12515307 0.020195581)
(0.1823989 -0.16750198 0.020997409)
(0.25786447 -0.19823644 0.015805385)
(0.34426701 -0.24356432 0.017021434)
(0.44143282 -0.2835437 0.014417062)
(0.54721009 -0.32864124 0.013173242)
(0.66163595 -0.37581579 0.011858519)
(0.78345499 -0.4252296 0.010169196)
(0.91204267 -0.47673294 0.0089853096)
(1.0466472 -0.53055935 0.007067031)
(1.1867318 -0.58608972 0.0052483532)
(1.3313457 -0.6431824 0.0033204535)
(1.4800576 -0.70191889 0.001287663)
(1.6323088 -0.76151926 -0.00088181667)
(1.7874428 -0.82216376 -0.0030495165)
(1.945007 -0.88337829 -0.0051944343)
(2.1046195 -0.94488347 -0.0073877468)
(2.2656123 -1.0066493 -0.0094454371)
(2.428034 -1.0680625 -0.011374925)
(2.5907437 -1.1293827 -0.013119739)
(2.8152454 -1.02693 -0.0047881398)
(2.8743128 -0.86488653 0.005863298)
(2.9343417 -0.70417575 0.016569738)
(2.8316978 -0.48024317 0.026244898)
(2.6674363 -0.42023564 0.026824817)
(2.5032351 -0.36168213 0.027205195)
(2.3388389 -0.30356957 0.027256574)
(2.1748679 -0.24743643 0.02727773)
(2.0115623 -0.193262 0.026965972)
(1.8493634 -0.14154482 0.026538985)
(1.6886913 -0.092687335 0.025659731)
(1.5300339 -0.047306838 0.024582787)
(1.3741421 -0.0055937381 0.023033669)
(1.2214063 0.031592498 0.021102728)
(1.072684 0.064383066 0.018346753)
(0.92912118 0.091456389 0.016108932)
(0.79107181 0.11308903 0.012649673)
(0.6598799 0.12880421 0.0089824016)
(0.53663626 0.13805733 0.0049765099)
(0.42253256 0.14133021 0.0002531291)
(0.31842648 0.13702609 -0.0035573651)
(0.22802281 0.12675247 -0.0091166456)
(0.14806565 0.10878854 -0.012328327)
(0.085797104 0.087998007 -0.01892381)
(0.037514199 0.058526228 -0.021192836)
(0.018582727 0.028878549 -0.017910759)
(0 0 0)
(0 0 0)
(0 0 0)
(0 0 0)
(0 0 0)
(0 0 0)
(2.7290903 -1.1730203 -0.013883997)
(2.737633 -1.1790533 -0.013878121)
(2.7458035 -1.1848032 -0.014537387)
(2.9711242 -0.52321151 0.027095391)
(2.9793792 -0.52916647 0.026682505)
(2.9878814 -0.53487835 0.026320177)
(-0.0052894099 0.018227189 0.020689259)
(0.019519103 0.036620134 0.016925489)
(0.060557559 0.051668305 0.019654487)
(0.11894915 0.062582253 0.020449822)
(0.19177962 0.068663045 0.022061981)
(0.2787335 0.069222703 0.023404711)
(0.37665951 0.063457392 0.02499878)
(0.48572862 0.052428324 0.026356068)
(0.60358439 0.03512235 0.027356281)
(0.72949615 0.012667893 0.028346078)
(0.86262461 -0.015230845 0.028932192)
(1.0019914 -0.048501002 0.0292404)
(1.1464232 -0.085904926 0.029261433)
(1.2952615 -0.12778699 0.028916007)
(1.4478568 -0.17319713 0.028402224)
(1.6035301 -0.22201839 0.027497858)
(1.7616388 -0.27353663 0.026569042)
(1.9218608 -0.32747231 0.025238264)
(2.0836255 -0.38362783 0.023931178)
(2.2462004 -0.44103494 0.022636305)
(2.4098302 -0.4998164 0.021088492)
(2.5735117 -0.55921733 0.019726662)
(2.7373216 -0.61995728 0.018414949)
(-0.012914908 0.0045651134 -0.00014168209)
(0.013100315 0.005340796 -0.0017470008)
(0.05136762 0.0071598952 0.0013005794)
(0.10681767 0.0048534539 0.0024672581)
(0.17739227 -0.0034658229 0.0045204382)
(0.26035191 -0.014416145 0.0065081868)
(0.35455358 -0.030848326 0.0082720835)
(0.45963985 -0.052075888 0.0099485942)
(0.57328308 -0.077676694 0.011471648)
(0.69587747 -0.10852532 0.013105696)
(0.82495613 -0.14314887 0.013661545)
(0.96080867 -0.18255828 0.014809091)
(1.101834 -0.22540475 0.015130673)
(1.2478332 -0.27173646 0.015340676)
(1.3976972 -0.32120704 0.015264368)
(1.5510797 -0.37322738 0.014767348)
(1.707245 -0.42769867 0.014382747)
(1.8657665 -0.4837513 0.01331541)
(2.0259607 -0.5415551 0.012642208)
(2.1875644 -0.60040681 0.01158251)
(2.3504159 -0.66030338 0.010338767)
(2.5136745 -0.72067336 0.0093648241)
(2.6777653 -0.78145834 0.008091169)
(-0.015797466 -0.011373748 -0.014434939)
(0.010044376 -0.021378983 -0.013190952)
(0.044891981 -0.033751258 -0.014595103)
(0.10015948 -0.050856546 -0.012505213)
(0.16640805 -0.072619789 -0.011084614)
(0.24560357 -0.094533656 -0.0092368304)
(0.33656421 -0.12362038 -0.0072139838)
(0.4368131 -0.153915 -0.0053531447)
(0.54704024 -0.18920411 -0.003431747)
(0.66472858 -0.22803167 -0.0019621987)
(0.79040999 -0.26975441 -0.00067599434)
(0.92238222 -0.31563793 0.00057919596)
(1.0599688 -0.36377909 0.0012048743)
(1.2027435 -0.41504109 0.0018376231)
(1.3496712 -0.46848559 0.0020277384)
(1.5005378 -0.52411421 0.0020296011)
(1.6543193 -0.5812792 0.0017933549)
(1.8110222 -0.63983487 0.0013027579)
(1.9697457 -0.69955986 0.00077777009)
(2.1303617 -0.75996801 -9.8478604e-05)
(2.2921152 -0.82102461 -0.00082466684)
(2.4547682 -0.8819427 -0.0016386461)
(2.6180512 -0.94300584 -0.002486326)
(0 0 0)
(0 0 0)
(0 0 0)
(0 0 0)
(0 0 0)
(0 0 0)
(0 0 0)
(0 0 0)
(0 0 0)
(0.0088818748 -0.0096510548 -0.016095387)
(0.013063914 -0.014046612 -0.0059839375)
(0.013326499 -0.011741619 0.0076922744)
(0.034031749 -0.060904071 -0.018509008)
(0.036829295 -0.064082605 -0.0052476391)
(0.038933832 -0.064376606 0.013571391)
(0.066675449 -0.087670734 -0.020606138)
(0.073634296 -0.087391807 -0.006164788)
(0.075611636 -0.093223089 0.011531969)
(0.11555368 -0.12221594 -0.017094396)
(0.12229525 -0.12682899 -0.0052184695)
(0.12182086 -0.12601477 0.0087765419)
(0.17842885 -0.15893584 -0.017266742)
(0.18402909 -0.16154835 -0.0068026633)
(0.18755207 -0.16820307 0.0086967474)
(0.25076747 -0.19399367 -0.015961182)
(0.25891475 -0.19885768 -0.004187417)
(0.26132052 -0.20061397 0.0064812921)
(0.33649859 -0.2339803 -0.013646845)
(0.34332834 -0.23987086 -0.0053651075)
(0.3461651 -0.24133007 0.0075619571)
(0.43112812 -0.2753068 -0.012916219)
(0.43851809 -0.27845926 -0.0041364401)
(0.44239248 -0.28496264 0.0062918091)
(0.53527353 -0.31830778 -0.011252007)
(0.54285195 -0.32504184 -0.0036735993)
(0.5469919 -0.32830283 0.0057772264)
(0.64817976 -0.36515623 -0.010070611)
(0.65566359 -0.37011117 -0.0033397861)
(0.66039298 -0.37496205 0.0053197059)
(0.76818308 -0.41333833 -0.0093062764)
(0.77613234 -0.41958642 -0.002855614)
(0.78126396 -0.42421262 0.0043330416)
(0.89558739 -0.46507517 -0.0082095289)
(0.90345939 -0.47011851 -0.003320999)
(0.90911386 -0.4750333 0.0039112502)
(1.0289477 -0.51742785 -0.0078092368)
(1.0368597 -0.52338916 -0.0028885767)
(1.0426281 -0.52871697 0.0026571957)
(1.1676643 -0.57290855 -0.0073358669)
(1.1756295 -0.57866907 -0.003459276)
(1.182067 -0.58380081 0.0014604513)
(1.3112052 -0.62937704 -0.0074309051)
(1.319372 -0.6351936 -0.004013377)
(1.3260088 -0.64043172 0.00017409619)
(1.4589338 -0.68758444 -0.0075572713)
(1.4671047 -0.69336101 -0.0047712183)
(1.474112 -0.69877316 -0.0013401341)
(1.6101875 -0.74676108 -0.0080179442)
(1.618518 -0.75261691 -0.0057728391)
(1.6257646 -0.75807645 -0.0029546051)
(1.7646196 -0.80671773 -0.0086854121)
(1.7729132 -0.81280327 -0.0068724621)
(1.7804448 -0.81826674 -0.0046638441)
(1.9214 -0.86775919 -0.0092495847)
(1.9298963 -0.87355997 -0.0079961748)
(1.9375827 -0.87913334 -0.0063717972)
(2.0805136 -0.92863493 -0.010228134)
(2.0889092 -0.93468273 -0.009288296)
(2.0967856 -0.94032698 -0.0081725414)
(2.2410651 -0.99013535 -0.01103457)
(2.2495076 -0.9960041 -0.010420899)
(2.2576241 -1.0016209 -0.0098642152)
(2.403002 -1.0511842 -0.011995311)
(2.4114522 -1.0571562 -0.01177564)
(2.4195858 -1.0629885 -0.011583753)
(2.5656257 -1.112314 -0.012930863)
(2.5740463 -1.118127 -0.013024174)
(2.582483 -1.1239338 -0.013021418)
(2.9100995 -0.6862594 0.016787882)
(2.9184472 -0.692053 0.016580123)
(2.9267556 -0.69796044 0.016451122)
(2.8491854 -0.84749307 0.006869882)
(2.8578917 -0.85346013 0.0064047989)
(2.8658864 -0.85919484 0.0060417514)
(2.7897765 -1.0097705 -0.0035839107)
(2.7983872 -1.0157731 -0.0039425837)
(2.8066145 -1.0213132 -0.0042110318)
(0.021779622 0.025697568 0.015504848)
(0.023444159 0.026331388 0.0047632436)
(0.025765517 0.027461897 -0.0047182617)
(0.046015592 0.058353201 0.016478865)
(0.047275159 0.059391159 0.005332726)
(0.048319674 0.058153921 -0.010212678)
(0.090274562 0.089127151 0.021448512)
(0.093100134 0.088909753 0.0077491892)
(0.095663031 0.088872957 -0.0055424825)
(0.1491904 0.11309083 0.022598441)
(0.15471949 0.11112102 0.010614423)
(0.15584387 0.10987949 -0.0025351918)
(0.22634961 0.1319137 0.025158829)
(0.23100695 0.1298552 0.014058265)
(0.23330948 0.12944457 0.0020561343)
(0.31470857 0.14430912 0.027525246)
(0.32062253 0.14010456 0.017292898)
(0.32411637 0.13814082 0.005770987)
(0.4167818 0.14864997 0.02959915)
(0.42277237 0.14526433 0.020403857)
(0.42611924 0.14272412 0.0091732621)
(0.52866662 0.14703181 0.03160943)
(0.53463317 0.143189 0.023008958)
(0.53918063 0.14045313 0.013022403)
(0.64983531 0.13885815 0.033531359)
(0.65660082 0.13459641 0.025421664)
(0.66130939 0.1311954 0.01641292)
(0.77915578 0.12417659 0.035012554)
(0.78616212 0.11950492 0.027660171)
(0.7912686 0.1159192 0.019404845)
(0.91530839 0.10377223 0.036478808)
(0.92286238 0.098438622 0.029172202)
(0.92834137 0.094197398 0.022306449)
(1.05786 0.076813062 0.036783974)
(1.0650647 0.071408441 0.031553746)
(1.0709372 0.067497514 0.023713296)
(1.2048147 0.044922148 0.037331097)
(1.2123821 0.039544956 0.031769428)
(1.2188371 0.035554401 0.025962272)
(1.3562697 0.0082933597 0.037255008)
(1.3639997 0.0028234075 0.032755367)
(1.370745 -0.0018696484 0.027360314)
(1.5109921 -0.032796747 0.03712973)
(1.5189267 -0.038431155 0.03297837)
(1.5258589 -0.043162989 0.028310697)
(1.6686041 -0.077758049 0.036383851)
(1.6765458 -0.083448179 0.032944126)
(1.6838279 -0.088356058 0.028916119)
(1.828233 -0.12617499 0.035777202)
(1.8363842 -0.13176532 0.032747834)
(1.8438935 -0.13692992 0.029298112)
(1.9895237 -0.17736502 0.034654122)
(1.9978861 -0.18321749 0.032106243)
(2.0054996 -0.18841047 0.029236351)
(2.1522503 -0.23115266 0.033465262)
(2.1604634 -0.23699192 0.031443256)
(2.1683265 -0.24228832 0.029140206)
(2.3154768 -0.28697012 0.03221843)
(2.3239218 -0.29266978 0.030571493)
(2.3318448 -0.29823947 0.028710748)
(2.4794813 -0.34432398 0.030848857)
(2.4877316 -0.35044056 0.029544973)
(2.4957824 -0.35585923 0.028346021)
(2.6431442 -0.40316114 0.029560232)
(2.6516157 -0.40891794 0.02869785)
(2.6598448 -0.41454312 0.027722822)
(2.8073721 -0.46256824 0.028538749)
(2.8155584 -0.46856598 0.027724334)
(2.8239441 -0.47438119 0.027151223)
(0.0012195796 0.008712721 -0.011231263)
(0.027212166 0.036903403 -0.011805774)
(0.069454882 0.041378778 -0.0056772007)
(0.13148582 0.053238269 -0.0051267634)
(0.20669243 0.056132463 -0.0016213375)
(0.29520316 0.054320316 0.0021438892)
(0.3952497 0.047793511 0.0046152136)
(0.50549909 0.034654245 0.0077232031)
(0.62524594 0.016509635 0.010328354)
(0.75257011 -0.0071818837 0.012811197)
(0.88740363 -0.035779304 0.014652231)
(1.0276878 -0.069181061 0.016627795)
(1.1731743 -0.10742614 0.01767968)
(1.3232502 -0.14967682 0.01897466)
(1.4768618 -0.19525056 0.019426354)
(1.6333927 -0.24426052 0.019836601)
(1.7923301 -0.29608952 0.019917734)
(1.9531665 -0.35020659 0.019687177)
(2.1153511 -0.40632722 0.019360569)
(2.2785355 -0.46414667 0.018765194)
(2.4423968 -0.52305917 0.018145596)
(2.6063479 -0.58280821 0.01745513)
(2.7706131 -0.64353651 0.016811555)
(-0.0091980738 0.0049794605 0.0017596973)
(0.019699134 0.0063257767 0.002286292)
(0.061560732 -0.00093078632 0.0034357155)
(0.12238292 -0.0039934245 0.0041253016)
(0.19285114 -0.014001932 0.0050696642)
(0.27915614 -0.028021178 0.0069313766)
(0.37436926 -0.045925371 0.0083736605)
(0.48132497 -0.068430678 0.0097854562)
(0.59661018 -0.095752209 0.011054961)
(0.72040053 -0.12702548 0.012177073)
(0.85087028 -0.16311834 0.013091778)
(0.98793001 -0.20250019 0.013566346)
(1.1299728 -0.24626606 0.014125348)
(1.2771296 -0.29284364 0.014089191)
(1.4279281 -0.34254573 0.013802858)
(1.5820915 -0.39505743 0.013459643)
(1.7389747 -0.44955271 0.012770579)
(1.8980841 -0.50603848 0.011915115)
(2.058828 -0.56406736 0.011027955)
(2.2208895 -0.62322213 0.0098913079)
(2.3840491 -0.68316963 0.0089607026)
(2.5472382 -0.74367187 0.0077324654)
(2.7116816 -0.80502593 0.0066472042)
(-0.012644013 -0.01072086 0.012685825)
(0.021240203 -0.016391314 0.0100866)
(0.060060723 -0.045656024 0.016869284)
(0.11488122 -0.053410306 0.011688689)
(0.18525722 -0.082236797 0.014003351)
(0.26618129 -0.10817205 0.013245333)
(0.35782814 -0.13567768 0.013302204)
(0.4605483 -0.16987123 0.013268772)
(0.57152708 -0.20595437 0.013231583)
(0.69075114 -0.24574692 0.013110697)
(0.81747786 -0.28879448 0.012556839)
(0.95016701 -0.33514135 0.012252586)
(1.0890377 -0.3838656 0.011348385)
(1.2326212 -0.43577213 0.010405375)
(1.3803508 -0.48948733 0.0092976704)
(1.531914 -0.54543474 0.0079758042)
(1.6864769 -0.60299113 0.006518825)
(1.8435778 -0.66185095 0.0049322434)
(2.0027376 -0.72185892 0.0033124656)
(2.1635591 -0.78250374 0.0016785787)
(2.325511 -0.84360161 6.3365579e-05)
(2.4883666 -0.90499577 -0.0017039268)
(2.6516939 -0.96607246 -0.0029735594)
(0.004821441 0.0087382966 0.0096911267)
(0.0048168424 0.0098171919 0.0039880533)
(0.0076047606 0.0092850777 -0.0023138629)
(0.03218302 0.034602191 0.0086498915)
(0.036432063 0.034147428 0.0015787595)
(0.035930826 0.032735118 -0.0069776811)
(0.074106596 0.047000631 0.011095214)
(0.077048751 0.043827593 0.0047803184)
(0.079123675 0.043787874 -0.0013255776)
(0.13182358 0.057407851 0.012359106)
(0.13844024 0.056686212 0.0064186106)
(0.13838084 0.053359564 0.00031020001)
(0.20557506 0.06317184 0.014333454)
(0.2105434 0.059496802 0.008866213)
(0.21308673 0.056893269 0.0041082237)
(0.29129403 0.062009274 0.016247158)
(0.2974578 0.059285455 0.011753148)
(0.30015764 0.055987827 0.0054977291)
(0.38925474 0.05628275 0.01875024)
(0.39616374 0.052660242 0.013304542)
(0.39884716 0.049005758 0.0092155189)
(0.49773134 0.045013707 0.020103973)
(0.50427554 0.040795726 0.01605733)
(0.50789125 0.036803365 0.011318086)
(0.61531346 0.027312249 0.022109988)
(0.62241007 0.023091517 0.018076679)
(0.62659961 0.018687362 0.013958064)
(0.74103195 0.0051157883 0.023267562)
(0.74829614 -5.3620318e-05 0.01963535)
(0.75271838 -0.0047407568 0.015997917)
(0.87397318 -0.023314103 0.024339631)
(0.88133814 -0.028580508 0.021391374)
(0.88649728 -0.032898443 0.01798049)
(1.0127704 -0.05622298 0.02526262)
(1.0205846 -0.061515007 0.022145577)
(1.0259249 -0.066404302 0.019108117)
(1.1570559 -0.09363207 0.025645418)
(1.1647535 -0.098945042 0.022958387)
(1.170723 -0.10383014 0.020305159)
(1.3056159 -0.13523513 0.025822769)
(1.3136517 -0.14060751 0.023553438)
(1.3198332 -0.1459766 0.020997962)
(1.4580424 -0.18043295 0.025582895)
(1.4660412 -0.18615808 0.023531046)
(1.4726617 -0.19126952 0.021433856)
(1.6134511 -0.22905903 0.02522212)
(1.6216957 -0.23458436 0.023411612)
(1.6285846 -0.23997501 0.021520146)
(1.7715207 -0.2803162 0.024345135)
(1.7796654 -0.28608548 0.022974969)
(1.7868758 -0.29151268 0.021340722)
(1.9313091 -0.33406999 0.02365264)
(1.9397342 -0.33996942 0.022278263)
(1.9471332 -0.34537656 0.020949366)
(2.0928668 -0.38993051 0.022597619)
(2.1012491 -0.39563402 0.021502421)
(2.1088769 -0.40121188 0.020377314)
(2.2553565 -0.44713603 0.021392694)
(2.2637482 -0.45309209 0.020612803)
(2.2715642 -0.45873338 0.019614094)
(2.4187471 -0.50581203 0.02016959)
(2.4271516 -0.51180541 0.019593871)
(2.43516 -0.51748374 0.018834542)
(2.5822892 -0.56534192 0.019003003)
(2.5906836 -0.57119901 0.018756748)
(2.5987914 -0.57688025 0.017962393)
(2.7460857 -0.62568977 0.017969522)
(2.7544515 -0.63157803 0.017612628)
(2.762769 -0.63750776 0.017308186)
(-0.0037290999 0.0016674242 -0.0014020781)
(-0.0019685956 0.0040586116 -0.0014749276)
(0.00037668839 0.0028849844 0.0013266945)
(0.024111159 0.0052124523 -0.0036230959)
(0.028344382 0.0047428562 -0.0019657008)
(0.028149259 0.0027912946 -0.00053396914)
(0.06467191 0.0027460087 -0.00068131572)
(0.069805588 0.00088705242 0.0028028053)
(0.070306636 0.00065519291 0.0021953534)
(0.12001328 -0.00066136831 0.00053535461)
(0.12701134 -0.0031354061 0.0020412392)
(0.12665898 -0.0066406286 0.0021837139)
(0.19058781 -0.0086053277 0.0026833967)
(0.19673045 -0.01271507 0.0053308983)
(0.19769849 -0.013691529 0.0036525003)
(0.27237895 -0.020850693 0.0048718579)
(0.2801297 -0.025081546 0.0063186238)
(0.28146791 -0.028081362 0.0058205092)
(0.36700459 -0.037339924 0.0063024782)
(0.37403577 -0.042852255 0.0080376386)
(0.37622676 -0.045540193 0.0073100049)
(0.4713962 -0.059309913 0.0084828628)
(0.47890707 -0.064384785 0.01029004)
(0.48147942 -0.067540604 0.0090329188)
(0.58486129 -0.085029396 0.010057887)
(0.59230171 -0.090934618 0.011084215)
(0.59607897 -0.094770275 0.010300122)
(0.70687104 -0.11586498 0.011470336)
(0.71487941 -0.12194538 0.012921301)
(0.71856058 -0.12533545 0.011657086)
(0.83610467 -0.15109332 0.012787544)
(0.84350344 -0.15672816 0.013545606)
(0.84837721 -0.16116121 0.012540762)
(0.97138981 -0.18998989 0.013627161)
(0.97950482 -0.19622284 0.014273353)
(0.98449397 -0.20022393 0.013414399)
(1.1124556 -0.23287161 0.01410516)
(1.1204287 -0.23879509 0.014880258)
(1.1258055 -0.24340572 0.013838617)
(1.2580586 -0.27901544 0.014366795)
(1.2661342 -0.28529755 0.014842742)
(1.2721082 -0.28995363 0.014056046)
(1.40785 -0.32832318 0.014365021)
(1.4159994 -0.33439222 0.014866075)
(1.4223867 -0.33923038 0.013800974)
(1.5609623 -0.38022299 0.014032037)
(1.5692526 -0.38636095 0.014241261)
(1.5759126 -0.39127935 0.013486891)
(1.7169574 -0.43435712 0.013528967)
(1.7252314 -0.44045758 0.013789988)
(1.7322783 -0.44562033 0.012922819)
(1.875195 -0.49048805 0.012839747)
(1.8836234 -0.49650711 0.012849587)
(1.8909594 -0.50172076 0.012075499)
(2.0353241 -0.54817529 0.012049692)
(2.0438156 -0.5540922 0.011880435)
(2.0513123 -0.55940992 0.011254741)
(2.1968773 -0.60690912 0.011142614)
(2.2052894 -0.61271529 0.010752843)
(2.2131846 -0.61836101 0.01018974)
(2.3594092 -0.6665876 0.0099264276)
(2.3681108 -0.67254737 0.0096831731)
(2.3758942 -0.67809937 0.0092259059)
(2.5224907 -0.72676856 0.0089333374)
(2.5309245 -0.73250482 0.008590585)
(2.5389343 -0.738306 0.0079881305)
(2.6863644 -0.78745624 0.007684742)
(2.6949785 -0.79338201 0.0074157274)
(2.7032339 -0.79907285 0.0069816723)
(-0.0054763783 -0.0065165203 -0.0077625279)
(-0.0054234248 -0.0072738394 0.0018005122)
(-0.0026252265 -0.0072726043 0.0063823493)
(0.025445096 -0.022074676 -0.0075161346)
(0.030629768 -0.017562761 -0.00025291247)
(0.029728651 -0.020275728 0.0061916027)
(0.060395374 -0.036845793 -0.0080479948)
(0.065502401 -0.043023543 0.00015734402)
(0.067115968 -0.043873391 0.0075208559)
(0.11545316 -0.057671938 -0.0075128225)
(0.12000812 -0.056580822 -0.00044941329)
(0.12252512 -0.059503495 0.0064715167)
(0.18102308 -0.077451492 -0.0052967426)
(0.18722825 -0.082343132 0.0015583993)
(0.19023389 -0.08362321 0.0071618328)
(0.26009229 -0.1027234 -0.0047441361)
(0.26567282 -0.10589133 0.00092507879)
(0.26985381 -0.10911538 0.0067817108)
(0.35009794 -0.13132556 -0.0026958267)
(0.35671252 -0.13512628 0.0034675044)
(0.3605451 -0.13809519 0.0078060394)
(0.44998418 -0.16209842 -0.0012148147)
(0.45625412 -0.16698246 0.0034281161)
(0.46131499 -0.17033724 0.0078812499)
(0.55956052 -0.19802476 0.0001275213)
(0.56651305 -0.20250595 0.0046765761)
(0.57168179 -0.20615435 0.0085048904)
(0.67704058 -0.23649772 0.0013940652)
(0.68392096 -0.24142763 0.0052995246)
(0.68954277 -0.24573353 0.0088522792)
(0.80201742 -0.27841051 0.0022616481)
(0.80926661 -0.28404495 0.0058662036)
(0.81545028 -0.28801018 0.0088045984)
(0.93366789 -0.32412446 0.0032099576)
(0.94103287 -0.32931265 0.0062091261)
(0.9472837 -0.33397642 0.0087999622)
(1.0708847 -0.37207642 0.0034685659)
(1.0783072 -0.3777497 0.0060656642)
(1.0851149 -0.38238266 0.0085158583)
(1.2132941 -0.42320555 0.0037668183)
(1.2209729 -0.4286735 0.0061020914)
(1.2280191 -0.43358833 0.0078959713)
(1.3600097 -0.47640494 0.0036639071)
(1.3677555 -0.4820453 0.005504962)
(1.3751584 -0.48709827 0.0071174382)
(1.5105234 -0.53168058 0.0033738496)
(1.5184495 -0.53741351 0.0048962238)
(1.5260167 -0.5424417 0.0061912984)
(1.6641919 -0.58873308 0.0027844858)
(1.6721891 -0.59430915 0.0040772284)
(1.6800813 -0.5996693 0.0050320791)
(1.82052 -0.64690954 0.0020343423)
(1.8286963 -0.65292532 0.0030109764)
(1.8367034 -0.65810942 0.0037484013)
(1.9790877 -0.70654075 0.0012573885)
(1.9872673 -0.71219539 0.0019226082)
(1.9954303 -0.71761092 0.002427978)
(2.1391509 -0.76651185 0.00027314559)
(2.1476749 -0.77252341 0.00066448995)
(2.1558414 -0.77802968 0.0010461446)
(2.3007869 -0.82714441 -0.00075928282)
(2.3092217 -0.83318603 -0.00049251476)
(2.317425 -0.83867494 -0.00032063541)
(2.4633158 -0.88819091 -0.0016188227)
(2.471748 -0.89419035 -0.0016671803)
(2.4801961 -0.89971378 -0.0016839795)
(2.6264131 -0.94909483 -0.0026746101)
(2.6349127 -0.95488919 -0.0028147245)
(2.6432172 -0.9607493 -0.0031502237)
)
;

boundaryField
{
    free
    {
        type            calculated;
    }
    bottom
    {
        type            calculated;
    }
    traction
    {
        type            calculated;
    }
}


// ************************************************************************* //
