/*--------------------------------*- C++ -*----------------------------------*\
  =========                 |
  \\      /  F ield         | OpenFOAM: The Open Source CFD Toolbox
   \\    /   O peration     | Website:  https://openfoam.org
    \\  /    A nd           | Version:  6
     \\/     M anipulation  |
\*---------------------------------------------------------------------------*/
FoamFile
{
    version     2.0;
    format      ascii;
    class       pointScalarField;
    location    "4.10008216632227906";
    object      p;
}
// * * * * * * * * * * * * * * * * * * * * * * * * * * * * * * * * * * * * * //

dimensions      [1 -1 -2 0 0 0 0];

internalField   nonuniform List<scalar> 
625
(
634848.3
-1026991.5
9387.2387
12906.169
1259606.6
-1755949.5
9443.9726
-1098.2655
464081.65
-100608.17
-116484.15
-14256.979
2939.979
6628.2046
252008.25
274779.6
281122.56
270086.49
248036.74
243456.07
220455.72
207068.09
196846.84
182728.88
169567.06
151355.52
141138.4
127145.61
114429.67
103730.14
91680.176
79315.319
68099.528
57913.887
45441.055
34201.762
24675.092
-342833.02
-280405.34
-309077.41
-268218.29
-250273.72
-247121.66
-215263.25
-208582.22
-192041.2
-177051.4
-163638.88
-145651.31
-134702.79
-118511
-106793.7
-93090.185
-79409.022
-69289.031
-56284.032
-47299.82
-38659.208
-22025.051
-10089.579
687789.44
-45701.651
-156933.87
-323706.93
-394510.94
-283298.2
-272429.39
-305270.92
-218147.05
-250973.12
-224335.21
-202272.06
-188733.53
-172312.67
-158529.95
-145305.41
-128913.89
-115363.72
-102640.29
-88568.589
-76282.495
-63864.631
-50186.129
-36291.608
-25045.892
-8260.22
11675.101
-667.06569
-4176.8791
25129.512
29769.193
46959.205
58157.69
75067.724
90172.12
105114.9
122145.84
135699.37
153703.01
172985.18
190986.76
201655.44
221592.23
237452.06
254714.03
271980.81
278782.43
328612.06
298492.23
367226.04
327643.3
346030.99
656588.35
710434.37
657310.16
-910478.5
-1190112.5
-1182286.9
17737.373
16637.109
18283.615
-4507.9098
2426.2504
-3655.437
138840.86
174277.06
166729.49
155005.31
146233.72
140467.76
129510.73
122418.18
115214.42
102909.86
93860.833
89816.544
82329.187
74277.3
68387.639
60358.94
53232.424
47622.568
37673.632
30678.157
22470.693
14232.95
14361.046
-63405.279
-54077.219
-57265.85
-34510.165
-44269.751
-30240.997
-35057.039
-29298.93
-26449.822
-24474.761
-20224.749
-17877.968
-16630.627
-13348.649
-10715.273
-8592.8229
-3758.6973
-3040.7806
1078.025
5102.5299
5293.5702
7271.821
5520.1825
-243771.45
-171923.3
-191861.97
-163374.1
-176574.67
-151809.22
-151177.12
-134521.11
-124016.91
-114813.52
-105649.39
-96048.936
-86367.901
-76346.891
-67130.975
-57070.724
-49008.399
-39995.608
-29491.567
-24102.422
-15121.935
-11493.903
60.13921
378057.41
410892.96
479981.89
-26672.724
-15490.768
-64929.699
-241511.08
-111887.35
-73424.104
-516302.02
-505855.85
-483095.7
-395474.59
-392005.79
-407404.08
-324923.74
-307821.53
-323848.19
-283958.03
-268170.81
-267151.42
-271689.89
-257234.94
-267527.52
-248475.93
-230840.68
-233987.98
-237693.9
-221596.13
-212706.69
-218989.81
-199364.67
-205742.63
-203008.29
-187205.63
-189236.94
-185454.62
-171547.25
-174832.4
-169632.45
-158396.87
-161663.99
-158106.66
-141886.09
-142855.71
-139881.23
-130889.2
-132650.9
-128590.09
-116009.84
-120113.69
-112511.6
-102968.32
-106430.14
-99003.932
-90682.809
-93768.061
-85679.033
-78067.909
-80775.339
-69274.26
-66087.634
-67973.816
-57436.074
-55132.698
-56143.993
-44604.097
-43613.554
-43595.1
-30789.73
-30918.857
-29692.244
-19664.837
-20617.905
-21871.35
-11159.31
-8228.1394
-8148.6946
-14964.29
-17713.358
-18909.785
6971.9688
1558.8329
1977.4698
11379.191
12634.366
11854.377
332586.1
328877.93
365417.54
357478.4
296555.32
352319.92
330617.63
304937.79
341272.43
303288.82
276088.15
315026.56
291122.22
272778.75
292898.59
268103.61
248000.7
274988.86
255636.08
236940.45
259539.62
238354.02
217790.91
241419.08
222041.06
203815.37
225484.73
202335.97
192091.27
209863.29
185226.79
177570.98
193040.32
175309.01
162115.65
168881.82
158334.11
147570.87
159280.74
144805.5
133699.72
145815.72
130298.62
120360.39
129851.46
116175.03
106649.65
114927.13
99237.402
93132.808
101095.21
85554.402
82055.521
86065.53
72146.596
68153.416
71571.152
57833.183
55014.752
57820.404
43693.787
43724.237
44184.219
31556.355
33223.648
30305.109
26654.707
29358.423
28845.835
177026.94
220395.26
177518.32
195304.11
181254.2
176138.21
168921.11
156219.21
145430.92
133577.17
121976.39
115543.92
107684.44
93448.974
85887.65
75022.555
64894.754
55833.889
46343.904
38571.453
26593.613
21418.779
11578.502
-28493.902
37106.834
21424.193
41793.685
47736.627
41930.552
41905.634
40310.546
38642.278
35231.285
34980.826
33294.48
26918.319
27214.466
24984.756
21549.008
19691.482
18162.999
15198.509
12566.652
11065.266
8604.7656
9246.858
-132441.45
-79566.292
-172195.38
-117608.64
-136183.34
-134150.15
-119286.93
-110085.11
-104947.61
-95691.89
-87841.023
-84135.953
-74191.017
-68143.876
-60954.543
-54667.604
-48325.728
-41162.526
-35016.956
-29699.009
-21584.065
-11642.44
-10795.535
234097.25
265495.95
251369.15
170952.01
244997.03
220129.53
149472.39
176011.27
197490.83
137634.64
185104.68
173998.1
138817.69
153605.68
165802.75
130243.24
152797.77
162358.7
115359.59
141342.86
146371.74
115468.79
133265.44
139765.68
101459.09
125643.74
129205.94
98807.884
114403.17
122984.24
93670.936
110232.33
107362.81
84041.884
94205.448
105347.24
76738.241
89577.604
94541.614
70513.96
81916.559
84668.598
63730.583
72354.778
75074.498
56927.974
63820.127
68633.881
50102.617
57853.777
58672.206
47150.78
47536.987
50816.746
36905.747
40463.532
41454.088
32888.251
33918.613
33966.69
23591.583
24457.738
25585.708
19096.087
17482.133
16443.982
-660.58541
5561.9544
6412.1099
-68079.61
-64727.225
-23789.206
-13442.327
6848.3374
3102.9238
-9764.4339
-5513.579
2151.6632
-12918.286
8884.2131
-9354.0825
2341.2708
8034.4338
11832.181
-10135.925
14062.967
2490.0407
2545.2719
13201.811
8242.638
-1775.5549
14781.607
5987.43
1610.508
12632.729
9044.983
1557.2315
17425.758
7114.8601
6323.1526
11682.137
7626.673
4090.3668
12313.276
9736.1854
5316.6437
14530.732
8497.2923
6645.7496
13429.013
8819.9005
6047.3646
13650.885
7790.5473
7726.0477
12986.345
8904.92
6343.7505
13672.391
7184.1183
7438.9947
11619.978
6036.1265
6314.9334
9703.4364
8115.5712
5580.129
10139.65
7099.5218
6438.1093
8332.8624
6938.748
7586.8422
9439.6738
5723.7838
9409.2288
9802.0096
8814.4562
-194689.56
-233664.17
-180576.31
-180554.45
-130706.36
-152683.79
-155975.47
-207162.66
-171258.59
-185890.63
-149545.68
-168307.21
-151032.72
-170611.24
-148541.69
-144660.3
-148470.03
-147429.96
-136630.91
-143577.83
-139051.83
-123643.22
-135638.94
-127807.79
-117456.21
-123052.33
-118715.75
-107975.03
-114664.89
-110024
-97437.001
-105276.7
-100481.28
-89550.182
-95977.502
-92195.052
-77930.779
-88961.575
-82346.245
-71300.484
-78913.952
-75035.726
-61693.281
-71009.934
-67559.192
-55070.85
-62108.574
-59160.905
-46095.637
-53742.325
-52300.227
-39041.925
-45915.745
-44312.319
-32289.369
-36909.899
-35268.973
-24965.169
-28367.921
-28415.707
-20472.316
-21370.324
-22426.315
-7115.8463
-11839.673
-11080.795
-4221.3697
-7621.2017
-5557.6182
)
;

boundaryField
{
    free
    {
        type            calculated;
    }
    bottom
    {
        type            calculated;
    }
    traction
    {
        type            calculated;
    }
}


// ************************************************************************* //
