/*--------------------------------*- C++ -*----------------------------------*\
  =========                 |
  \\      /  F ield         | OpenFOAM: The Open Source CFD Toolbox
   \\    /   O peration     | Website:  https://openfoam.org
    \\  /    A nd           | Version:  6
     \\/     M anipulation  |
\*---------------------------------------------------------------------------*/
FoamFile
{
    version     2.0;
    format      ascii;
    class       pointScalarField;
    location    "1.6000522124";
    object      p;
}
// * * * * * * * * * * * * * * * * * * * * * * * * * * * * * * * * * * * * * //

dimensions      [1 -1 -2 0 0 0 0];

internalField   nonuniform List<scalar> 
625
(
6075.8152
-17878.428
7383.5432
10370.294
115738.04
-16716.461
7755.1989
-3348.7387
42765.579
-965.42437
-16596.369
-18291.064
673.33098
3716.3776
25413.443
27331.782
46025.389
54705.149
62644.536
74506.425
80117.059
88911.606
97330.448
101902.44
105085.19
104084.1
105557.31
102890.82
99133.107
93900.767
86841.659
78134.899
68489.281
59188.886
46230.582
34430.933
23405.544
-19071.2
-24565.9
-32589.243
-37377.696
-43666.48
-48973.762
-53476.099
-57301.117
-62606.342
-64365.933
-67015.077
-66490.043
-68921.905
-66482.319
-65860.339
-62837.712
-58399.797
-55375.589
-49002.568
-44752.761
-39279.467
-24918.746
-13963.903
67926.986
14376.871
12463.696
-15934.252
-32306.026
-47599.978
-46514.988
-73257.332
-66463.391
-89876.379
-95473.585
-99617.78
-106326.23
-110102.85
-112171.64
-112720.33
-109079.43
-105353.72
-99845.62
-90589.296
-82073.46
-71213.197
-57270.02
-43181.532
-30092.108
-12135.032
9280.4265
-2403.7142
-6583.9759
23746.66
27625.613
42404.102
49368.545
61025.208
68984.735
75687.981
81880.087
84106.353
89565.206
91198.96
95544.795
88221.748
88670.404
83645.536
80251.316
75685.905
65718.998
68456.887
50309.392
57414.299
36047.558
34081.647
21569.823
20841.784
25677.105
10616.502
-3396.3851
-30115.747
15818.716
15689.113
16587.524
-7488.4311
1317.0265
-5337.2105
13264.625
25328.396
29788.023
37491.89
42615.572
49407.293
55877.007
59952.268
63826.17
64392.938
66515.819
69868.165
68876.362
66730.462
65011.244
59166.833
55909.935
49458.621
40232.276
32090.55
22594.939
12828.338
12595.506
-4224.8116
-63.525629
-2174.4528
3475.1103
1867.0385
4222.8932
4074.4917
3889.9163
6340.9412
6357.4511
6268.2945
6108.2589
4914.3951
4909.6236
4982.8308
2903.2976
6853.0701
2076.5169
4920.9281
7046.8228
5298.1296
5650.8105
2439.8575
-25684.202
-22302.612
-27349.212
-21052.319
-31714.499
-30408.539
-35541.467
-35582.897
-35355.967
-37966.822
-38672.66
-39989.038
-38480.881
-37662.143
-35669.02
-33631.782
-29642.896
-30118.028
-21648.782
-21757.897
-14993.99
-13747.756
-2532.5488
28682.857
37741.659
42321.35
1961.1853
14871.998
5234.6639
-9143.8424
-8273.0754
6460.3767
-24911.083
-23422.665
-31091.906
-29454.254
-26230.866
-29994.774
-45861.406
-43193.651
-46964.793
-47305.314
-44353.269
-50993.003
-52943.689
-56371.558
-59168.848
-59967.276
-59804.292
-67206.464
-66478.27
-69662.418
-73166.177
-71321.545
-74334.922
-81709.626
-76637.2
-80060.739
-88277.437
-77786.964
-83517.364
-91989.231
-79376.547
-86472.813
-95806.431
-83863.749
-87891.6
-95976.287
-82135.862
-88283.908
-96513.893
-81894.728
-85334.369
-95140.411
-78039.567
-82273.311
-91147.104
-74293.878
-77927.936
-86189.454
-68601.922
-71848.915
-78673.876
-60777.709
-64449.833
-70030.937
-53812.821
-56267.177
-61405.838
-45420.252
-46982.707
-50140.342
-33576.437
-35078.688
-36514.267
-24107.901
-24990.141
-28273.229
-15496.179
-12526.698
-12993.259
-18883.104
-21795.377
-22789.471
4752.2215
-347.87959
156.19593
8758.7698
10459.406
10316.976
29550.466
31058.483
40265.963
39973.683
32072.169
36692.475
53895.145
48190.121
50565.445
61795.942
52614.513
56063.35
72585.59
63188.478
62667.808
80641.393
68650.049
71033.874
91334.234
75356.582
76106.612
96625.054
79871.162
82172.4
104201.46
86841.319
87271.303
104003.67
89569.167
89077.109
107814.06
93941.493
93763.699
113441.44
94064.008
89257.108
110559.55
92650.06
91864.254
109844.57
91574.441
92135.056
105233.76
88116.401
88632.981
99348.261
84179.121
83203.91
89968.764
76767.89
78085.134
79809.771
72132.217
70174.693
70095.886
62964.864
60976.067
57334.356
52047.112
50942.802
43452.164
42584.924
40524.908
32116.303
33467.832
28340.886
26366.243
28741.206
27720.434
23665.981
29759.407
31042.603
34885.892
39823.539
39957.97
44556.734
44651.334
47460.146
47365.78
49282.885
48441.971
51456.03
47181.83
46568.7
44738.18
40635.179
37474.396
33181.203
29590.839
21373.213
18225.967
9811.532
2354.9475
3235.1748
5224.9553
1449.7392
5381.1103
738.22886
2280.5622
657.48093
173.94532
1052.9135
-537.52121
1251.7845
161.18925
88.532342
3288.8203
2224.308
3545.0641
5437.1093
5562.9368
5872.5856
6125.3004
6018.0929
7185.2371
-4097.0782
-10987.742
-16116.359
-27963.36
-32470.084
-43446.287
-47148.359
-53302.826
-57030.862
-61444.771
-63064.866
-66234.839
-66273.752
-64638.72
-62071.524
-59387.312
-54835.101
-48378.097
-42122.786
-36495.784
-26694.723
-15645.534
-14055.582
20855.405
28240.884
26618.949
28412.025
33542.344
31063.228
30954.213
32149.091
33308.756
34380.436
36350.915
31989.755
41264.659
40823.544
37891.212
47819.875
45191.916
39780.605
46186.995
47018.944
43277.893
54245.572
53524.991
46927.878
53161.362
54609.528
45982.617
59115.309
55866.577
50930.971
61055.05
61346.143
47748.724
58176.58
54364.365
50628.881
57466.927
58244.866
50483.195
56683.717
56682.663
48744.199
53362.346
54108.961
45506.218
51062.322
50035.835
44875.751
45651.728
47324.423
41272.501
44875.565
41144.071
37748.692
35710.785
34896.055
31809.452
31718.216
30219.246
27755.195
22842.93
22524.048
21223.436
17859.626
14684.199
13054.662
-3357.4339
4018.5267
4087.0552
250.64801
518.27485
8792.356
3272.4564
3130.9332
2449.0842
4533.5279
994.76066
400.16516
5829.939
2238.7615
3494.3898
9293.9723
4673.7216
70.496199
6874.1768
1654.5987
-34.886569
11174.931
6603.5807
-548.85468
10698.372
4344.8804
-3506.0697
11615.383
5362.6251
-2754.2477
12919.365
7791.5376
-4525.4305
13921.639
3405.7583
-5521.1281
13106.101
5668.7195
-3459.9883
13296.568
8246.8578
-4137.1508
14150.063
7225.3933
-4667.0013
12022.108
8325.5162
-4908.7452
13629.135
8045.7299
-2426.843
9201.9471
9622.0785
-3186.5281
9932.8043
8672.9789
-3578.1783
7225.9794
6983.1661
62.593202
4928.8827
8314.4724
1223.6009
5108.8262
5910.6398
1937.7804
5539.8659
7736.8594
1985.1841
7429.7076
7292.2598
5729.8166
-17054.884
-17118.705
-16692.536
-11174.614
-11509.721
-11506.596
-19281.734
-20256.574
-19366.633
-25113.833
-24689.685
-29263.083
-29414
-32429.9
-33728.426
-29003.666
-34983.341
-39792.168
-32950.685
-40606.62
-47016.984
-35653.132
-46987.852
-49738.526
-38055.027
-45710.174
-55666.802
-42000.178
-53881.575
-58207.686
-42278.707
-51022.739
-60875.014
-41367.9
-54103.958
-60978.515
-40809.903
-55789.561
-61597.965
-41155.669
-54745.215
-61173.705
-39193.291
-53341.099
-58808.668
-38176.836
-50700.79
-55496.278
-35121.552
-47491.749
-51801.969
-29922.117
-42998.787
-46360.066
-27339.982
-37971.649
-38322.449
-22185.489
-30441.591
-32597.134
-20244.746
-25282.724
-27059.263
-7964.8041
-15182.631
-14255.164
-6333.6169
-11531.637
-9027.2013
)
;

boundaryField
{
    free
    {
        type            calculated;
    }
    bottom
    {
        type            calculated;
    }
    traction
    {
        type            calculated;
    }
}


// ************************************************************************* //
