/*--------------------------------*- C++ -*----------------------------------*\
  =========                 |
  \\      /  F ield         | OpenFOAM: The Open Source CFD Toolbox
   \\    /   O peration     | Website:  https://openfoam.org
    \\  /    A nd           | Version:  6
     \\/     M anipulation  |
\*---------------------------------------------------------------------------*/
FoamFile
{
    version     2.0;
    format      ascii;
    class       pointVectorField;
    location    "1.6000522124";
    object      u;
}
// * * * * * * * * * * * * * * * * * * * * * * * * * * * * * * * * * * * * * //

dimensions      [0 1 0 0 0 0 0];

internalField   nonuniform List<vector> 
625
(
(0 0 0)
(0 0 0)
(0.48161241 0.062371263 0.054041378)
(0.46896615 -0.095157941 0.036847651)
(0 0 0)
(0 0 0)
(0.483629 -0.1136748 0.035762329)
(0.49617847 0.043355464 0.053602122)
(0 0 0)
(0 0 0)
(0 0 0)
(0.47807381 0.022125614 0.048729228)
(0.47442849 -0.016157003 0.045400475)
(0.4716462 -0.054581541 0.040887662)
(-0.0010657775 0.00057647263 0.0018841375)
(-0.0016548793 0.0024685651 0.0019029957)
(-0.0011301033 0.0044897178 0.0029388016)
(0.00052847905 0.0075859364 0.0032640324)
(0.0036055202 0.010694527 0.0039677365)
(0.0084319071 0.014890426 0.0046547353)
(0.015091069 0.01898834 0.0055468843)
(0.023886771 0.023856836 0.0065859779)
(0.034954818 0.028728781 0.008041521)
(0.048492706 0.033874095 0.0095006914)
(0.064487789 0.039121876 0.011469376)
(0.083196186 0.044220653 0.013538415)
(0.10456725 0.049235935 0.016028167)
(0.12855093 0.053856287 0.018720927)
(0.15516322 0.058095196 0.021755204)
(0.18428509 0.061724601 0.024916506)
(0.21567752 0.064918942 0.028369215)
(0.24930595 0.067065545 0.032000328)
(0.28495828 0.068472473 0.035589553)
(0.32202698 0.069119478 0.039420543)
(0.36069571 0.068746076 0.043183214)
(0.40014275 0.06788809 0.046939483)
(0.44016642 0.065530311 0.050966269)
(-0.0013584807 -0.00088746301 -0.0016687552)
(-0.0015752865 -0.0022113103 -0.0024435895)
(-0.0021034497 -0.003939524 -0.0044355325)
(3.8674506e-05 -0.0064691849 -0.0050953456)
(0.0023078039 -0.008501887 -0.0065283744)
(0.0071118619 -0.011888653 -0.0072762447)
(0.01313499 -0.01458114 -0.0080739641)
(0.021632354 -0.018389797 -0.0082872637)
(0.032064576 -0.022119596 -0.0085410499)
(0.044952528 -0.026114087 -0.0081136875)
(0.060348601 -0.030660144 -0.0074331556)
(0.078236495 -0.035148177 -0.006179096)
(0.098822968 -0.040137133 -0.0045828562)
(0.12190205 -0.045174816 -0.002492558)
(0.14764628 -0.050436704 1.5767199e-05)
(0.17580889 -0.055798841 0.0029693553)
(0.20646235 -0.061309559 0.0063167894)
(0.23910597 -0.066890086 0.0098980402)
(0.27406246 -0.072147598 0.0140295)
(0.31042826 -0.077513847 0.018160718)
(0.34860574 -0.08255674 0.022741807)
(0.38778455 -0.08721633 0.027228692)
(0.42787656 -0.091408614 0.03176728)
(0 0 0)
(0 0 0)
(0 0 0)
(-0.0005879833 -7.3749094e-05 0.00028603454)
(-0.00012263305 -0.0020908417 5.5543685e-05)
(0.0013111283 -0.0032843775 -0.00031451573)
(0.003467575 -0.0058825858 -0.00094198064)
(0.0079148139 -0.0093372003 -0.00093209715)
(0.0130501 -0.012164867 -0.0016084312)
(0.020527926 -0.016892018 -0.0011329329)
(0.029865397 -0.021089032 -0.0013543331)
(0.041264808 -0.026340521 -0.0007342111)
(0.055008465 -0.031688119 -0.00010089509)
(0.071202868 -0.037663677 0.00084565176)
(0.089758772 -0.043713254 0.0022706197)
(0.11093416 -0.050198139 0.0037524151)
(0.13463252 -0.056778864 0.0056799307)
(0.1607261 -0.063432039 0.0079028185)
(0.18931607 -0.070210789 0.010376313)
(0.2201712 -0.076810007 0.013091912)
(0.25317638 -0.083306145 0.016031667)
(0.28812061 -0.089583847 0.019192501)
(0.32482789 -0.095436119 0.022416967)
(0.36294363 -0.10100403 0.025802578)
(0.40237531 -0.10575581 0.029213717)
(0.44236797 -0.11032658 0.032712417)
(0.48650147 -0.073291464 0.04023427)
(0.48882055 -0.035167189 0.045026709)
(0.49256521 0.0026066144 0.049962903)
(0.45487749 0.046724024 0.048438242)
(0.4141151 0.048897831 0.04373888)
(0.37453521 0.050146758 0.039032432)
(0.33529775 0.051226489 0.034106604)
(0.29767545 0.051297097 0.029461624)
(0.26162329 0.050772574 0.02486799)
(0.22749888 0.049602226 0.020652287)
(0.19547885 0.047821715 0.016604118)
(0.16582965 0.045483961 0.013002934)
(0.13861429 0.042781657 0.0096978166)
(0.11404268 0.03948379 0.0068742649)
(0.091968717 0.036219777 0.0042033591)
(0.072760179 0.032428443 0.0024588843)
(0.056050243 0.028653655 0.00078517832)
(0.041827311 0.02490705 -0.0004917306)
(0.0301151 0.021091192 -0.0012753979)
(0.020569682 0.017570132 -0.0019406411)
(0.013239102 0.0140139 -0.0020002749)
(0.0077943476 0.010924062 -0.0021792198)
(0.0038620077 0.0078478253 -0.0018552915)
(0.0016233119 0.0054254018 -0.0017947889)
(0.00010543981 0.0030862714 -0.0014281991)
(0.00058212163 0.0011463781 -0.00067850296)
(0 0 0)
(0 0 0)
(0 0 0)
(0 0 0)
(0 0 0)
(0 0 0)
(0.47257276 -0.10018151 0.03616923)
(0.47642411 -0.10495838 0.036469149)
(0.47985229 -0.10969613 0.036047744)
(0.48571487 0.058143154 0.053919582)
(0.48933014 0.053258084 0.053692628)
(0.49305401 0.04881209 0.053574165)
(-0.0017252348 0.00099930257 0.0010707418)
(-0.0023680926 0.002067006 0.00099676107)
(-0.0020607608 0.0032362168 0.0012995901)
(-0.00069679269 0.0050145321 0.0012931045)
(0.0022518211 0.0068145156 0.001581969)
(0.006771058 0.0091329468 0.0018868087)
(0.01326669 0.011484717 0.0024673064)
(0.021850722 0.014163651 0.0032047804)
(0.032668977 0.016853047 0.0041918474)
(0.045930374 0.019680604 0.0054436275)
(0.061706912 0.022497232 0.0070732421)
(0.080303596 0.02507506 0.008963718)
(0.1014267 0.027562106 0.011197059)
(0.12525704 0.029654308 0.013702662)
(0.15169543 0.031421316 0.016587328)
(0.18065765 0.032750181 0.019577483)
(0.21195844 0.033470125 0.02307169)
(0.24550792 0.033768331 0.02651696)
(0.28115247 0.033325937 0.03020573)
(0.31821959 0.032287217 0.034107082)
(0.3569808 0.03068346 0.03786293)
(0.39649345 0.028627265 0.041739491)
(0.43709533 0.02525358 0.045692959)
(-0.0022424504 0.00017045834 -4.9083844e-05)
(-0.0021930917 -1.3031281e-05 -0.00060743332)
(-0.0024970406 0.00034408938 -0.00066417127)
(-0.0010159578 0.00072992049 -0.0011415804)
(0.0018164486 0.00091402121 -0.001121566)
(0.006181485 0.0016664816 -0.0012795529)
(0.012556262 0.0021311339 -0.0011017268)
(0.020954687 0.0028000926 -0.00073269194)
(0.03157331 0.003436926 -8.9956033e-05)
(0.044813086 0.0039036548 0.0010245974)
(0.060337207 0.0043869057 0.002181335)
(0.078711127 0.0046048228 0.003967117)
(0.099583591 0.004665128 0.0059673239)
(0.12322336 0.0045101401 0.008368497)
(0.14943863 0.0039342764 0.011152502)
(0.1781974 0.0031742664 0.014105305)
(0.20939229 0.0018147339 0.017680853)
(0.24268079 0.00039017571 0.021020959)
(0.27797664 -0.0016988992 0.025026764)
(0.31491965 -0.0040481855 0.028994342)
(0.35362713 -0.0067606228 0.032945453)
(0.39327103 -0.0098374624 0.037205216)
(0.43415974 -0.012958355 0.041187112)
(-0.0019578139 -0.00089802936 -0.0010513871)
(-0.0021009113 -0.0020582088 -0.0012738627)
(-0.0026248647 -0.0024997548 -0.0023812154)
(-0.00092173151 -0.0035275588 -0.002904031)
(0.0015988403 -0.0046301885 -0.0035770405)
(0.0058594675 -0.0053827053 -0.0041607263)
(0.012327461 -0.0069440251 -0.0042475478)
(0.020394846 -0.0079968251 -0.0043916516)
(0.031122831 -0.0096794542 -0.0038860481)
(0.043947907 -0.011324948 -0.0033693579)
(0.059464581 -0.013035326 -0.0023110965)
(0.077641631 -0.015251707 -0.00082221751)
(0.098312617 -0.017396523 0.00093819994)
(0.12179311 -0.019969436 0.0032104036)
(0.14772823 -0.022704871 0.00580868)
(0.17635127 -0.025687189 0.0087864376)
(0.20715583 -0.028957921 0.012146166)
(0.24038939 -0.032328319 0.015636599)
(0.27552497 -0.036006256 0.019632167)
(0.3126156 -0.039694943 0.02352693)
(0.35111194 -0.043667873 0.027765306)
(0.3906361 -0.047358073 0.032051187)
(0.43109727 -0.051156887 0.036442871)
(0 0 0)
(0 0 0)
(0 0 0)
(0 0 0)
(0 0 0)
(0 0 0)
(0 0 0)
(0 0 0)
(0 0 0)
(-0.00067009367 -2.5171946e-05 -0.00097085287)
(-0.00044208832 -0.00017671802 -0.00075823525)
(-0.0003199189 -0.00022131904 -0.00018816429)
(-0.00053670921 -0.002063021 -0.0019263402)
(-0.00017532267 -0.0022387621 -0.0014921228)
(0.00023574044 -0.0022549363 -0.00064360314)
(-0.0002661725 -0.0031345612 -0.0035196514)
(0.00075320236 -0.0031016184 -0.0024160218)
(0.0014523655 -0.003757446 -0.0012426276)
(0.0018668953 -0.0058383629 -0.0039636322)
(0.0028865946 -0.0062366676 -0.0031302496)
(0.0036308677 -0.0061005076 -0.0019531764)
(0.0049798019 -0.0084065582 -0.0051990022)
(0.0065101531 -0.0085115358 -0.0040966095)
(0.0077193097 -0.0095131753 -0.0023501841)
(0.0097509445 -0.011309445 -0.0059561879)
(0.01163249 -0.012020481 -0.004483063)
(0.012955349 -0.012321951 -0.00297202)
(0.016632595 -0.01506709 -0.0063441048)
(0.018765596 -0.015907367 -0.0049495555)
(0.020030047 -0.016374668 -0.0028554662)
(0.025129641 -0.0186861 -0.0067371933)
(0.027421934 -0.019301824 -0.0051809012)
(0.0293687 -0.020809944 -0.0031411083)
(0.036086112 -0.022895914 -0.006628337)
(0.038826784 -0.024523946 -0.0049283302)
(0.040650634 -0.025557712 -0.0027036711)
(0.049232582 -0.027425744 -0.0062313206)
(0.05202602 -0.028807595 -0.0045186778)
(0.054241322 -0.030587619 -0.0021328404)
(0.064761356 -0.032217632 -0.0055067146)
(0.068036187 -0.034384366 -0.0035125541)
(0.070272712 -0.03623884 -0.00127344)
(0.083054106 -0.037535536 -0.004212389)
(0.086215452 -0.039577452 -0.0024673028)
(0.088723374 -0.041895298 0.00014437672)
(0.10359281 -0.042611345 -0.0026323364)
(0.10705494 -0.045259961 -0.00069922821)
(0.10966135 -0.04806416 0.001623909)
(0.12690862 -0.048309194 -0.00051548074)
(0.13041685 -0.051284537 0.0012337897)
(0.13322428 -0.054275964 0.0035926233)
(0.15260501 -0.053928205 0.0018952909)
(0.15626493 -0.057202858 0.0036299724)
(0.15915284 -0.060549885 0.005928441)
(0.18083148 -0.059749305 0.0047614715)
(0.18451041 -0.06332891 0.0064023019)
(0.18754189 -0.06699528 0.0085107842)
(0.21129705 -0.065552985 0.0079819106)
(0.21508448 -0.069397389 0.0094346789)
(0.21819595 -0.073338902 0.011414645)
(0.24393483 -0.071182276 0.011439711)
(0.24779137 -0.075424643 0.012781272)
(0.25097718 -0.079546676 0.014547442)
(0.27859485 -0.076976422 0.015297135)
(0.28244194 -0.081233296 0.016442036)
(0.2857055 -0.08558324 0.017931774)
(0.31497447 -0.082256019 0.019245636)
(0.31882862 -0.086826196 0.020222451)
(0.32214804 -0.091317755 0.0214082)
(0.35284582 -0.087513513 0.023431907)
(0.35664376 -0.092104328 0.024246297)
(0.36004182 -0.096614405 0.025052492)
(0.39185991 -0.092143157 0.027685444)
(0.3957022 -0.096829211 0.028197402)
(0.39919857 -0.10157895 0.028681599)
(0.43176786 -0.096577782 0.031989614)
(0.43545221 -0.10120334 0.032184165)
(0.43908969 -0.10579936 0.032467497)
(0.48227944 0.017696792 0.049410295)
(0.48585654 0.013005305 0.049404975)
(0.48950374 0.0082192876 0.049560016)
(0.47793895 -0.021015274 0.045360337)
(0.48198179 -0.025692644 0.04507144)
(0.48519424 -0.030522212 0.044964624)
(0.47555923 -0.059682319 0.040677823)
(0.47946862 -0.064363805 0.040556618)
(0.48278955 -0.0689129 0.040560245)
(-0.00020454791 0.00033507918 0.0012098324)
(0.00021106612 0.00062911314 0.00063599612)
(0.00068226849 0.00076917736 0.00012965161)
(-0.00041107521 0.0020805412 0.0010759837)
(6.3290638e-05 0.0025153617 0.00048634739)
(0.00034833827 0.0027038599 -0.000738546)
(0.00053066588 0.0045874561 0.0017599287)
(0.0010700206 0.0049564691 0.00063495823)
(0.0018998976 0.005288376 -0.00060248844)
(0.0023206944 0.007213755 0.0018598985)
(0.0035308931 0.0074367911 0.0006389079)
(0.004166169 0.0076003815 -0.00088418785)
(0.0060334975 0.010614554 0.0022147504)
(0.007022974 0.010822837 0.00089590612)
(0.0078490877 0.011130422 -0.00078286566)
(0.010867456 0.014378146 0.0027856949)
(0.012365002 0.014204426 0.0012415542)
(0.013556048 0.014147717 -0.00066273002)
(0.018147508 0.01839791 0.0033843452)
(0.019648438 0.018090487 0.0017579761)
(0.020788158 0.017968477 -0.00039893596)
(0.02710031 0.022818098 0.0043157929)
(0.028738058 0.02231553 0.0025457521)
(0.030214388 0.021916366 0.00029971024)
(0.038433478 0.027441927 0.0055593956)
(0.040423928 0.026677378 0.0035505752)
(0.041950178 0.025947061 0.0012151583)
(0.052166631 0.032276889 0.0069767576)
(0.054300253 0.03123365 0.0049455008)
(0.055923865 0.030197619 0.0025047571)
(0.068296598 0.03721147 0.0089370394)
(0.07081857 0.035627288 0.0064272164)
(0.072676877 0.034101613 0.0042666133)
(0.087452418 0.041945688 0.010821114)
(0.089826104 0.039905559 0.0089252165)
(0.091729682 0.038359001 0.0059857539)
(0.10881816 0.04646527 0.013345994)
(0.11145972 0.044187605 0.011072775)
(0.11355702 0.042307404 0.0086409914)
(0.13299796 0.050812569 0.016052555)
(0.13573766 0.048203876 0.013961401)
(0.13805415 0.045776222 0.011486198)
(0.15965584 0.054679451 0.019175366)
(0.16258903 0.051677327 0.017071455)
(0.16502524 0.048907196 0.014705232)
(0.18883959 0.058077683 0.022438994)
(0.19190452 0.054618308 0.020492819)
(0.19444346 0.051618493 0.018237264)
(0.22034614 0.060636986 0.026124757)
(0.22340096 0.057210487 0.024273498)
(0.22621147 0.053699936 0.022185116)
(0.25377167 0.06282354 0.029877264)
(0.25723884 0.058827632 0.02814845)
(0.26004948 0.055152987 0.026253194)
(0.28940259 0.064115167 0.033772933)
(0.29277845 0.05990124 0.032337106)
(0.29575914 0.055973167 0.030692106)
(0.32640476 0.064537119 0.037853058)
(0.32994845 0.060310918 0.03655568)
(0.33308219 0.056024808 0.035137916)
(0.36497872 0.064359855 0.041880204)
(0.36862838 0.059604549 0.040812414)
(0.37175513 0.055319372 0.039891555)
(0.40430989 0.062866365 0.045927494)
(0.40798752 0.058376936 0.04524615)
(0.41136343 0.053899137 0.044463801)
(0.4447131 0.061360182 0.050295444)
(0.44820327 0.056446732 0.049639842)
(0.45188209 0.051818847 0.049261415)
(-0.00026681376 0.00072669087 -0.00061114966)
(-0.00054807202 0.0031217496 -0.0014284785)
(0.00061971285 0.0034080564 -0.001225308)
(0.0028975559 0.0053085336 -0.0016405066)
(0.0064941151 0.0065979492 -0.0018330578)
(0.012046189 0.0080738335 -0.0016823849)
(0.019088612 0.0097232992 -0.0015178963)
(0.028454896 0.011224756 -0.0010561151)
(0.040061021 0.012729042 -0.00021721684)
(0.054003386 0.014153804 0.0008702162)
(0.070607113 0.015525768 0.002316896)
(0.0895947 0.016681913 0.0042838138)
(0.11138864 0.017481045 0.0063986069)
(0.13578623 0.018092911 0.0091533564)
(0.16281383 0.018417191 0.012096132)
(0.19223173 0.018353691 0.015444124)
(0.22407984 0.017856677 0.019124539)
(0.25806718 0.017001489 0.023016689)
(0.29395215 0.015723384 0.027190572)
(0.33159232 0.013923496 0.031431434)
(0.37059633 0.011772111 0.035871054)
(0.41048589 0.0092438615 0.040362614)
(0.45148201 0.0060299221 0.044970275)
(-0.001076624 0.00058867172 -0.00039086573)
(-0.00096560334 0.0010026752 -0.00075072611)
(0.00038320653 0.00040640895 -0.00083142013)
(0.0026415334 0.0010947319 -0.0013569983)
(0.0062999972 0.00085792785 -0.0015882355)
(0.01181183 0.00053580073 -0.0014223893)
(0.018785823 0.00042753041 -0.0015157977)
(0.02823037 -0.00015492871 -0.0009578575)
(0.039661416 -0.00080466333 -0.0003984918)
(0.053582821 -0.0014517262 0.00057806372)
(0.069939058 -0.0027010831 0.0019774334)
(0.088912121 -0.0036899192 0.0035187167)
(0.11044521 -0.0053280596 0.0055967338)
(0.13469453 -0.0069392791 0.0080192467)
(0.161436 -0.0088269047 0.010636425)
(0.19067789 -0.011091043 0.013742124)
(0.22225592 -0.01344962 0.017067488)
(0.25599937 -0.01609824 0.020605669)
(0.29170585 -0.018971169 0.02444256)
(0.32907484 -0.022064217 0.028308669)
(0.36802973 -0.025062766 0.032527072)
(0.4076939 -0.028506653 0.036521095)
(0.44918918 -0.031959808 0.040670311)
(-0.0011821584 -0.00030892875 2.5943558e-05)
(-0.00058631375 -0.00022696938 -0.00058578451)
(0.00051420582 -0.0019994134 -0.00049929135)
(0.002577249 -0.0018138053 -0.0011585895)
(0.0065170587 -0.0042007274 -0.00099753019)
(0.011898397 -0.0056808382 -0.0013486809)
(0.018896918 -0.00764196 -0.001098363)
(0.028335816 -0.010259899 -0.00083347623)
(0.039691736 -0.01286015 -0.00029923181)
(0.053461141 -0.016016522 0.00067015446)
(0.069764604 -0.019225065 0.0017277017)
(0.08850087 -0.0229211 0.0032863132)
(0.10989708 -0.026654108 0.0051309545)
(0.1339245 -0.030775309 0.0072237217)
(0.160347 -0.034988023 0.0097183717)
(0.18934625 -0.039380877 0.012479812)
(0.22065635 -0.043877312 0.015490983)
(0.25409846 -0.048412135 0.018714076)
(0.28954009 -0.052997755 0.022156638)
(0.32671446 -0.057431997 0.025759628)
(0.36525411 -0.061789227 0.029427035)
(0.40512317 -0.065997601 0.032994092)
(0.44556496 -0.069712501 0.0369698)
(-0.00064790267 0.00055067696 0.00072483304)
(-0.00058551928 0.00056922097 0.00036439204)
(-0.00016149638 0.00072347019 9.7163709e-06)
(-0.0012636251 0.0021064937 0.00043286636)
(-0.0005624935 0.0024181856 -0.00021335461)
(-0.00032713489 0.0022606733 -0.00090449576)
(-0.00046439329 0.0032495843 0.00067246147)
(6.2372181e-05 0.0031520633 -8.2592331e-05)
(0.00091846089 0.0034765059 -0.00074538149)
(0.0012196047 0.0047961392 0.00041717235)
(0.0025078917 0.0052335154 -0.00039193048)
(0.0031139512 0.0048768835 -0.0010674262)
(0.0045894837 0.0067245431 0.00061529379)
(0.0056618534 0.0065677409 -0.00030136386)
(0.0066764778 0.0064505864 -0.0009818305)
(0.0094355348 0.0086122213 0.00072766564)
(0.010917807 0.0086389794 -0.00012936958)
(0.012151625 0.0082189708 -0.001243877)
(0.016256699 0.010812746 0.0012483272)
(0.018031459 0.010522852 1.9194952e-05)
(0.019219773 0.0099636867 -0.00072677795)
(0.02509324 0.013308962 0.0017850033)
(0.026921999 0.01274023 0.00073258493)
(0.028435882 0.011859789 -0.00040373329)
(0.03622549 0.015630688 0.0027746057)
(0.038367798 0.014814555 0.0015724998)
(0.040010861 0.013676123 0.00051892755)
(0.049695965 0.018247101 0.0038719619)
(0.052062445 0.016965679 0.0026677646)
(0.053807783 0.015386282 0.0015811372)
(0.065826847 0.020486982 0.0054144416)
(0.068385456 0.018832879 0.0042853687)
(0.070259459 0.01720401 0.0032040809)
(0.084470157 0.022715873 0.0073217801)
(0.087198067 0.020810607 0.0060475923)
(0.089183047 0.018570786 0.0049087899)
(0.10578364 0.024829916 0.0095412818)
(0.10858394 0.022591544 0.0083122864)
(0.11083084 0.020133273 0.0072252978)
(0.1296881 0.026546088 0.012110736)
(0.13267435 0.023993796 0.010943794)
(0.13504398 0.020956287 0.0098278618)
(0.15619423 0.02800448 0.014954979)
(0.15933707 0.024906738 0.01385108)
(0.16181171 0.021728917 0.012809608)
(0.18520381 0.0289033 0.018197678)
(0.18844491 0.025643932 0.017096158)
(0.19107898 0.02204905 0.016142971)
(0.21658628 0.029452553 0.021517913)
(0.21983666 0.025796307 0.020688652)
(0.22263596 0.021899835 0.019727722)
(0.24991171 0.029431366 0.0253771)
(0.25350752 0.025402684 0.024385681)
(0.25635971 0.021336501 0.023627189)
(0.28546654 0.028828951 0.029140324)
(0.28897108 0.024719755 0.028418537)
(0.29196704 0.020366034 0.027704372)
(0.32243869 0.027754834 0.033130871)
(0.32609928 0.023306291 0.032545373)
(0.32924947 0.01876359 0.031886935)
(0.36106302 0.026078539 0.037129473)
(0.36478379 0.021403651 0.036732942)
(0.3680328 0.016801122 0.036267276)
(0.40059573 0.023725781 0.041220929)
(0.40423999 0.019178771 0.041171301)
(0.40757736 0.014447809 0.040613747)
(0.44100705 0.020786059 0.045471401)
(0.4446291 0.016031904 0.045336278)
(0.44829174 0.011253531 0.045262649)
(-0.0015249573 5.6386424e-05 -0.00018058961)
(-0.0011750987 0.00027565796 -0.00017521821)
(-0.00084785922 0.00012996835 -0.00017434144)
(-0.0015216563 0.0004064494 -0.00091205371)
(-0.0010409948 0.00045767522 -0.00082538178)
(-0.00060787165 0.00053913691 -0.0009441812)
(-0.00091086833 0.00033890267 -0.00089322494)
(9.8723552e-05 0.00052293567 -0.00074333258)
(0.00053249048 0.00071437612 -0.00088306357)
(0.00070864752 0.00080693724 -0.0015262511)
(0.0019840116 0.00079379433 -0.0014120404)
(0.0026052953 0.00046738258 -0.0015564781)
(0.0040373658 0.0010176725 -0.0015399137)
(0.0054759672 0.00086877305 -0.0013767146)
(0.0062155109 0.0011162593 -0.001778731)
(0.0085922179 0.0014296941 -0.0017124328)
(0.010549503 0.0011836901 -0.0016263346)
(0.011567793 0.00069330675 -0.0017433524)
(0.015456731 0.001827938 -0.001684367)
(0.017526162 0.0011346121 -0.0015546916)
(0.018572222 0.00075917494 -0.0017311281)
(0.024124349 0.0020577509 -0.0012764258)
(0.026459358 0.0013412856 -0.00097629286)
(0.027697093 0.0006038889 -0.0013109371)
(0.035049313 0.0024266164 -0.00066726449)
(0.037629911 0.0011650249 -0.00059702359)
(0.039169016 7.8322661e-05 -0.00075168833)
(0.048494488 0.0024787746 0.00028809018)
(0.051367341 0.0010604183 0.0006051144)
(0.052820118 -0.00014796568 0.00023889663)
(0.064429935 0.002549132 0.001639711)
(0.067197784 0.00079162889 0.0017593384)
(0.069122601 -0.00099329071 0.0015104262)
(0.082819041 0.0024767528 0.0032885087)
(0.086065106 0.00023053371 0.0034274985)
(0.087897836 -0.0017413209 0.0032187864)
(0.10396576 0.0021088628 0.00529901)
(0.10720463 -0.00040535718 0.0055812511)
(0.10924455 -0.0028565669 0.00522968)
(0.12764568 0.0015289863 0.0077157586)
(0.13110288 -0.0014815958 0.007877257)
(0.13328433 -0.0042753764 0.0076574559)
(0.15399884 0.00063097973 0.010482213)
(0.15748566 -0.0026647948 0.010760355)
(0.15987757 -0.00576906 0.01036564)
(0.18274748 -0.00058603519 0.013577272)
(0.18641137 -0.0042045686 0.013711494)
(0.18884305 -0.007650562 0.013454541)
(0.21390322 -0.0021334355 0.017004878)
(0.21754038 -0.0060251262 0.01723756)
(0.22023159 -0.0098243901 0.016865235)
(0.24722883 -0.0040398915 0.020663112)
(0.25096243 -0.0081449439 0.020775911)
(0.25374796 -0.012149699 0.020444913)
(0.28254302 -0.00629503 0.024622352)
(0.28626909 -0.010539239 0.024598121)
(0.28916449 -0.014789476 0.024357768)
(0.31955992 -0.0087820529 0.028716774)
(0.32316046 -0.013196394 0.028590937)
(0.32643032 -0.017733623 0.028311802)
(0.35800471 -0.011586815 0.032736258)
(0.36190645 -0.016078309 0.032656579)
(0.36498258 -0.020676633 0.032546502)
(0.39741113 -0.014641233 0.036973294)
(0.40106582 -0.019189775 0.036880926)
(0.40441049 -0.024026317 0.036558416)
(0.43810256 -0.017769214 0.041030271)
(0.44200459 -0.022452906 0.040984145)
(0.44544417 -0.027082868 0.040783413)
(-0.0014129924 -0.000437505 -0.00061068373)
(-0.001174527 -0.0004484477 -0.00022905974)
(-0.00087174152 -0.00035078073 -7.6464054e-05)
(-0.0010120529 -0.0012667712 -0.00086425539)
(-0.0004207364 -0.00073972451 -0.00090369313)
(-0.00030315998 -0.00087317625 -0.00063270992)
(-0.0010614693 -0.0017933926 -0.0018545357)
(-0.00010014492 -0.0022779523 -0.0012323581)
(0.0005067262 -0.0020528899 -0.00087865654)
(0.0010753375 -0.0029613586 -0.0025266704)
(0.0019651499 -0.0024032578 -0.0021639605)
(0.0028800397 -0.0026394526 -0.0016642481)
(0.003973305 -0.0038977948 -0.0029502509)
(0.0055380785 -0.0043817466 -0.0022452819)
(0.006532915 -0.0042062095 -0.001601138)
(0.0088307351 -0.0052207256 -0.0036202468)
(0.010326905 -0.0052484861 -0.002971744)
(0.011794702 -0.0057702525 -0.0022396288)
(0.015535501 -0.0068345174 -0.0036179831)
(0.017537097 -0.0073364847 -0.0027092598)
(0.018898513 -0.0077073294 -0.0019942429)
(0.024044815 -0.0083123185 -0.0036963673)
(0.02608914 -0.0090760763 -0.0028408529)
(0.027910223 -0.0098525944 -0.001972605)
(0.035110301 -0.010387281 -0.0032355433)
(0.037483043 -0.011266093 -0.0023374043)
(0.039412064 -0.012259685 -0.0014456689)
(0.048249544 -0.012298453 -0.0026536507)
(0.050766842 -0.013626306 -0.0016414437)
(0.052910951 -0.015087197 -0.00062467493)
(0.063991522 -0.014609674 -0.0015884582)
(0.066804622 -0.016336738 -0.00053373112)
(0.069137293 -0.017955148 0.00041976437)
(0.082354797 -0.017173262 -9.3495785e-05)
(0.085280112 -0.019160102 0.00092172642)
(0.087724761 -0.021281783 0.0018864654)
(0.10318985 -0.019837817 0.0016349643)
(0.10624444 -0.022312152 0.00267746)
(0.1089156 -0.024716921 0.0037345403)
(0.1267486 -0.022871528 0.0038964526)
(0.12993109 -0.025583363 0.0049440845)
(0.13276208 -0.028402382 0.0058717055)
(0.15279147 -0.026042905 0.0064457439)
(0.15606798 -0.029158054 0.0074478957)
(0.15907773 -0.03231372 0.0083598139)
(0.18133828 -0.029426814 0.0094240489)
(0.18473149 -0.032897262 0.010325353)
(0.1877948 -0.036323721 0.011200622)
(0.21223331 -0.033108573 0.012647665)
(0.21563703 -0.036730726 0.013557253)
(0.21891775 -0.040545805 0.014304878)
(0.24522324 -0.036743638 0.016162953)
(0.24885353 -0.040849763 0.016930065)
(0.25213012 -0.044781707 0.017627092)
(0.28033448 -0.040765036 0.019996562)
(0.28384903 -0.044861296 0.02065483)
(0.28725734 -0.049103573 0.021224356)
(0.31692204 -0.044623042 0.02390588)
(0.32078166 -0.048986575 0.024408339)
(0.32419329 -0.053405702 0.024961704)
(0.35513879 -0.048501124 0.027958123)
(0.35898191 -0.053121188 0.028444179)
(0.36233243 -0.057615684 0.028821336)
(0.39463537 -0.052459339 0.032283496)
(0.3984326 -0.057129333 0.03249304)
(0.40199134 -0.061576433 0.032734486)
(0.43484161 -0.056163737 0.036494573)
(0.43858691 -0.060693981 0.036585164)
(0.44215634 -0.065518462 0.036512091)
)
;

boundaryField
{
    free
    {
        type            calculated;
    }
    bottom
    {
        type            calculated;
    }
    traction
    {
        type            calculated;
    }
}


// ************************************************************************* //
