/*--------------------------------*- C++ -*----------------------------------*\
  =========                 |
  \\      /  F ield         | OpenFOAM: The Open Source CFD Toolbox
   \\    /   O peration     | Website:  https://openfoam.org
    \\  /    A nd           | Version:  6
     \\/     M anipulation  |
\*---------------------------------------------------------------------------*/
FoamFile
{
    version     2.0;
    format      ascii;
    class       pointVectorField;
    location    "0.999929";
    object      u;
}
// * * * * * * * * * * * * * * * * * * * * * * * * * * * * * * * * * * * * * //

dimensions      [0 1 0 0 0 0 0];

internalField   nonuniform List<vector> 
625
(
(0 0 0)
(0 0 0)
(2.9345469 -0.49519843 0.055918516)
(2.7028011 -1.1340543 0.027954911)
(0 0 0)
(0 0 0)
(2.7189268 -1.1587812 0.026370581)
(2.9503152 -0.5202787 0.055025765)
(0 0 0)
(0 0 0)
(0 0 0)
(2.8759063 -0.65542215 0.048091082)
(2.8180846 -0.81399529 0.041867236)
(2.7609228 -0.97324939 0.034731348)
(0.0095681532 0.030423128 0.02831274)
(0.03398019 0.064109586 0.02941773)
(0.079118208 0.093162715 0.032115338)
(0.14105411 0.11831259 0.031951039)
(0.21713271 0.13621359 0.032430044)
(0.30851211 0.14900087 0.032916939)
(0.40985819 0.15360525 0.033376512)
(0.52225381 0.15256471 0.034184659)
(0.64349193 0.14426469 0.035378464)
(0.77214085 0.12980418 0.036114743)
(0.907522 0.10976491 0.037523008)
(1.048407 0.083633228 0.038410332)
(1.1940523 0.052865184 0.039800647)
(1.3435642 0.017234789 0.041056133)
(1.4962812 -0.022404544 0.042421001)
(1.6517568 -0.065925103 0.043665693)
(1.8090243 -0.11231528 0.045206534)
(1.9681525 -0.16179162 0.046552192)
(2.1283532 -0.2138341 0.047934673)
(2.2891498 -0.26740066 0.049488335)
(2.4505822 -0.32290544 0.050996775)
(2.6120744 -0.37907444 0.052592878)
(2.7730991 -0.43672365 0.054577601)
(-0.0064986201 -0.026880886 -0.037656944)
(0.019189971 -0.052141623 -0.031187687)
(0.053028758 -0.086590544 -0.036256061)
(0.1059848 -0.11920285 -0.030842101)
(0.16710057 -0.15103129 -0.029870019)
(0.24472182 -0.18968547 -0.026542769)
(0.32872524 -0.2250772 -0.02446995)
(0.42609562 -0.26633923 -0.020647018)
(0.53025256 -0.30893685 -0.018490604)
(0.64360874 -0.35292915 -0.014930126)
(0.7639444 -0.40078937 -0.01196408)
(0.89091633 -0.44966526 -0.0085377212)
(1.0236153 -0.50119168 -0.0054037383)
(1.161437 -0.55425423 -0.0021175448)
(1.3038316 -0.60905654 0.0010619795)
(1.4500155 -0.66509777 0.0042266612)
(1.5997794 -0.72243253 0.0074431585)
(1.7519497 -0.78044074 0.010265377)
(1.9071022 -0.83921742 0.013528816)
(2.0636563 -0.89811983 0.016366505)
(2.2220613 -0.95748249 0.019433481)
(2.3814947 -1.0165123 0.022177206)
(2.5418155 -1.075338 0.024861533)
(0 0 0)
(0 0 0)
(0 0 0)
(0.0057273947 -0.017227942 0.02580685)
(0.026088038 -0.069188831 0.029838663)
(0.065722514 -0.087557458 0.023915748)
(0.11602371 -0.12432258 0.019709579)
(0.18306214 -0.16680255 0.020306715)
(0.25850175 -0.19690087 0.01505954)
(0.34465659 -0.24209089 0.016480459)
(0.44138594 -0.28132305 0.014232641)
(0.54633809 -0.32582189 0.013731197)
(0.65965989 -0.37205306 0.013484155)
(0.78007587 -0.4204181 0.013189308)
(0.90698223 -0.47057287 0.013699348)
(1.0396375 -0.52292711 0.013874431)
(1.1775489 -0.57676142 0.014424118)
(1.3197865 -0.63195839 0.015161574)
(1.4659753 -0.68872987 0.01602371)
(1.6156005 -0.74616299 0.016953121)
(1.768022 -0.80460226 0.018032763)
(1.9228333 -0.86354112 0.019258438)
(2.0796794 -0.92271099 0.020479407)
(2.237916 -0.98215236 0.021874482)
(2.3975959 -1.0412345 0.023362967)
(2.5576389 -1.1002923 0.02499299)
(2.7771016 -0.99826207 0.033512617)
(2.8338372 -0.83888707 0.040998741)
(2.8915003 -0.68076896 0.048561079)
(2.7891183 -0.4617399 0.051877467)
(2.6275581 -0.4040404 0.049138547)
(2.4661505 -0.34775811 0.046276573)
(2.3046243 -0.29186992 0.04309383)
(2.1435971 -0.23789083 0.039958292)
(1.9833264 -0.18574304 0.036613397)
(1.8242153 -0.1358902 0.033302539)
(1.6666465 -0.088701956 0.029731341)
(1.5111167 -0.044771258 0.026209986)
(1.3582656 -0.0042079934 0.022476847)
(1.2084878 0.032041902 0.018676977)
(1.0625897 0.064286215 0.014393532)
(0.92155149 0.090981064 0.011027134)
(0.7858243 0.11262109 0.006744127)
(0.65657247 0.12847816 0.0026671237)
(0.53492376 0.13811896 -0.0014223125)
(0.42202912 0.14182448 -0.0058807619)
(0.31871745 0.1379801 -0.0091163428)
(0.22873894 0.12811597 -0.013917999)
(0.1488786 0.11041266 -0.016211742)
(0.086691233 0.08959288 -0.021784324)
(0.038098055 0.059925403 -0.023015746)
(0.019343167 0.029648683 -0.01868981)
(0 0 0)
(0 0 0)
(0 0 0)
(0 0 0)
(0 0 0)
(0 0 0)
(2.7066118 -1.1404752 0.027188865)
(2.7107233 -1.1468935 0.027291384)
(2.7145084 -1.1530187 0.026772088)
(2.9390961 -0.50125511 0.055709978)
(2.9429507 -0.50761086 0.055397269)
(2.9470405 -0.51372475 0.055130339)
(-0.0047513186 0.017798019 0.020228203)
(0.021069085 0.036023107 0.015588797)
(0.063391847 0.050687162 0.017487188)
(0.1228178 0.061336458 0.017214332)
(0.19670375 0.067090533 0.018066465)
(0.28436163 0.067391124 0.018646282)
(0.38272386 0.061504745 0.019814566)
(0.4918582 0.050488908 0.021023431)
(0.6094698 0.033480827 0.022164815)
(0.73470544 0.0115117 0.023729073)
(0.8668904 -0.015599283 0.025227045)
(1.0049134 -0.047829933 0.026864133)
(1.1477764 -0.083909663 0.028557867)
(1.2947718 -0.12425539 0.030223553)
(1.4453261 -0.16790454 0.032034894)
(1.5988019 -0.2147711 0.033716082)
(1.7545397 -0.26425956 0.035634814)
(1.9123006 -0.31600293 0.037298155)
(2.0715566 -0.36991555 0.03911832)
(2.2315402 -0.42505182 0.041069946)
(2.3925437 -0.48158444 0.042811015)
(2.5535931 -0.53870748 0.044752333)
(2.7147471 -0.59718736 0.046759926)
(-0.012273788 0.0041620807 -0.00065738007)
(0.014893855 0.004754177 -0.0028181755)
(0.054242881 0.0061567186 -0.00033115558)
(0.11080302 0.0037503984 0.00027140506)
(0.18244996 -0.0049276131 0.0018222624)
(0.26615599 -0.015881707 0.0034102661)
(0.3608927 -0.03224836 0.0050205057)
(0.46617737 -0.05317734 0.0067839486)
(0.57971593 -0.078216955 0.0087016158)
(0.70182599 -0.10834272 0.011076477)
(0.83011968 -0.14187326 0.012689087)
(0.96489229 -0.17999952 0.015276103)
(1.1045198 -0.22133328 0.017342803)
(1.2489071 -0.26592234 0.019619239)
(1.396892 -0.31351311 0.021922086)
(1.5482662 -0.36345132 0.024017685)
(1.7021702 -0.41582297 0.026511743)
(1.8583892 -0.4696278 0.028416292)
(2.0161349 -0.52519537 0.030911948)
(2.1751921 -0.58177648 0.033094043)
(2.3354558 -0.6393954 0.03516867)
(2.496112 -0.69749029 0.03749983)
(2.6575464 -0.75603511 0.039559846)
(-0.015178069 -0.011623276 -0.014824756)
(0.011791252 -0.021952513 -0.013791837)
(0.047823146 -0.034632379 -0.015393162)
(0.10429704 -0.051924451 -0.013677652)
(0.17161156 -0.073909106 -0.012417994)
(0.25159403 -0.095597046 -0.010753681)
(0.34320527 -0.12448881 -0.0085826286)
(0.44373349 -0.15415843 -0.0064684035)
(0.55399558 -0.18871758 -0.0039070555)
(0.6713888 -0.2264637 -0.0016031813)
(0.79646792 -0.26687565 0.00092698033)
(0.92754164 -0.31127951 0.003711622)
(1.0639396 -0.35763991 0.0061668558)
(1.2052852 -0.40702532 0.0089691243)
(1.3505166 -0.45840989 0.011578918)
(1.4995244 -0.51188055 0.014251449)
(1.6512184 -0.56683115 0.016911149)
(1.8057113 -0.62310125 0.019463142)
(1.9620762 -0.68053821 0.022134924)
(2.1202461 -0.73863471 0.02452973)
(2.2794955 -0.79741196 0.027115172)
(2.4395642 -0.85608985 0.029623997)
(2.6002172 -0.91492446 0.032119674)
(0 0 0)
(0 0 0)
(0 0 0)
(0 0 0)
(0 0 0)
(0 0 0)
(0 0 0)
(0 0 0)
(0 0 0)
(0.009559717 -0.0099916533 -0.016064712)
(0.01348239 -0.014278801 -0.0057353608)
(0.013417792 -0.011764514 0.0081015529)
(0.035443071 -0.062059529 -0.018502596)
(0.037685778 -0.064815239 -0.0051123723)
(0.039351483 -0.064543854 0.013821879)
(0.068847249 -0.089057285 -0.020689684)
(0.075156238 -0.088054648 -0.0061629324)
(0.076453076 -0.093298323 0.011485622)
(0.11843919 -0.12355419 -0.017139818)
(0.12427464 -0.12742638 -0.0054310902)
(0.12296075 -0.1258545 0.0084873989)
(0.18208434 -0.16025159 -0.01738284)
(0.18660417 -0.16205311 -0.0071376763)
(0.18915411 -0.16821606 0.0081848802)
(0.2549555 -0.19466676 -0.016034572)
(0.26181729 -0.19883401 -0.0045404766)
(0.26299941 -0.19970553 0.0059105888)
(0.3411273 -0.2342225 -0.013441812)
(0.34638653 -0.239465 -0.0054318875)
(0.34784064 -0.24022996 0.0071797291)
(0.43591561 -0.27458813 -0.012254548)
(0.4415953 -0.27696931 -0.0038523506)
(0.44385196 -0.28311052 0.0062779393)
(0.54002844 -0.31650349 -0.0098728967)
(0.5455995 -0.32285782 -0.0026347235)
(0.54790098 -0.32557379 0.0064993559)
(0.65261256 -0.36210923 -0.0076461158)
(0.65787845 -0.36651206 -0.0012871839)
(0.66050671 -0.37113763 0.0070808101)
(0.77200994 -0.40874099 -0.005563322)
(0.77744233 -0.41477858 0.00052577686)
(0.78023023 -0.41920736 0.0074640652)
(0.89851917 -0.45877946 -0.0027957678)
(0.90362745 -0.46369477 0.0017619554)
(0.90671493 -0.46855321 0.0087179206)
(1.0307593 -0.50928508 -0.00046207783)
(1.0356992 -0.51521412 0.004176921)
(1.0385962 -0.52059193 0.009515399)
(1.1680681 -0.56278421 0.0022958235)
(1.172786 -0.56862689 0.0059160377)
(1.1761432 -0.5739076 0.010662863)
(1.3099498 -0.61713834 0.0047200915)
(1.3146935 -0.62312594 0.0079384)
(1.3179869 -0.62857338 0.012018226)
(1.4558423 -0.67315807 0.0073752694)
(1.4603375 -0.6791884 0.010013625)
(1.4638043 -0.68488835 0.013364531)
(1.6050093 -0.73010531 0.0099145529)
(1.6095385 -0.73626274 0.01204352)
(1.613043 -0.7420364 0.014840395)
(1.7572405 -0.78777127 0.012382021)
(1.7615703 -0.79419915 0.014121091)
(1.7651778 -0.80000814 0.016352166)
(1.9117079 -0.84652492 0.015066491)
(1.9160737 -0.85268923 0.016327837)
(1.9197094 -0.8586342 0.017998276)
(2.0683521 -0.90511332 0.017450488)
(2.072544 -0.91153207 0.018413702)
(2.0762421 -0.91754704 0.019605292)
(2.2263879 -0.96432997 0.020019207)
(2.2305441 -0.97055785 0.020693464)
(2.2343733 -0.97656151 0.021341452)
(2.3857357 -1.0231228 0.022456439)
(2.3898443 -1.0294703 0.022746309)
(2.3936409 -1.0356836 0.023049322)
(2.5457612 -1.0819945 0.024882332)
(2.5497788 -1.0882061 0.024882324)
(2.5538314 -1.0943837 0.024984759)
(2.8804678 -0.66165072 0.048511712)
(2.884409 -0.66784564 0.048397699)
(2.8883113 -0.67415333 0.048363428)
(2.8219391 -0.82026662 0.041699786)
(2.8262353 -0.82661898 0.041339243)
(2.829834 -0.83277587 0.041089346)
(2.7648899 -0.97987489 0.034391036)
(2.7690978 -0.98627439 0.034134645)
(2.7729028 -0.99223626 0.033971301)
(0.02246233 0.026226088 0.015098126)
(0.024161071 0.026677606 0.0041956547)
(0.026429184 0.027751218 -0.0052999755)
(0.047470228 0.059001142 0.014846331)
(0.048373416 0.060249564 0.0037440833)
(0.049201841 0.058797064 -0.011923503)
(0.092747965 0.089608769 0.018742763)
(0.094992261 0.089581597 0.0050170883)
(0.097020512 0.089583942 -0.0083298713)
(0.15241042 0.11338892 0.018536582)
(0.15705337 0.11171633 0.0066572635)
(0.15736063 0.11058713 -0.0064874967)
(0.23029488 0.13175899 0.019995533)
(0.23375231 0.13005186 0.0090200667)
(0.23491795 0.12992354 -0.0028514864)
(0.31896555 0.14376473 0.021349307)
(0.32334774 0.13999851 0.011337645)
(0.32548407 0.1382285 5.1688871e-06)
(0.42104772 0.14765343 0.022724159)
(0.42525895 0.14460275 0.013770667)
(0.42695412 0.14242039 0.0027560148)
(0.53258537 0.14577339 0.024327781)
(0.53647399 0.14232224 0.016023528)
(0.53909565 0.1398481 0.0062894912)
(0.65298935 0.13740937 0.026233221)
(0.65739973 0.13345185 0.018398829)
(0.65988657 0.13031304 0.0097121859)
(0.78118021 0.1228623 0.0280559)
(0.78557065 0.11844456 0.021030726)
(0.78818986 0.11506552 0.013099881)
(0.91584365 0.10276053 0.030313989)
(0.92046552 0.09758991 0.023281458)
(0.92321696 0.093479053 0.016807442)
(1.0565848 0.076432805 0.031816026)
(1.0606522 0.071059202 0.026894588)
(1.063558 0.067231725 0.019368558)
(1.2014958 0.045450005 0.033923656)
(1.2057118 0.040040781 0.028624265)
(1.2089464 0.036059817 0.023138968)
(1.3506881 0.010006113 0.035776411)
(1.3548469 0.0044266167 0.031525352)
(1.3581592 -0.00036566466 0.026459445)
(1.5029674 -0.029638253 0.037912891)
(1.5071565 -0.035512746 0.033993715)
(1.5104487 -0.040387126 0.029613482)
(1.6580292 -0.072963372 0.039707734)
(1.6620485 -0.078934745 0.036465795)
(1.665522 -0.084056549 0.032703611)
(1.8149879 -0.11953737 0.041902742)
(1.8191159 -0.12546295 0.039050378)
(1.8226555 -0.13090279 0.035824394)
(1.9736124 -0.16873333 0.043753201)
(1.9778199 -0.17495921 0.041336187)
(1.981336 -0.18047555 0.038678382)
(2.1336267 -0.22040952 0.045676565)
(2.1375962 -0.22666281 0.043794722)
(2.1412504 -0.23231155 0.041657081)
(2.2941352 -0.27402803 0.047656015)
(2.2982713 -0.28013886 0.046124231)
(2.3019143 -0.28608752 0.044413566)
(2.455444 -0.3291386 0.04957718)
(2.4593428 -0.33567854 0.048384633)
(2.4630492 -0.34150982 0.047301019)
(2.6164252 -0.38573296 0.051580984)
(2.6205136 -0.39190525 0.050819687)
(2.6243475 -0.39792983 0.049946977)
(2.7779792 -0.44285858 0.053881578)
(2.7817653 -0.44925316 0.053166717)
(2.7857577 -0.45547364 0.052692371)
(0.0015083326 0.0091323193 -0.01204298)
(0.027636505 0.038259573 -0.013398696)
(0.070220858 0.042786784 -0.0079492248)
(0.13226938 0.05482343 -0.0082279455)
(0.20752146 0.057465934 -0.0054175438)
(0.29572722 0.055436205 -0.0021930083)
(0.39516381 0.0486552 -8.042812e-05)
(0.50435283 0.035254819 0.0029822949)
(0.62276365 0.017015929 0.0058429085)
(0.74833625 -0.006598442 0.0088997677)
(0.88109534 -0.034920652 0.011710279)
(1.0190483 -0.067738195 0.014984745)
(1.1619606 -0.10515286 0.017653372)
(1.3092201 -0.14632151 0.020970449)
(1.4599806 -0.19054357 0.023689208)
(1.6135106 -0.23794536 0.026630565)
(1.769443 -0.28800022 0.029502774)
(1.927278 -0.34014345 0.032211482)
(2.0864764 -0.39417299 0.03499768)
(2.2467375 -0.44979064 0.037607157)
(2.4077439 -0.50647113 0.040257695)
(2.568897 -0.56392437 0.042870771)
(2.7304271 -0.6223548 0.045538341)
(-0.0092714413 0.0055851834 0.0012197368)
(0.019841499 0.0073697753 0.0012502559)
(0.062135324 0.00013766582 0.001815091)
(0.12305534 -0.002662337 0.0018655947)
(0.19375393 -0.0129214 0.0022966064)
(0.27980364 -0.026916318 0.0038239424)
(0.37453288 -0.045035024 0.0050593463)
(0.48068301 -0.067432512 0.0066032347)
(0.59477227 -0.094731837 0.008283973)
(0.71703503 -0.12558666 0.010141814)
(0.84562658 -0.16119102 0.012198349)
(0.98054218 -0.19972415 0.014090998)
(1.1201979 -0.24242739 0.016429843)
(1.2647368 -0.28774176 0.018563389)
(1.412847 -0.33583523 0.020615124)
(1.5641201 -0.38664561 0.02297006)
(1.7181306 -0.43919567 0.025149357)
(1.8743109 -0.49360627 0.02733556)
(2.0321465 -0.54947047 0.029640929)
(2.1913287 -0.60636131 0.031760881)
(2.3516698 -0.66402165 0.034161142)
(2.5121002 -0.72219522 0.03625565)
(2.6738176 -0.78122928 0.038527268)
(-0.012918816 -0.010478731 0.012371443)
(0.021270378 -0.015670083 0.0094763271)
(0.060395853 -0.044981689 0.015894981)
(0.11538716 -0.052234948 0.010301856)
(0.18614072 -0.081328299 0.012239271)
(0.26674773 -0.10716516 0.011322321)
(0.3581686 -0.13438889 0.011367836)
(0.46014735 -0.16855115 0.011635273)
(0.5701311 -0.20415576 0.0121451)
(0.6879596 -0.24339393 0.012971094)
(0.81305565 -0.28562921 0.013648289)
(0.94379995 -0.33094226 0.014918541)
(1.080454 -0.37840039 0.015961442)
(1.2216497 -0.42882214 0.017236454)
(1.366796 -0.48079487 0.018651638)
(1.5156796 -0.53487463 0.020107696)
(1.6674837 -0.59036986 0.021625714)
(1.8217855 -0.64704896 0.023172373)
(1.9781305 -0.70480691 0.024822981)
(2.1361669 -0.76311622 0.02653515)
(2.2953526 -0.82186557 0.028292157)
(2.4555058 -0.88090226 0.029922254)
(2.6161773 -0.93965775 0.032014988)
(0.0053576043 0.008766528 0.0093487107)
(0.0052121635 0.0098946056 0.003476705)
(0.0080185698 0.0094599316 -0.0028525626)
(0.033581647 0.034605766 0.0073375421)
(0.037389292 0.03447639 0.00023386616)
(0.036687447 0.033213533 -0.0084193157)
(0.076481076 0.04687609 0.0089722857)
(0.078829866 0.043956636 0.00260726)
(0.08039655 0.044387536 -0.0035613154)
(0.13497839 0.057101946 0.0092385082)
(0.14070285 0.05683793 0.0032989438)
(0.13989698 0.053996835 -0.0027760424)
(0.20948551 0.062576592 0.010414595)
(0.21330236 0.059367423 0.0049865382)
(0.21480068 0.057373531 0.00030311591)
(0.29562252 0.061210529 0.011609751)
(0.30030025 0.059004481 0.0072361696)
(0.30173949 0.056232297 0.0010089601)
(0.39371548 0.055264219 0.01370088)
(0.39894212 0.052140051 0.0083500007)
(0.4001163 0.049111652 0.0044179381)
(0.50200555 0.044020156 0.014869286)
(0.50654335 0.04028562 0.010965982)
(0.50834565 0.036764707 0.0063441187)
(0.61902306 0.026456727 0.017071612)
(0.62385311 0.022625249 0.013215894)
(0.62598113 0.018696684 0.0092814308)
(0.74380929 0.0046835453 0.018753832)
(0.74853955 -0.00017672042 0.015283041)
(0.75061947 -0.004522065 0.011839863)
(0.87551106 -0.023127782 0.020757739)
(0.88003281 -0.028212582 0.018031686)
(0.88262204 -0.03224307 0.014808601)
(1.0126747 -0.055141931 0.022976035)
(1.0174687 -0.060350267 0.020046667)
(1.0199337 -0.065079071 0.017220846)
(1.1551745 -0.091374167 0.025037528)
(1.15962 -0.09667065 0.022520115)
(1.1625046 -0.1014765 0.02004821)
(1.3016438 -0.13157966 0.027222442)
(1.3062063 -0.13703125 0.025120125)
(1.3090493 -0.1424616 0.022759291)
(1.451834 -0.17513407 0.029290684)
(1.4561531 -0.18107168 0.027396305)
(1.4592306 -0.18629243 0.025485095)
(1.6048309 -0.22197532 0.031530687)
(1.6092368 -0.22773714 0.02986394)
(1.6124051 -0.23332679 0.028132412)
(1.7603918 -0.27124522 0.033486089)
(1.7645617 -0.27732871 0.032232993)
(1.7678588 -0.28302603 0.030750033)
(1.9176019 -0.32292592 0.03578232)
(1.9219122 -0.3291699 0.034517403)
(1.9252714 -0.33489089 0.033325535)
(2.0765423 -0.37658737 0.037872763)
(2.0807104 -0.38267818 0.036880469)
(2.0841746 -0.38860775 0.035889816)
(2.236355 -0.43156364 0.039918955)
(2.2404544 -0.4379119 0.039224493)
(2.2440182 -0.44394044 0.038341287)
(2.3970828 -0.48798789 0.041995483)
(2.4011468 -0.49438169 0.041498006)
(2.40483 -0.50046034 0.040848782)
(2.5579639 -0.54524972 0.044126216)
(2.561971 -0.55151444 0.043977565)
(2.565712 -0.55757696 0.043282521)
(2.7190993 -0.60331847 0.046422574)
(2.7230628 -0.60960508 0.046148192)
(2.7269843 -0.61593197 0.045946007)
(-0.0031218808 0.001652367 -0.0016613882)
(-0.0016103382 0.0041346478 -0.0017877988)
(0.00052267321 0.0029803723 0.0010718492)
(0.025507436 0.0051600292 -0.0046411037)
(0.029353317 0.0048890037 -0.0029092964)
(0.028852467 0.0031818241 -0.001465024)
(0.067027404 0.0023769696 -0.0021528874)
(0.071607325 0.00083280854 0.0013467733)
(0.071503622 0.0010784745 0.00069050262)
(0.12317897 -0.0010754345 -0.0016855135)
(0.12926003 -0.0030998272 -0.00015174599)
(0.12809699 -0.0061091546 -5.1874398e-05)
(0.19456781 -0.0092287049 -1.7945894e-05)
(0.19955896 -0.01291734 0.0026417467)
(0.19945897 -0.013222744 0.00086738232)
(0.27685023 -0.0214913 0.0017816722)
(0.28313172 -0.025212182 0.0032130469)
(0.28328513 -0.027634818 0.0026747642)
(0.37171156 -0.037914709 0.0029712761)
(0.37706165 -0.043063824 0.0046619994)
(0.37769301 -0.045135681 0.003894383)
(0.47607037 -0.05967633 0.0052747363)
(0.48159006 -0.064293109 0.0071062909)
(0.48240665 -0.066912534 0.005780884)
(0.58909837 -0.08491186 0.0072068884)
(0.59429169 -0.090576563 0.0081661496)
(0.59606974 -0.093962175 0.0073699331)
(0.71036969 -0.11514841 0.0093645744)
(0.71591118 -0.12096379 0.01082489)
(0.71730009 -0.12395364 0.0095056568)
(0.83853349 -0.14945408 0.01173528)
(0.84320049 -0.15492216 0.012463179)
(0.84556256 -0.15912795 0.011455513)
(0.97249961 -0.18715524 0.014025942)
(0.97760448 -0.19339722 0.014638129)
(0.97980538 -0.19722357 0.01378663)
(1.111941 -0.22867859 0.016256299)
(1.1166796 -0.23464299 0.017036898)
(1.1190361 -0.23919942 0.015982586)
(1.2556699 -0.27319917 0.018601106)
(1.2602852 -0.27966664 0.019062069)
(1.2629922 -0.28439199 0.018342305)
(1.4034053 -0.32073693 0.020983338)
(1.407897 -0.32705124 0.021518755)
(1.4108225 -0.33202128 0.020480009)
(1.5542667 -0.37069714 0.02328505)
(1.55873 -0.37713744 0.02351467)
(1.5617251 -0.38226995 0.022827063)
(1.7078851 -0.42277997 0.025656016)
(1.7121946 -0.42922087 0.025959885)
(1.7153855 -0.43467742 0.025163149)
(1.8636327 -0.47675477 0.027983757)
(1.867973 -0.48314451 0.028050873)
(1.8713224 -0.48868984 0.027361371)
(2.0212384 -0.53221323 0.030374513)
(2.0255358 -0.5385313 0.030270223)
(2.0288989 -0.54421878 0.02974804)
(2.1801568 -0.58873191 0.03271514)
(2.1842962 -0.59490735 0.03242773)
(2.1879592 -0.60095816 0.031937225)
(2.3400785 -0.64611435 0.034840904)
(2.3444444 -0.65248113 0.034669509)
(2.3479341 -0.65841479 0.0343301)
(2.5005158 -0.70402432 0.03716118)
(2.5045936 -0.71014581 0.036909706)
(2.5082368 -0.71636521 0.036417686)
(2.6617404 -0.76244088 0.039264804)
(2.6659442 -0.76875066 0.039087384)
(2.6698068 -0.77485243 0.038757116)
(-0.0050072386 -0.0065421694 -0.0079483912)
(-0.0052188535 -0.0072827443 0.001766423)
(-0.0025527264 -0.0071563857 0.0063281252)
(0.026818561 -0.022399231 -0.0079319241)
(0.031610416 -0.017584809 -0.0006318419)
(0.030265004 -0.020057244 0.0057870399)
(0.062652455 -0.037330869 -0.0087862048)
(0.067179286 -0.043318423 -0.00059144254)
(0.06805872 -0.043662172 0.006698964)
(0.11865023 -0.058313699 -0.0087103006)
(0.12216374 -0.05664252 -0.0017293349)
(0.12386853 -0.059101951 0.0051398084)
(0.18497952 -0.078138472 -0.0066617501)
(0.19007545 -0.082607465 8.1090636e-05)
(0.1920991 -0.083238861 0.0056036422)
(0.26459566 -0.10325203 -0.0064093283)
(0.26870914 -0.10584278 -0.00088711056)
(0.27164103 -0.10864273 0.0048630856)
(0.35496411 -0.13162342 -0.0042388137)
(0.35994837 -0.13494535 0.0017668431)
(0.36229307 -0.1373369 0.0059864711)
(0.45488428 -0.16185055 -0.0025537969)
(0.45917044 -0.16627736 0.001925222)
(0.46258196 -0.16924272 0.0062538752)
(0.56421723 -0.19713185 -0.00060636953)
(0.56902824 -0.20121245 0.0037511198)
(0.57224842 -0.20454252 0.0074447946)
(0.68115759 -0.23461605 0.0014915532)
(0.68558849 -0.23922441 0.0052416233)
(0.68901185 -0.24335983 0.0087122281)
(0.80525445 -0.27536901 0.0035829106)
(0.80985133 -0.28080193 0.0070378548)
(0.81355021 -0.28470761 0.0098732079)
(0.9357716 -0.31969199 0.0060820765)
(0.94023725 -0.3247653 0.0089384406)
(0.94373376 -0.32947688 0.011459004)
(1.071559 -0.36602349 0.0081893948)
(1.0758166 -0.37169775 0.010679207)
(1.0796465 -0.37650368 0.013073679)
(1.2123049 -0.41537781 0.010688783)
(1.2166372 -0.42092752 0.012929414)
(1.2204277 -0.426116 0.014689691)
(1.3571366 -0.46662428 0.013043216)
(1.3613131 -0.47244042 0.014825289)
(1.3652424 -0.47783824 0.016419763)
(1.5055889 -0.5198333 0.015462331)
(1.5097706 -0.5258 0.016951716)
(1.5136366 -0.53123486 0.018252015)
(1.6570098 -0.57472641 0.017821395)
(1.6611286 -0.58058124 0.019105584)
(1.6651249 -0.58640957 0.020084763)
(1.8110073 -0.63065202 0.020162816)
(1.8151549 -0.63700484 0.021142535)
(1.8191039 -0.64266652 0.021916533)
(1.9671067 -0.68803191 0.022617236)
(1.9711728 -0.69402079 0.023301208)
(1.975128 -0.69993386 0.023869468)
(2.1246637 -0.74570873 0.024940368)
(2.1289691 -0.75207558 0.025368301)
(2.1328336 -0.75807598 0.025827803)
(2.2837357 -0.8040274 0.027252373)
(2.2878779 -0.81044383 0.027570946)
(2.2917016 -0.81640098 0.027840197)
(2.4436772 -0.86280541 0.029722163)
(2.4477455 -0.86916738 0.029760986)
(2.4517802 -0.87514917 0.029851217)
(2.6041434 -0.92143556 0.032034014)
(2.6082632 -0.92761747 0.03197666)
(2.6121359 -0.93390628 0.031756261)
)
;

boundaryField
{
    free
    {
        type            calculated;
    }
    bottom
    {
        type            calculated;
    }
    traction
    {
        type            calculated;
    }
}


// ************************************************************************* //
