/*--------------------------------*- C++ -*----------------------------------*\
  =========                 |
  \\      /  F ield         | OpenFOAM: The Open Source CFD Toolbox
   \\    /   O peration     | Website:  https://openfoam.org
    \\  /    A nd           | Version:  6
     \\/     M anipulation  |
\*---------------------------------------------------------------------------*/
FoamFile
{
    version     2.0;
    format      ascii;
    class       pointScalarField;
    location    "3.0002011540410094";
    object      p;
}
// * * * * * * * * * * * * * * * * * * * * * * * * * * * * * * * * * * * * * //

dimensions      [1 -1 -2 0 0 0 0];

internalField   nonuniform List<scalar> 
625
(
889688.84
-1345920.4
10606.117
15062.935
1693108.5
-2775810.4
11581.644
385.04528
709064.15
-81550.304
-71714.758
-12645.528
4206.4361
8073.2002
399653.36
416619.12
439043.8
423347.78
388987.2
389066.83
353918.05
335302.44
323730.35
296392.97
276636.43
247050.98
227207.86
203127.65
179598.44
157772.66
136943.94
112129.6
93645.881
74830.834
55041.634
37382.93
25563.742
-466251.81
-369693.51
-417831.41
-344080.95
-328461.39
-325598.4
-276251.63
-271403.29
-248671.28
-223290.31
-209907.47
-181698.77
-167834.47
-144607.4
-128847.89
-109821.36
-91892.713
-78389.281
-61440.607
-50692.68
-38189.447
-19826.873
-8295.8944
918209.66
-202481.49
-291166.52
-511939.9
-611412.07
-459205.44
-422496.76
-500850.29
-375164.69
-431643.37
-381553.15
-343068.1
-323469.6
-296560.33
-268424.76
-244670.29
-214386.19
-188283.43
-164274.38
-135439.56
-113520.95
-90184.438
-65450.225
-43347.488
-27469.675
-5202.0702
14011.046
382.78298
-2669.1282
24779.951
30679.198
49077.895
63106.854
83983.633
102743.88
123715.83
145816.41
164454.61
192396.24
217640.03
248589.37
259176.58
291511.44
310102.37
340917.45
364417.52
368762.68
449715.5
387999.09
508998.43
433376.82
468573.11
966696.33
950819.41
884934.21
-1201814.3
-1665427.8
-1720002.1
19563.442
19371.732
20580.359
-2943.9946
4621.8631
-1444.5493
228314.57
279937.69
271532.15
251337.31
242050.89
233116.3
217129.93
208386.52
193705.71
176251.06
161155.78
152672.23
138879.1
123025.32
111377.17
94667.412
83410.099
69531.727
52315.219
40405.753
27603.946
17108.105
15532.265
-73247.776
-45210.371
-57316.626
-16522.325
-34261.774
-13167.698
-18688.33
-13062.074
-6672.8614
-4482.7748
-2596.1175
1144.4594
443.61568
3268.0124
5113.8299
4256.796
10792.453
5646.4597
9675.1481
11736.072
9652.8181
9404.6295
6535.7227
-330989.63
-215659.97
-256953.58
-191470.73
-232797.98
-183771.37
-192777.99
-164169.66
-147517.32
-138311.51
-121161.09
-111126.74
-97195.474
-83923.6
-72278.522
-59766.477
-48788.829
-42018.203
-27912.154
-24106.862
-14329.298
-10679.438
1036.9509
554298.91
579936.42
661657.35
-24477.137
-44846.142
-145239.27
-265746.69
-123207.26
-90916.49
-760343.96
-768355.57
-756279.05
-542046.8
-557345.33
-603858.35
-466526.96
-466127.51
-508554.67
-397018.83
-393989.72
-422028.99
-381145.78
-391370.84
-423102.73
-348103.81
-345864.77
-363340.45
-333733.46
-337910.01
-339178.92
-307330.59
-302727.68
-327919.44
-283297.61
-286561.2
-304906.01
-258278
-259793.56
-279846.96
-231825.35
-238684.23
-258224.4
-216301.88
-214582.12
-230057.34
-188489.04
-194658.59
-209715.57
-170905.81
-169658.69
-187353.39
-146178.72
-148365.86
-162631.62
-126212.83
-127137.5
-140046.32
-105583.8
-106538.64
-116455.54
-82966.285
-86786.942
-94049.222
-66736.09
-68292.187
-74738.518
-49262.857
-50924.328
-54736.594
-31017.53
-32325.784
-34455.791
-18496.71
-19454.254
-22583.856
-7989.5724
-4823.2107
-6025.3375
-13070.241
-16184.122
-15508.425
8112.082
3596.6658
4638.9836
13118.965
15381.181
15113.929
501061.25
478242.31
523282.99
520813.47
418205.64
478066.91
497447.99
445624.43
478879.31
455193.85
398863.26
433931.46
441372.6
399365.55
409420.23
410375.4
363081.92
381322.3
392081.87
347684.85
357468.89
364576.72
319086.76
334959.12
343232.18
300626.29
309241.29
307955.11
277712.98
285590.39
284948.52
259021.44
262214.39
266912.93
234477.64
225386.66
236985.44
209323.51
209256.4
214715.96
188005.71
190697.23
188290.45
166464.57
166384.42
164698.16
144212.93
143552.66
135860.81
122644.02
123570.49
114585.59
104710.63
102272.37
91675.179
84574.788
82076.264
70173.53
65038.498
64051.191
49551.082
48728.606
46879.087
34578.894
35331.32
31547.592
25991.007
29003.052
27381.502
209201.64
287229.27
226065.3
257918.17
236572.36
221386.07
219183.98
193380
183489.15
162913.71
149409.67
136151.4
128792.12
107259.54
97727.277
84976.196
71164.327
60967.437
49786.659
41437.05
29329.404
23607.684
14752.682
-75311.872
2679.2359
-1504.2145
10233.914
29297.768
18203.472
15783.257
21261.765
14044.479
16465.928
13494.54
17210.136
9850.8649
10993.834
14372.55
10610.842
11808.763
12899.38
11442.333
10700.635
10711.207
9962.6929
10742.784
-234773.68
-169764.84
-284492.97
-231291.07
-238559.94
-251661.58
-217707.22
-212479.37
-198772.9
-184268.62
-168643.31
-158777.29
-142152.96
-126830.41
-111356.58
-97397.059
-82683.132
-67104.199
-53591.42
-42402.437
-27782.025
-13190.176
-10308.566
340145.97
376273.74
326205.5
271445
347760.08
296440.09
230797.42
249496.28
260167.46
216485.24
260527.41
221992.92
222754.06
215553.14
217124.46
207870.57
216323.17
209393.21
183357.13
196319.51
189578.68
188560.19
189437.89
179273.69
160189.62
174867.13
162536.41
160459.48
160039.61
156061.1
148394.75
155903.24
133766.37
132622.68
126054.54
128585.46
120066.21
121867.92
116396.36
108532.56
109959.75
101688.06
96083.057
95032.299
87158.557
84048.2
82366.68
79793.702
71123.495
72288.916
66801.525
64571.155
58644.164
56566.568
48699.017
47050.875
45573.533
40801.342
39007.697
36445.719
27650.95
27975.311
26657.796
21682.003
19461.922
17138.124
739.25107
7260.6033
7262.953
-70344.882
-109732.8
-60548.793
-4347.4575
-8046.5894
-31511.392
482.80906
-22765.589
-29776.778
-9008.5465
-4206.5411
-38474.099
18820.162
1295.2498
-12425.21
-4259.2765
5060.6759
-20684.414
21265.49
12686.207
-15106.758
9697.8933
10957.757
-16185.104
18311.578
11095.674
-10679.854
17353.99
20320.958
-11461.727
23303.28
9777.9719
-11817.219
20247.306
13605.899
-4671.9954
19172.195
19028.93
-3708.2549
21570.891
16657.28
-3860.022
17787.871
18151.737
-2544.6061
20137.17
17447.661
1762.3535
14533.063
19078.717
443.07272
15985.012
16144.936
1064.7405
12720.737
13968.635
5993.8422
10863.796
14647.814
6191.2177
10823.867
11167.542
7601.7268
10990.176
12344.76
6450.4562
11726.235
10708.144
9050.2854
-275351.13
-355612.51
-301172.33
-238554.92
-201487.27
-246544.81
-212437.19
-307639.46
-268405.9
-267047.3
-226480.14
-283818.59
-210656.44
-255234.1
-247343.53
-199912.08
-225143.65
-248416.3
-189361.78
-215236.59
-236788.82
-167792.89
-210449.37
-215406.27
-161951.64
-181355.96
-203415.48
-146746.46
-177202.03
-190002.16
-131301.63
-157336.9
-171727.53
-118062.01
-142592.45
-155313.85
-100783.74
-132031.75
-139407.42
-91128.919
-114656.65
-124830.24
-77124.885
-101313.65
-109495.57
-67537.337
-86301.596
-94350.245
-55435.483
-73196.551
-80238.699
-43573.999
-59992.927
-65541.476
-34852.111
-47019.068
-49433.604
-25978.32
-34627.702
-37483.784
-20419.486
-25062.287
-28242.777
-4625.5417
-11848.209
-11171.352
-2927.5766
-7934.9863
-5478.9102
)
;

boundaryField
{
    free
    {
        type            calculated;
    }
    bottom
    {
        type            calculated;
    }
    traction
    {
        type            calculated;
    }
}


// ************************************************************************* //
