/*--------------------------------*- C++ -*----------------------------------*\
  =========                 |
  \\      /  F ield         | OpenFOAM: The Open Source CFD Toolbox
   \\    /   O peration     | Website:  https://openfoam.org
    \\  /    A nd           | Version:  6
     \\/     M anipulation  |
\*---------------------------------------------------------------------------*/
FoamFile
{
    version     2.0;
    format      ascii;
    class       pointVectorField;
    location    "3.0002011540410094";
    object      u;
}
// * * * * * * * * * * * * * * * * * * * * * * * * * * * * * * * * * * * * * //

dimensions      [0 1 0 0 0 0 0];

internalField   nonuniform List<vector> 
625
(
(0 0 0)
(0 0 0)
(2.4040527 -0.26404211 0.11298357)
(2.237373 -0.81498727 0.076124458)
(0 0 0)
(0 0 0)
(2.2539978 -0.8570895 0.073914394)
(2.4203429 -0.3066274 0.11154566)
(0 0 0)
(0 0 0)
(0 0 0)
(2.3617025 -0.40237334 0.10283755)
(2.3200181 -0.53892256 0.094498026)
(2.2791007 -0.67604021 0.085112346)
(0.0053621305 0.021743643 0.021667911)
(0.021333906 0.047045563 0.022442533)
(0.052690006 0.069442683 0.025454639)
(0.096448036 0.090691758 0.026050743)
(0.15143222 0.1073689 0.027549623)
(0.21872767 0.12192009 0.029148455)
(0.29470721 0.13101886 0.031087396)
(0.38054402 0.13698848 0.033413016)
(0.47462167 0.13802183 0.036509609)
(0.57612556 0.13485548 0.039325099)
(0.68438206 0.1276719 0.043151598)
(0.79863036 0.11586536 0.046808883)
(0.91816174 0.10033732 0.051193191)
(1.0421265 0.080774604 0.055769098)
(1.1699769 0.057676337 0.060753896)
(1.3011651 0.031120492 0.065830603)
(1.4347001 0.0017986904 0.071489595)
(1.5706405 -0.030627303 0.077064571)
(1.7080761 -0.065554986 0.082825978)
(1.84642 -0.10221685 0.088852073)
(1.9856994 -0.14095891 0.094835638)
(2.1251526 -0.1805124 0.10091631)
(2.2643135 -0.22183118 0.10735211)
(-0.0051923922 -0.019520505 -0.027552153)
(0.013460252 -0.038479565 -0.023403736)
(0.036919454 -0.063131395 -0.028299338)
(0.076206406 -0.087069919 -0.024826691)
(0.12157766 -0.10939146 -0.024763759)
(0.18055144 -0.13715083 -0.022525586)
(0.24507303 -0.16165057 -0.020943199)
(0.32103469 -0.19080605 -0.017578363)
(0.40322295 -0.22053873 -0.015301906)
(0.49371342 -0.25126941 -0.01132481)
(0.59093285 -0.28505303 -0.0074839558)
(0.69450971 -0.31939116 -0.0027684708)
(0.80385821 -0.35606258 0.002132926)
(0.91837998 -0.39387711 0.0076214781)
(1.0376599 -0.4331959 0.013420673)
(1.1609654 -0.47363003 0.019640523)
(1.2880689 -0.51517756 0.026214584)
(1.4178169 -0.55746454 0.032793604)
(1.5508112 -0.60021568 0.0400089)
(1.6853115 -0.64329848 0.046991641)
(1.8218861 -0.68662359 0.054389491)
(1.9595121 -0.72967407 0.061512599)
(2.0980899 -0.77241684 0.068594964)
(0 0 0)
(0 0 0)
(0 0 0)
(0.0042552365 -0.012246222 0.018228211)
(0.020075673 -0.051254435 0.020880111)
(0.049040149 -0.064408072 0.016682631)
(0.086570514 -0.09247188 0.013871499)
(0.13812188 -0.1238166 0.014751286)
(0.19549981 -0.14581568 0.011191936)
(0.26279981 -0.17974643 0.01323938)
(0.33870232 -0.20837876 0.012142087)
(0.4218841 -0.24152652 0.01307881)
(0.51265606 -0.27560132 0.014290602)
(0.61002958 -0.31154047 0.015764467)
(0.713519 -0.34868322 0.018269168)
(0.82268871 -0.38764815 0.020725733)
(0.93707038 -0.42772566 0.023881947)
(1.0558863 -0.46881491 0.027526392)
(1.1788779 -0.51117356 0.031555579)
(1.3054995 -0.55390947 0.035945399)
(1.4351997 -0.59738224 0.040715198)
(1.5675412 -0.64111752 0.045836103)
(1.7021414 -0.68482896 0.051114548)
(1.8383574 -0.7286285 0.0566697)
(1.9761554 -0.77182223 0.062416809)
(2.1144199 -0.81486093 0.068319356)
(2.2957974 -0.71847031 0.083334961)
(2.3362049 -0.58131451 0.093092662)
(2.3777796 -0.44535072 0.10289636)
(2.2808134 -0.2642589 0.10398591)
(2.1409484 -0.22278516 0.096728063)
(2.0014817 -0.1827436 0.089315647)
(1.8619661 -0.14307168 0.081570905)
(1.723322 -0.10530044 0.07395284)
(1.585817 -0.069314096 0.066249427)
(1.4499623 -0.035500121 0.058791524)
(1.3161716 -0.0041987554 0.051328443)
(1.1850672 0.024138206 0.044230026)
(1.0572121 0.049539199 0.037261738)
(0.93310649 0.07110662 0.03068128)
(0.81343423 0.089535919 0.023955894)
(0.69914142 0.10332433 0.018652198)
(0.59052152 0.11336229 0.012882748)
(0.48842639 0.11913349 0.0076654501)
(0.39378928 0.12049666 0.002920722)
(0.30724493 0.11799279 -0.0018429927)
(0.2293809 0.11036953 -0.0051400355)
(0.16269326 0.099355698 -0.0095291045)
(0.10437574 0.083306307 -0.011580797)
(0.059763509 0.066263024 -0.016065989)
(0.025351871 0.043525753 -0.017049826)
(0.013111733 0.021399152 -0.013706078)
(0 0 0)
(0 0 0)
(0 0 0)
(0 0 0)
(0 0 0)
(0 0 0)
(2.2413027 -0.82583323 0.075146282)
(2.2455613 -0.83658661 0.075142242)
(2.2494497 -0.84705016 0.074460273)
(2.4087201 -0.27441565 0.11262336)
(2.4127622 -0.28513182 0.11212843)
(2.41699 -0.29557474 0.11178056)
(-0.0051418989 0.013221098 0.01508671)
(0.012221258 0.026698824 0.011799656)
(0.041666672 0.038310811 0.013809308)
(0.083921798 0.048248855 0.014058228)
(0.13763772 0.055329379 0.015462466)
(0.20248624 0.059555825 0.016855763)
(0.27660687 0.059905113 0.018974511)
(0.3602358 0.057165342 0.021375962)
(0.45178894 0.050447228 0.024001361)
(0.55075647 0.040286636 0.027281639)
(0.65668764 0.026453653 0.030883421)
(0.76877599 0.0086352422 0.034877173)
(0.88609059 -0.012207481 0.03928923)
(1.0080474 -0.03665405 0.043981581)
(1.1341126 -0.063965871 0.049139535)
(1.2636112 -0.094173975 0.054401224)
(1.3958765 -0.12695202 0.06024338)
(1.5306124 -0.16187277 0.065952927)
(1.6672397 -0.19898864 0.072013252)
(1.804891 -0.23748728 0.07830869)
(1.9438074 -0.27746037 0.08445796)
(2.082907 -0.31813892 0.090820283)
(2.2223025 -0.36038679 0.097231698)
(-0.010524982 0.0029182446 -0.00037612079)
(0.0086237201 0.0031270358 -0.0021643496)
(0.035702459 0.00476532 -4.9890455e-05)
(0.076279724 0.0043915174 0.00033724523)
(0.12868631 7.4422169e-05 0.0020388345)
(0.19092112 -0.0047997705 0.0037163652)
(0.26266578 -0.01329346 0.0057870331)
(0.34368806 -0.024529418 0.008248788)
(0.4323506 -0.038435711 0.011144169)
(0.5292094 -0.056039363 0.014836389)
(0.63217988 -0.076025167 0.018119808)
(0.74182023 -0.099535571 0.022699533)
(0.85657287 -0.12567461 0.027182723)
(0.97647292 -0.15447678 0.032192048)
(1.1004159 -0.18595052 0.037601089)
(1.22818 -0.21950309 0.04308989)
(1.3589178 -0.25542763 0.049344849)
(1.4923093 -0.29265446 0.055126032)
(1.6276146 -0.33172383 0.061775205)
(1.7644577 -0.37184412 0.068226659)
(1.9027607 -0.41306948 0.074658511)
(2.0415724 -0.45484773 0.081368116)
(2.1812911 -0.49712719 0.087816675)
(-0.011926216 -0.0089043208 -0.011255486)
(0.0072074965 -0.017241306 -0.010492063)
(0.031868378 -0.026163901 -0.012174038)
(0.072804487 -0.037966014 -0.011033153)
(0.12224248 -0.052688185 -0.010098569)
(0.18201353 -0.066229982 -0.0087852024)
(0.25198406 -0.085185328 -0.0065412368)
(0.3296035 -0.10385398 -0.0042597227)
(0.41622205 -0.12626258 -0.0010630156)
(0.50957551 -0.15074049 0.0020951461)
(0.61032032 -0.1771327 0.005970284)
(0.71716823 -0.20678293 0.010432698)
(0.82945116 -0.23787498 0.014986391)
(0.94696687 -0.27158339 0.020260705)
(1.0686711 -0.30702053 0.025746241)
(1.1945237 -0.34432965 0.03162338)
(1.3233477 -0.38307671 0.037855062)
(1.4553227 -0.42307651 0.044138472)
(1.5894184 -0.46422813 0.050915288)
(1.7255678 -0.50610495 0.057466866)
(1.8629662 -0.54867082 0.064356879)
(2.001251 -0.59117398 0.0712422)
(2.1401865 -0.63388528 0.07813153)
(0 0 0)
(0 0 0)
(0 0 0)
(0 0 0)
(0 0 0)
(0 0 0)
(0 0 0)
(0 0 0)
(0 0 0)
(0.0064219466 -0.0069949261 -0.012023356)
(0.0094489608 -0.010188501 -0.0047251283)
(0.0095632945 -0.0085514745 0.0053331189)
(0.025600247 -0.045208659 -0.014197605)
(0.02752943 -0.047436053 -0.0046279782)
(0.029191972 -0.047600051 0.0090214646)
(0.049371372 -0.064022365 -0.016813007)
(0.054797514 -0.063479522 -0.0059032268)
(0.056371521 -0.068192528 0.0071934035)
(0.086739573 -0.089631692 -0.014381466)
(0.091637995 -0.093185243 -0.0056149355)
(0.091437646 -0.092652557 0.0050309534)
(0.13455504 -0.11600677 -0.015066017)
(0.13907963 -0.11793804 -0.007070636)
(0.14210588 -0.12406837 0.0049962874)
(0.19021177 -0.14059767 -0.014200772)
(0.19662698 -0.14498127 -0.0050037992)
(0.19853292 -0.14672332 0.0035125361)
(0.25696692 -0.16927562 -0.011992584)
(0.26245664 -0.17467273 -0.0052821485)
(0.26448348 -0.17682949 0.0051775555)
(0.33103676 -0.19787815 -0.010662154)
(0.33682589 -0.20123995 -0.0035859655)
(0.3400167 -0.20812546 0.0050353673)
(0.41341287 -0.22783699 -0.0079949926)
(0.41946328 -0.23505377 -0.0016668864)
(0.42245375 -0.23924465 0.006365949)
(0.5034645 -0.26043645 -0.0050580415)
(0.5092236 -0.26617889 0.00061028781)
(0.51263712 -0.27254145 0.0081707887)
(0.5998817 -0.29371793 -0.0018577276)
(0.60593498 -0.30151674 0.0036985923)
(0.60944111 -0.30788693 0.010114758)
(0.70316173 -0.32979688 0.002323722)
(0.70884584 -0.33686249 0.006680236)
(0.71261297 -0.34404316 0.01321389)
(0.81196377 -0.3659774 0.0066202165)
(0.8175786 -0.37432589 0.01101287)
(0.82115262 -0.38236514 0.01618385)
(0.92600106 -0.40473362 0.011660016)
(0.93134923 -0.41342977 0.015174751)
(0.93525829 -0.42167705 0.019874601)
(1.0446739 -0.4441453 0.016828639)
(1.0499905 -0.45326314 0.019982193)
(1.0537855 -0.46199419 0.024103988)
(1.1675753 -0.48493541 0.02257599)
(1.1725878 -0.49442224 0.025197383)
(1.1764835 -0.50365322 0.028621135)
(1.2939634 -0.52652814 0.02857041)
(1.2989586 -0.53635403 0.030688306)
(1.3028106 -0.54589931 0.033583008)
(1.4236319 -0.56862642 0.0347931)
(1.4283862 -0.57895412 0.036498851)
(1.4322619 -0.58873088 0.038833551)
(1.5558407 -0.6117032 0.041414548)
(1.5605106 -0.62194566 0.042694939)
(1.5643778 -0.63201381 0.044430003)
(1.6903374 -0.65453846 0.048016114)
(1.6948058 -0.665141 0.048952084)
(1.6986802 -0.67538684 0.050156594)
(1.8264389 -0.69786753 0.05486132)
(1.8308046 -0.70838211 0.055494724)
(1.8347837 -0.7186905 0.056118286)
(1.9639173 -0.7407096 0.061681687)
(1.9682229 -0.75137113 0.061902154)
(1.972159 -0.76192422 0.062133093)
(2.1021798 -0.78353329 0.068497053)
(2.106356 -0.79408393 0.068398712)
(2.1105519 -0.80458769 0.068403717)
(2.3664003 -0.41296019 0.10317042)
(2.3704831 -0.4235224 0.10291151)
(2.3745093 -0.434208 0.10279146)
(2.3239622 -0.54960795 0.09418723)
(2.3284224 -0.56028596 0.09365409)
(2.33209 -0.57083199 0.093278226)
(2.2832321 -0.68709649 0.084617908)
(2.2876122 -0.6978162 0.084193477)
(2.2914856 -0.70812952 0.083942433)
(0.015163859 0.018654254 0.011589417)
(0.0166365 0.019206043 0.0034471463)
(0.018463673 0.019882635 -0.0037346987)
(0.03201563 0.043127149 0.011363056)
(0.03282102 0.044129532 0.0031757466)
(0.033534624 0.043043781 -0.008907675)
(0.063632163 0.066987175 0.01505665)
(0.065533747 0.066976083 0.0044919097)
(0.067491579 0.066937072 -0.0058228352)
(0.10591551 0.086780518 0.01543237)
(0.1101172 0.085393598 0.00617895)
(0.11065464 0.084243656 -0.004188241)
(0.16266677 0.10392494 0.017394539)
(0.16579827 0.10233552 0.0086779737)
(0.16713684 0.1018498 -0.00083560589)
(0.22793187 0.11736667 0.019523208)
(0.23221935 0.11386573 0.011408252)
(0.23453198 0.11183632 0.0021004535)
(0.30496023 0.12567849 0.021906035)
(0.30900626 0.12248139 0.014400866)
(0.31098495 0.11995367 0.005200791)
(0.39017275 0.13058442 0.024752989)
(0.39409198 0.12675827 0.017662648)
(0.39694911 0.12367946 0.0093282837)
(0.48376402 0.13112118 0.028199065)
(0.48826599 0.12657011 0.021279825)
(0.4909838 0.12263586 0.013646237)
(0.58493966 0.12749383 0.031822742)
(0.58944297 0.12224427 0.025484459)
(0.592304 0.11775003 0.018388193)
(0.69262997 0.11979865 0.036245391)
(0.69745488 0.11344272 0.029673091)
(0.70048243 0.10793506 0.023751459)
(0.80692417 0.10734405 0.040263884)
(0.81114035 0.10035297 0.035540319)
(0.81426507 0.094906542 0.028472431)
(0.92571839 0.091165111 0.045220653)
(0.930127 0.083822959 0.0400568)
(0.93349406 0.077834942 0.034772146)
(1.0494361 0.071339161 0.05028083)
(1.0537394 0.063484099 0.045984911)
(1.0572075 0.056398134 0.041014324)
(1.1768168 0.047840861 0.055900711)
(1.1811507 0.039338956 0.051879812)
(1.1845854 0.03181204 0.047496593)
(1.3075896 0.021060428 0.06150984)
(1.3117506 0.012060804 0.05808268)
(1.3153034 0.0040384203 0.054235803)
(1.4408268 -0.0088887674 0.06775619)
(1.4450479 -0.018000926 0.064679956)
(1.44868 -0.026690542 0.061320782)
(1.5762112 -0.041210619 0.073868622)
(1.5805309 -0.050999581 0.071182996)
(1.5841188 -0.05999208 0.068373196)
(1.7134259 -0.076061676 0.080190999)
(1.7175155 -0.086111314 0.078054358)
(1.7212242 -0.095483035 0.075747214)
(1.8514892 -0.11297287 0.086674253)
(1.8557307 -0.12305447 0.084887348)
(1.8594504 -0.13292116 0.083012036)
(1.9906212 -0.15141073 0.093137102)
(1.9946821 -0.16210811 0.091711973)
(1.9984447 -0.17202696 0.090490046)
(2.1296312 -0.19156782 0.099655954)
(2.1338449 -0.20195478 0.098691804)
(2.1377928 -0.21219389 0.097673632)
(2.2693452 -0.23226971 0.10647961)
(2.2732767 -0.24299554 0.10560123)
(2.2773927 -0.25351302 0.10497703)
(0.00031295148 0.0066614053 -0.0086812582)
(0.017916938 0.02820221 -0.010107091)
(0.048331872 0.031361625 -0.0056801125)
(0.093226248 0.041882437 -0.0057493438)
(0.1484632 0.045765752 -0.0032700112)
(0.21444437 0.047112907 -8.6593029e-05)
(0.28970269 0.045713393 0.0024018348)
(0.37376107 0.039728643 0.0059405395)
(0.46622633 0.03061206 0.0097178558)
(0.56561793 0.017595197 0.013952464)
(0.67210229 0.0011739661 0.018376466)
(0.78397308 -0.0187316 0.023659159)
(0.90127593 -0.04234691 0.028684891)
(1.0233099 -0.069043337 0.034735683)
(1.1493834 -0.098379195 0.040613837)
(1.2787518 -0.13043446 0.046981617)
(1.4110759 -0.16491846 0.053616352)
(1.5457742 -0.20127787 0.060322535)
(1.6822745 -0.23937887 0.067307602)
(1.8202308 -0.27898121 0.074235875)
(1.9592014 -0.31955286 0.081303863)
(2.098519 -0.36086277 0.088347196)
(2.2384128 -0.40311859 0.095450139)
(-0.007507772 0.0039118468 0.00067164624)
(0.013143475 0.0048316596 0.00064145394)
(0.043696128 -0.00086934583 0.0012750616)
(0.088030245 -0.0017852919 0.0013464748)
(0.14043854 -0.0081894474 0.0021095484)
(0.20515054 -0.016621044 0.0040266968)
(0.27731203 -0.027533421 0.0056352615)
(0.35950992 -0.041306934 0.0080670035)
(0.44893947 -0.058600652 0.01074128)
(0.54607098 -0.078164011 0.013894699)
(0.64941432 -0.10160391 0.017680916)
(0.75911449 -0.12701906 0.021500919)
(0.87382405 -0.15595533 0.026156089)
(0.99367494 -0.18697246 0.031051767)
(1.1175511 -0.22027929 0.036090905)
(1.245005 -0.2559943 0.041814156)
(1.3756404 -0.29318323 0.04762951)
(1.508843 -0.33201533 0.053689667)
(1.644113 -0.37213867 0.060070209)
(1.7810085 -0.41317589 0.066408485)
(1.9193856 -0.45480584 0.073153097)
(2.0579537 -0.49693784 0.079608449)
(2.1980846 -0.53979375 0.086238905)
(-0.0095246192 -0.0079588001 0.0090115047)
(0.015307041 -0.012318338 0.0066671776)
(0.043529945 -0.034464587 0.011404678)
(0.083733908 -0.038621069 0.0074003915)
(0.13676651 -0.060210629 0.0094502292)
(0.19792313 -0.077850713 0.0091380039)
(0.26808089 -0.096549031 0.010098)
(0.34762669 -0.12048937 0.011337873)
(0.4343288 -0.14500538 0.012983984)
(0.52828904 -0.17245913 0.015327953)
(0.62923793 -0.20203301 0.017718935)
(0.73576714 -0.23409939 0.020983059)
(0.8481682 -0.26784109 0.024454903)
(0.96539577 -0.30399786 0.028344359)
(1.0867712 -0.34146126 0.032751552)
(1.2122127 -0.38067829 0.037491065)
(1.3409128 -0.42107575 0.04253731)
(1.4724222 -0.46244752 0.047869632)
(1.6063064 -0.50471253 0.053479598)
(1.7421422 -0.54734256 0.059333203)
(1.8793418 -0.59029931 0.06528807)
(2.0176838 -0.63338452 0.071184489)
(2.156634 -0.67607098 0.077603084)
(0.0029233196 0.0064518818 0.0071749179)
(0.0028022939 0.0071601614 0.0027466847)
(0.0050700332 0.006957091 -0.0019206931)
(0.021843473 0.025782767 0.0056067146)
(0.025017908 0.025725441 0.00017210961)
(0.024602818 0.024534244 -0.0064391524)
(0.052101885 0.0356169 0.0073776984)
(0.054112831 0.033181514 0.0023490949)
(0.055818062 0.033375466 -0.0023991219)
(0.093950596 0.045006882 0.0077749128)
(0.098968212 0.044771835 0.003072878)
(0.098789983 0.041899591 -0.0016445331)
(0.14848652 0.051821104 0.0093597508)
(0.15198277 0.048865745 0.0049441033)
(0.15379738 0.046676131 0.001244442)
(0.21245697 0.054379295 0.011045962)
(0.21692591 0.052135487 0.0074314521)
(0.21878597 0.049006197 0.0022905163)
(0.28664484 0.054319549 0.01375598)
(0.29166452 0.051026271 0.0092103186)
(0.29331855 0.04751173 0.0059921578)
(0.36976854 0.051124157 0.015966598)
(0.37435156 0.046994271 0.012563244)
(0.37660887 0.042686381 0.008580894)
(0.46105278 0.043454349 0.019378711)
(0.46599094 0.038884658 0.015940391)
(0.46852414 0.033990687 0.012507427)
(0.55972128 0.033077186 0.02261836)
(0.56468199 0.027270072 0.019424158)
(0.56718467 0.021594442 0.016328239)
(0.66538334 0.018100816 0.026541727)
(0.67021764 0.011652131 0.023928363)
(0.67308937 0.0060082184 0.021000925)
(0.77671517 -2.9963486e-05 0.030958017)
(0.78175147 -0.0069385395 0.028130151)
(0.78453864 -0.013616116 0.02547066)
(0.89373004 -0.021454779 0.035638156)
(0.89847823 -0.028782452 0.033145332)
(0.90159643 -0.035881463 0.030758114)
(1.0151879 -0.046236563 0.040763811)
(1.0199887 -0.054096534 0.038601356)
(1.0230678 -0.06213759 0.036280948)
(1.1408544 -0.073878743 0.046095811)
(1.1454501 -0.082585894 0.04412442)
(1.148666 -0.090755333 0.042188197)
(1.2698678 -0.1045109 0.051929799)
(1.2744795 -0.11336078 0.05013668)
(1.2777663 -0.12218138 0.048362895)
(1.4019117 -0.13739402 0.057728131)
(1.406286 -0.14682523 0.056357718)
(1.4096516 -0.15605118 0.054776331)
(1.5360595 -0.17255594 0.064142076)
(1.5405544 -0.18243613 0.062687339)
(1.5439622 -0.19191648 0.061415294)
(1.6723383 -0.20967273 0.070454055)
(1.6766479 -0.21962897 0.069316367)
(1.6801534 -0.22952652 0.068220201)
(1.8097807 -0.24817728 0.076885064)
(1.8140516 -0.25856558 0.076040736)
(1.8176505 -0.26872653 0.075039732)
(1.9484264 -0.28814709 0.083410639)
(1.9526449 -0.29872517 0.082766304)
(1.9563804 -0.30905885 0.081990789)
(2.0873801 -0.3290804 0.089993652)
(2.0915325 -0.33960868 0.08971809)
(2.095336 -0.3500138 0.088885666)
(2.2267437 -0.37088121 0.096753085)
(2.2308302 -0.38151576 0.096343177)
(2.2349065 -0.39219863 0.096016006)
(-0.0035015094 0.0011107392 -0.0012601785)
(-0.0021663414 0.0030355554 -0.0013985928)
(-0.000417958 0.0019689041 0.00053112576)
(0.016558131 0.0037104501 -0.0037597803)
(0.019633087 0.0034830732 -0.002482693)
(0.019618989 0.0020036062 -0.001593862)
(0.046009361 0.0021062794 -0.0015672309)
(0.050016441 0.00087893464 0.0010000806)
(0.050320794 0.00075358253 0.00033060711)
(0.086421951 0.00090983514 -0.0013614088)
(0.091794 -0.00083499018 -0.00024657129)
(0.091398867 -0.0038957699 -0.0003224252)
(0.13910669 -0.0031007565 0.00038217474)
(0.14379427 -0.0064045196 0.0023567514)
(0.14432493 -0.0071913183 0.00081269104)
(0.20047414 -0.0094184454 0.0022060145)
(0.20651354 -0.012914216 0.0032565542)
(0.20733849 -0.015938116 0.0028297519)
(0.27267568 -0.018208954 0.0038490133)
(0.2781091 -0.023313165 0.005101777)
(0.27930271 -0.026155913 0.0044777654)
(0.35319362 -0.030601963 0.0067404259)
(0.35886211 -0.035477648 0.0082261259)
(0.36030953 -0.039100523 0.007104362)
(0.44161121 -0.045104203 0.0095909411)
(0.44717798 -0.051392095 0.010256666)
(0.44946148 -0.055956519 0.0096511441)
(0.53790008 -0.063351031 0.01301453)
(0.54382348 -0.069971808 0.01420335)
(0.54572381 -0.074533797 0.013076346)
(0.6409111 -0.084392166 0.016963153)
(0.64604379 -0.091257341 0.017492582)
(0.64887468 -0.097212194 0.016678119)
(0.74982132 -0.10807398 0.021223573)
(0.75544191 -0.11602557 0.021666885)
(0.75799399 -0.12201279 0.02096357)
(0.8644346 -0.13484087 0.025834922)
(0.86965727 -0.14293912 0.026463344)
(0.87237716 -0.14990224 0.025504061)
(0.98368904 -0.16406127 0.030892502)
(0.98881025 -0.17304164 0.031198263)
(0.99176228 -0.1805442 0.030555729)
(1.1073621 -0.19590952 0.036345027)
(1.1122895 -0.20511016 0.03676764)
(1.1154265 -0.2131129 0.035778528)
(1.2345612 -0.22990288 0.042082718)
(1.239429 -0.23954073 0.042180891)
(1.2425656 -0.24802437 0.041499002)
(1.3649422 -0.26586286 0.048151335)
(1.3696018 -0.2757783 0.048349107)
(1.3729022 -0.28484451 0.047514947)
(1.4978605 -0.30360271 0.054442489)
(1.5024744 -0.31371298 0.054393082)
(1.5058971 -0.3230804 0.05364483)
(1.6329599 -0.34275403 0.060987897)
(1.6374771 -0.35299042 0.060749138)
(1.6409046 -0.36271582 0.060156079)
(1.769655 -0.38301185 0.067628023)
(1.773948 -0.39327857 0.067228153)
(1.7776914 -0.40349311 0.066614234)
(1.9075555 -0.42409998 0.074146887)
(1.9120919 -0.43464964 0.073817728)
(1.9156474 -0.4448612 0.073386876)
(2.0461136 -0.46576051 0.080859562)
(2.050335 -0.47616511 0.080491588)
(2.0540607 -0.48673453 0.079876782)
(2.1856187 -0.50793571 0.087387047)
(2.1899777 -0.51857285 0.087074525)
(2.1939424 -0.52902654 0.086607504)
(-0.0043920937 -0.005001254 -0.0060581659)
(-0.0043374305 -0.0056475181 0.0010011053)
(-0.0021394162 -0.00552159 0.0043841225)
(0.018627816 -0.016882961 -0.0060715416)
(0.022462799 -0.01328134 -0.0010924998)
(0.021690513 -0.015426417 0.0036663888)
(0.04361077 -0.027350759 -0.0071123993)
(0.047602101 -0.03237471 -0.0009588391)
(0.048804648 -0.032802964 0.0044780238)
(0.084764576 -0.04203613 -0.0073029746)
(0.087893209 -0.040841229 -0.0021333852)
(0.089951011 -0.04334172 0.0030897511)
(0.13382544 -0.055237017 -0.0056257904)
(0.1386903 -0.059447007 -0.00037219637)
(0.14104867 -0.060406918 0.0041229233)
(0.19389575 -0.071959791 -0.0054128177)
(0.19800528 -0.074606392 -0.0010042201)
(0.20128322 -0.077888408 0.0036886857)
(0.26316168 -0.090817827 -0.0031121218)
(0.26823476 -0.094546822 0.0018281634)
(0.27102305 -0.09749934 0.0054205755)
(0.34059724 -0.11050539 -0.0011280461)
(0.345202 -0.11543743 0.0026685735)
(0.34902028 -0.11927179 0.006455495)
(0.42671377 -0.13402393 0.0015629962)
(0.43189044 -0.13895489 0.0053081026)
(0.43558607 -0.14343235 0.0086373995)
(0.51982235 -0.15880251 0.0045963214)
(0.52472266 -0.16466595 0.0079766546)
(0.52865932 -0.17016826 0.011196929)
(0.61981547 -0.18616319 0.0081197058)
(0.6249847 -0.19307076 0.011248615)
(0.62912821 -0.19873359 0.013961338)
(0.72622142 -0.2162392 0.012354422)
(0.73122701 -0.22326228 0.015004102)
(0.73523278 -0.23001758 0.017438718)
(0.83793298 -0.24789752 0.016600423)
(0.8427525 -0.25586329 0.018973639)
(0.84702429 -0.26306089 0.0213448)
(0.95485111 -0.28209679 0.021628035)
(0.95968303 -0.29028873 0.023782224)
(0.96391423 -0.29822233 0.025576227)
(1.0761027 -0.31789071 0.026877055)
(1.0807514 -0.32669631 0.028644966)
(1.0850707 -0.33512936 0.030259785)
(1.2012961 -0.3554068 0.032563459)
(1.2058864 -0.36464584 0.034019177)
(1.2100801 -0.3734628 0.035363998)
(1.3297665 -0.39447892 0.038475136)
(1.334248 -0.40388241 0.039768411)
(1.3385303 -0.4133165 0.040763204)
(1.4611138 -0.43444169 0.044669661)
(1.4655877 -0.44455364 0.045605077)
(1.4697601 -0.4540743 0.046402026)
(1.5948504 -0.47581819 0.051176584)
(1.5991815 -0.48576352 0.051820802)
(1.6033202 -0.49571722 0.052379433)
(1.7302628 -0.51743928 0.057703401)
(1.7348203 -0.52788239 0.05807012)
(1.7388411 -0.53806013 0.058513432)
(1.8673739 -0.55965905 0.064343777)
(1.8717403 -0.57029289 0.064588306)
(1.8756901 -0.58052659 0.064815541)
(2.0055195 -0.6023184 0.071199144)
(2.0097778 -0.61297465 0.07114239)
(2.0139248 -0.62327067 0.071149771)
(2.144243 -0.64483371 0.077916566)
(2.1485155 -0.65533231 0.077740677)
(2.1525097 -0.66598434 0.077399968)
)
;

boundaryField
{
    free
    {
        type            calculated;
    }
    bottom
    {
        type            calculated;
    }
    traction
    {
        type            calculated;
    }
}


// ************************************************************************* //
