/*--------------------------------*- C++ -*----------------------------------*\
  =========                 |
  \\      /  F ield         | OpenFOAM: The Open Source CFD Toolbox
   \\    /   O peration     | Website:  https://openfoam.org
    \\  /    A nd           | Version:  6
     \\/     M anipulation  |
\*---------------------------------------------------------------------------*/
FoamFile
{
    version     2.0;
    format      ascii;
    class       pointScalarField;
    location    "2.09981038919933";
    object      p;
}
// * * * * * * * * * * * * * * * * * * * * * * * * * * * * * * * * * * * * * //

dimensions      [1 -1 -2 0 0 0 0];

internalField   nonuniform List<scalar> 
625
(
306058.88
-428032.72
7391.4592
9524.1753
520540.14
-815044.99
6790.2976
-2471.9964
222021.58
-14627.497
-29958.653
-15804.459
1465.5937
4210.2126
114500.39
124378.48
123055.23
115682.4
104312.87
99017.35
88237.587
80722.757
75027.043
69442.989
64517.363
57943.53
55579.54
52280.433
49004.776
48362.197
44830.982
44195.93
40465.492
38439.484
33294.693
28686.157
21795.647
-139531.4
-116104.91
-126988.34
-112297.68
-104825.11
-104892.32
-93189.011
-91564.427
-86165.412
-82452.118
-78585.495
-72744.228
-70224.183
-65626.555
-62231.089
-58007.961
-52924.331
-50147.054
-44240.891
-39432.596
-36327.417
-23593.219
-12736.678
280752.6
-30815.732
-101901.59
-146789.51
-177129.28
-119909.34
-119331.3
-123831.4
-87970.316
-97741.567
-85421.072
-75890.275
-69539.171
-63550.657
-59143.93
-56317.11
-51732.55
-49094.965
-47066.47
-44739.092
-42023.35
-39351.202
-35185.957
-29481.561
-21649.718
-11607.74
8225.7312
-1141.8526
-5734.5184
24031.614
26765.956
40159.493
45749.321
55264.837
62295.573
68007.181
74692.04
78277.678
83691.208
90073.216
93436.054
96680.246
103035.25
107056.78
112639.19
117291.42
119249.42
138414.35
126327.76
152325.07
136512.96
142492.55
303507.76
315566.73
289108.17
-384701.46
-525639.29
-511057.88
14146.989
12890.818
14301.438
-5774.5283
553.70956
-5565.5277
67837.199
80701.95
76071.531
68039.537
62617.566
57990.069
51432.933
47323.917
43661.473
38454.656
34214.767
33287.431
31527.831
29630.943
28718.586
27905.437
25643.737
25789.156
22569.414
19803.868
15987.212
9793.6879
11736.75
-16778.358
-14722.181
-18090.998
-11857.871
-16890.134
-13488.188
-17152.62
-16129.268
-16818.866
-17739.362
-15621.992
-16105.743
-15959.018
-14806.52
-13903.744
-11950.624
-10607.163
-7757.67
-4609.1001
-461.02791
931.64164
3948.1568
2945.6809
-92213.085
-62824.825
-73925.336
-65842.516
-71244.074
-63857.132
-64786.618
-59736.588
-57901.139
-54886.8
-53870.555
-51232.59
-48829.976
-45882.24
-43033.219
-39290.355
-37017.898
-30094.93
-25655.844
-21051.312
-14517.835
-12489.381
-1906.5848
172811.27
179750.48
202639.71
2881.4821
-3846.1419
-30192.936
-104891.92
-50386.12
-48636.088
-210370.11
-213758.84
-200863.82
-165311.98
-169449.99
-176479.38
-130986.14
-128406.52
-136506.91
-116984.04
-113201.4
-112678.87
-111999.69
-106013.18
-112726.65
-102568.85
-95106.069
-96243.737
-98851.137
-90214.394
-85773.401
-92365.33
-80852.655
-82941.552
-86544.285
-76265.233
-75293.705
-81329.394
-70702.271
-70407.744
-76739.822
-67133.083
-65621.586
-73796.182
-60801.432
-59101.635
-68829.821
-58926.402
-57372.095
-66710.556
-55283.595
-54855.198
-62168.742
-52093.699
-51706.625
-58665.958
-49442.807
-49203.447
-54740.2
-46240.566
-46324.107
-48168.03
-42927.828
-43116.516
-43096.248
-39779.953
-39187.768
-37243.19
-35146.319
-34149.822
-29669.731
-28929.801
-27022.287
-21273.917
-21886.537
-22741.699
-14968.171
-12092.47
-11473.399
-16498.782
-19107.299
-22151.044
5511.4696
-175.23775
-348.03902
8622.8706
9297.0322
7992.1768
147609.77
142002.67
152517.66
158689.52
127765.01
151409.72
143062.83
128639.82
143591.07
129642.7
117062.94
133783.9
122146.73
113680.8
122775.23
110874.63
103424.98
116624.44
103662.76
98432.414
110399.38
96647.296
90822.634
103787.68
88926.64
84556.259
98132.895
82722.935
81804.492
94159.95
75448.981
76112.569
88199.798
72685.26
71878.941
80435.675
69211.409
67888.579
78896.604
65567.021
64074.772
75590.899
62963.629
60658.608
71121.647
59902.462
57336.166
66972.416
56097.634
53170.075
62975.192
50313.273
50839.431
57404.819
47599.577
45419.231
51467.457
41369.856
39968.028
44543.636
34757.144
35308.249
37021.635
26935.223
29276.467
26502.26
25748.71
27710.211
28339.334
66441.84
88019.427
70164.026
80086.399
75767.957
75809.553
73621.432
70299.603
66995.919
64075.569
59935.679
60840.741
57496.192
52927.868
50713.069
46422.237
42431.772
38117.894
33520.801
28931.848
20349.278
16809.946
7784.3472
-20849.366
12137.329
5862.4287
19694.434
22092.627
21921.475
23086.133
23884.041
24020.033
23697.043
24161.092
23560.928
20839.432
21904.57
19612.514
18146.207
16594.225
15058.171
13106.907
10691.099
9306.9028
6606.9351
6864.0691
-68795.117
-41970.361
-79113.33
-49295.084
-56505.671
-51586.304
-43759.151
-37529.657
-34420.789
-29391.87
-26280.489
-25069.659
-21254.046
-20553.006
-19550.362
-18818.821
-18703.27
-18031.955
-17699.614
-17156.658
-14655.589
-9646.8987
-10648.129
110981.59
117235.93
105845.44
77764.632
105808.13
93399.723
66597.601
78140.924
85263.27
60835.783
80132.317
74741.219
58860.078
66950.324
72298.74
54284.056
65501.752
71444.284
47889.839
61652.552
65683.034
45983.39
57326.203
63091.556
40919.258
55290.721
61002.868
38721.185
50988.423
58230.235
37590.204
48996.486
53891.99
34819.988
45510.56
54056.731
32349.661
43758.699
50544.413
30639.489
41955.752
47816.331
29680.17
39588.785
45080.088
28057.033
36715.271
42996.737
26184.341
35965.578
39237.664
27607.949
31580.419
36007.407
23104.769
29318.449
30761.427
22738.562
25632.054
27067.374
17754.614
19505.625
21046.906
15205.751
13408.984
14180.498
-2551.6858
3872.512
4933.8049
-17552.446
-24606.603
-13015.637
1122.5859
8219.6041
3017.9985
2405.6843
2164.5158
1875.8241
-956.46217
8148.8328
-2857.4135
3633.6378
7119.6048
8171.0386
-2683.9122
10360.97
4241.1436
731.83294
8031.5712
6923.3863
-1822.8103
9286.257
6996.6566
-1704.9246
7489.225
8238.1866
-2801.1842
8844.8374
7531.9494
-1445.2655
7137.824
8760.4678
-2941.0122
6348.3798
8922.0006
-2383.97
6187.4876
7880.1324
-2132.3166
6692.7696
8474.3736
-1513.3167
5850.9411
7345.7032
-1270.0673
5857.5387
7188.8178
-333.04023
6343.6561
6079.8306
451.83277
5264.8239
4631.2982
167.69047
4105.8194
4947.3748
212.76046
4459.7026
4461.1813
1454.7984
3979.2976
3436.6878
3168.7088
5781.3582
3768.8231
6210.9697
7447.1792
6803.6754
-74929.558
-97332.965
-79391.14
-72387.032
-53926.512
-67593.825
-60739.22
-86240.182
-72584.959
-73191.908
-60368.106
-67566.574
-59202.619
-68954.334
-58489.535
-58049.637
-59662.893
-57126.935
-54947.158
-57094.012
-51555.68
-50971.63
-53597.807
-46773.639
-49335.852
-49706.178
-42071.525
-46371.872
-45273.434
-38342.232
-43187.752
-43385.509
-34987.471
-41644.007
-40475.395
-33158.182
-37824.733
-38345.452
-29174.226
-36470.416
-35777.514
-28022.124
-33564.147
-34289.564
-26749.297
-31915.395
-31838.663
-25096.599
-28195.867
-29971.751
-24081.482
-26907.937
-28075.431
-22635.987
-24190.856
-24685.561
-20001.207
-20261.755
-20437.148
-18202.954
-17979.929
-17153.191
-15846.657
-8267.1929
-11919.973
-10062.865
-5097.8466
-7724.0902
-5947.2663
)
;

boundaryField
{
    free
    {
        type            calculated;
    }
    bottom
    {
        type            calculated;
    }
    traction
    {
        type            calculated;
    }
}


// ************************************************************************* //
