/*--------------------------------*- C++ -*----------------------------------*\
  =========                 |
  \\      /  F ield         | OpenFOAM: The Open Source CFD Toolbox
   \\    /   O peration     | Website:  https://openfoam.org
    \\  /    A nd           | Version:  6
     \\/     M anipulation  |
\*---------------------------------------------------------------------------*/
FoamFile
{
    version     2.0;
    format      ascii;
    class       pointVectorField;
    location    "2.09981038919933";
    object      u;
}
// * * * * * * * * * * * * * * * * * * * * * * * * * * * * * * * * * * * * * //

dimensions      [0 1 0 0 0 0 0];

internalField   nonuniform List<vector> 
625
(
(0 0 0)
(0 0 0)
(0.71931565 0.038122863 -0.037954732)
(0.70231327 -0.14516977 -0.04272199)
(0 0 0)
(0 0 0)
(0.70974114 -0.13231325 -0.043457417)
(0.72663104 0.050660827 -0.038241924)
(0 0 0)
(0 0 0)
(0 0 0)
(0.71468561 -0.0085438116 -0.040038531)
(0.71004207 -0.053310969 -0.040389831)
(0.70616829 -0.098248606 -0.041764948)
(0.0017356871 0.0068844444 0.006402085)
(0.0062042098 0.013894843 0.0072336769)
(0.015016848 0.020675507 0.0076231305)
(0.027179652 0.027007141 0.007699139)
(0.042513125 0.032454034 0.0076409871)
(0.060939052 0.037546692 0.0074236141)
(0.081929863 0.041671176 0.0069923796)
(0.1054452 0.045371554 0.0064422742)
(0.13136352 0.048311984 0.0055877918)
(0.15936392 0.050677644 0.0045125223)
(0.18941373 0.052607431 0.0031273498)
(0.22137312 0.053903093 0.0013150021)
(0.25508463 0.054883916 -0.0006409914)
(0.29053171 0.055368163 -0.0029991384)
(0.32755725 0.055529091 -0.0056153493)
(0.3661671 0.055203185 -0.0084943353)
(0.40629516 0.054782979 -0.011765397)
(0.44765059 0.053755144 -0.014970876)
(0.49055249 0.0523949 -0.01864379)
(0.53443769 0.050651334 -0.022271091)
(0.57949124 0.048426638 -0.026030191)
(0.62532005 0.045923788 -0.029896703)
(0.67155538 0.042439128 -0.033515067)
(-0.00073719232 -0.0056249262 -0.0073724239)
(0.00525887 -0.011687421 -0.006352896)
(0.013565002 -0.018685509 -0.0066684165)
(0.025498758 -0.025154197 -0.0060248683)
(0.040228769 -0.031507454 -0.0057197238)
(0.058221382 -0.037944684 -0.0055030783)
(0.078292164 -0.044091352 -0.0055322761)
(0.10125612 -0.050232125 -0.0056813224)
(0.12623707 -0.05643082 -0.0062416535)
(0.1534557 -0.062414768 -0.006993255)
(0.18254759 -0.068528859 -0.0081732736)
(0.21362759 -0.074604911 -0.0095073912)
(0.24640561 -0.08072359 -0.011317665)
(0.28083984 -0.086833343 -0.013393796)
(0.3169332 -0.093010044 -0.01576163)
(0.35449716 -0.099145377 -0.0184164)
(0.3936488 -0.10536412 -0.021243483)
(0.43411198 -0.11155426 -0.024354035)
(0.47608152 -0.11764646 -0.027407881)
(0.51909713 -0.12365621 -0.030633783)
(0.56349714 -0.12958127 -0.03377552)
(0.60880136 -0.13509636 -0.036981264)
(0.6549662 -0.14032601 -0.040113759)
(0 0 0)
(0 0 0)
(0 0 0)
(0.0015943255 -0.0035957867 0.0053735527)
(0.0067903695 -0.014605489 0.006389135)
(0.015285049 -0.018261892 0.0053313182)
(0.027543979 -0.025509666 0.0047890564)
(0.042895095 -0.031907743 0.0047942163)
(0.060537366 -0.036896782 0.0036672953)
(0.081318443 -0.043052625 0.003380549)
(0.10425326 -0.048112854 0.0024029357)
(0.12956752 -0.053326147 0.0013571709)
(0.15703698 -0.058316782 3.4312512e-05)
(0.18649947 -0.063373367 -0.0015585462)
(0.21779848 -0.068265601 -0.0033109218)
(0.25093672 -0.073347141 -0.005493078)
(0.28572243 -0.0783728 -0.0078942925)
(0.32213301 -0.083557597 -0.010603418)
(0.36007806 -0.088876952 -0.013534826)
(0.39949993 -0.094295241 -0.016738016)
(0.44033247 -0.099854806 -0.02013509)
(0.48246247 -0.10551019 -0.023679884)
(0.52590564 -0.11118896 -0.027435277)
(0.57038197 -0.11689247 -0.031221373)
(0.61601895 -0.12225521 -0.03519024)
(0.6621741 -0.12772667 -0.039110093)
(0.7137655 -0.085453181 -0.042198374)
(0.7172701 -0.040767362 -0.040604384)
(0.72194371 0.0036651071 -0.038803666)
(0.6790945 0.055093972 -0.035772663)
(0.63241125 0.058281909 -0.032575834)
(0.58678303 0.060690319 -0.029315571)
(0.54156842 0.062896289 -0.02622852)
(0.49762933 0.064239103 -0.022993951)
(0.45480827 0.065122619 -0.019927654)
(0.4132809 0.065443059 -0.016872408)
(0.37310974 0.065279639 -0.014080247)
(0.33436561 0.064616846 -0.011449152)
(0.29714615 0.063510576 -0.0091117197)
(0.26148185 0.061932398 -0.0071127918)
(0.22741337 0.059943212 -0.0054930424)
(0.1952224 0.057459371 -0.0040614043)
(0.16476545 0.054517547 -0.0031655619)
(0.13634178 0.051098455 -0.0025229804)
(0.11000223 0.047225446 -0.0022704356)
(0.085997875 0.042858121 -0.0023011664)
(0.064298636 0.037937074 -0.0025321838)
(0.045814281 0.032464048 -0.0030957012)
(0.029577637 0.026380713 -0.0035668926)
(0.016822292 0.020240541 -0.0047255056)
(0.0073922491 0.013083506 -0.0050594267)
(0.003822443 0.0065073363 -0.0042276458)
(0 0 0)
(0 0 0)
(0 0 0)
(0 0 0)
(0 0 0)
(0 0 0)
(0.70411789 -0.14224548 -0.043205309)
(0.70616116 -0.13918373 -0.042899809)
(0.70784776 -0.13614123 -0.043226008)
(0.72160683 0.041780454 -0.038017679)
(0.72333601 0.044695552 -0.038131744)
(0.72524537 0.048097796 -0.038302967)
(-0.0012092447 0.0040307464 0.0045365181)
(0.0037583418 0.0075387191 0.0039510188)
(0.012291452 0.011004009 0.0043261333)
(0.024494871 0.014032136 0.0043882353)
(0.039839188 0.016604673 0.0043385307)
(0.058157874 0.01881431 0.0042093092)
(0.079182498 0.020378596 0.0038909086)
(0.10264293 0.021614698 0.0033627929)
(0.12844682 0.022259131 0.0025945323)
(0.15632256 0.022608471 0.0015480255)
(0.18621199 0.022485516 0.00019135782)
(0.21807881 0.021982751 -0.0014398432)
(0.25162098 0.021169103 -0.003399885)
(0.28690195 0.020007723 -0.0056788887)
(0.32374889 0.018533423 -0.0082004229)
(0.36219097 0.016799344 -0.011082799)
(0.40204059 0.014773246 -0.014099433)
(0.44337266 0.012533919 -0.017403237)
(0.48611266 0.0098805954 -0.020877071)
(0.52987358 0.0069514143 -0.02436612)
(0.57492193 0.0037511505 -0.028148233)
(0.62071645 0.00026397208 -0.031913925)
(0.66739191 -0.004237366 -0.035600043)
(-0.0025427775 0.00084345371 0.00031331475)
(0.0028211151 0.00081463136 9.8686435e-05)
(0.011507858 0.0012568864 0.00058063527)
(0.023483831 0.0011477418 0.00067350329)
(0.038908554 0.00060571006 0.00083922064)
(0.057102146 3.4081182e-05 0.0008066153)
(0.077911635 -0.0010248578 0.00057738587)
(0.10126995 -0.0022475612 0.00013709094)
(0.12683548 -0.0038434968 -0.0005701599)
(0.15461683 -0.0056516773 -0.0014872118)
(0.18428962 -0.0077318609 -0.0028238411)
(0.21591709 -0.010178705 -0.0043425999)
(0.24924373 -0.012742308 -0.0062801472)
(0.28428922 -0.015560099 -0.0084481414)
(0.32092263 -0.01860069 -0.010938653)
(0.3591088 -0.021799932 -0.013707913)
(0.39880745 -0.025226484 -0.016630815)
(0.43986066 -0.02871185 -0.019887345)
(0.48221462 -0.032519238 -0.023094223)
(0.52579811 -0.036412141 -0.026494266)
(0.57071873 -0.040460743 -0.030065304)
(0.61652512 -0.044785187 -0.033385667)
(0.66341478 -0.049000227 -0.037007789)
(-0.0028502162 -0.0024889549 -0.0027666408)
(0.002934277 -0.0048987971 -0.0026705736)
(0.011252142 -0.007924078 -0.0026634966)
(0.023467568 -0.011160395 -0.0023635474)
(0.038647389 -0.01472267 -0.0022713124)
(0.056581113 -0.018083767 -0.0021898111)
(0.077348706 -0.021828968 -0.0023687623)
(0.10039611 -0.025513788 -0.0026827153)
(0.12583435 -0.029408617 -0.0032999373)
(0.15328222 -0.033475247 -0.0041659528)
(0.18280532 -0.037545181 -0.005409688)
(0.21416891 -0.04185235 -0.0068936305)
(0.24726379 -0.046218476 -0.0087339576)
(0.28206475 -0.050728186 -0.010861345)
(0.31842835 -0.055327346 -0.01330164)
(0.35638814 -0.060044519 -0.015972517)
(0.39573288 -0.064800825 -0.018923956)
(0.43662785 -0.06958912 -0.021980077)
(0.47881138 -0.074520105 -0.025232722)
(0.5224016 -0.079321583 -0.028609301)
(0.56708009 -0.084333036 -0.031941732)
(0.61272595 -0.089004318 -0.035329525)
(0.65927102 -0.093750524 -0.03858578)
(0 0 0)
(0 0 0)
(0 0 0)
(0 0 0)
(0 0 0)
(0 0 0)
(0 0 0)
(0 0 0)
(0 0 0)
(0.0022711482 -0.0022164677 -0.0029814193)
(0.0031069926 -0.0030841034 -0.00084377872)
(0.0029952716 -0.002528369 0.0018090126)
(0.0086082107 -0.013086522 -0.0034607989)
(0.0091703585 -0.013455998 -0.00053451622)
(0.0093649362 -0.013263688 0.0030899024)
(0.016414206 -0.018694744 -0.0032824376)
(0.017508667 -0.018403471 -0.00045858908)
(0.017637087 -0.018900759 0.0028862852)
(0.028262085 -0.025552545 -0.0029606692)
(0.029491049 -0.025780782 -0.00035260632)
(0.029097822 -0.025378743 0.0024507894)
(0.043259907 -0.032039507 -0.0028778944)
(0.044105371 -0.031859336 -0.00054264152)
(0.044446624 -0.032057097 0.0024086099)
(0.060609452 -0.038102715 -0.0028905471)
(0.061888354 -0.037793594 -0.00038595833)
(0.062020923 -0.037600213 0.0018390706)
(0.08103026 -0.044144946 -0.0029392219)
(0.082183189 -0.043990355 -0.00099573357)
(0.082278718 -0.043222304 0.0015581923)
(0.10370527 -0.050145022 -0.0033947389)
(0.10481206 -0.049334329 -0.0013555128)
(0.1052578 -0.049024934 0.00079576717)
(0.12870865 -0.055894365 -0.0039806402)
(0.12994475 -0.055235917 -0.0021622463)
(0.13036154 -0.054354272 -0.00012804362)
(0.15583141 -0.061702103 -0.0049126698)
(0.15707191 -0.060676168 -0.0031932754)
(0.15762371 -0.059625426 -0.0013085912)
(0.18493262 -0.06747988 -0.006196109)
(0.18633315 -0.066229914 -0.0044689645)
(0.18695809 -0.064915238 -0.0028127808)
(0.21607648 -0.073364233 -0.0076540235)
(0.21733841 -0.071632952 -0.0062381291)
(0.21807965 -0.070071254 -0.0044545661)
(0.24878207 -0.079041199 -0.0095725789)
(0.25021319 -0.077280609 -0.0080915287)
(0.25104883 -0.075504565 -0.0065795499)
(0.283317 -0.084978464 -0.01171469)
(0.28475457 -0.082885902 -0.010379676)
(0.28571417 -0.080796526 -0.0089232361)
(0.31937119 -0.090826075 -0.014207865)
(0.32090957 -0.088531496 -0.012946717)
(0.32195143 -0.086210494 -0.011568692)
(0.35702624 -0.096815466 -0.016954178)
(0.3586058 -0.094267227 -0.015747901)
(0.35976041 -0.091755435 -0.01446279)
(0.39610951 -0.10276004 -0.019901618)
(0.39776116 -0.10006885 -0.018827824)
(0.39901382 -0.097390165 -0.017608727)
(0.4366087 -0.10869304 -0.023088563)
(0.43835124 -0.10597025 -0.022069666)
(0.43969677 -0.10309088 -0.020950847)
(0.47843299 -0.11480872 -0.026282262)
(0.48025327 -0.11180692 -0.025434341)
(0.48165615 -0.10885469 -0.024422047)
(0.52154165 -0.12061992 -0.029719808)
(0.52340118 -0.11768993 -0.028950831)
(0.52489326 -0.11463448 -0.028085721)
(0.5657861 -0.12650068 -0.033100997)
(0.56764331 -0.12346589 -0.032411743)
(0.56919694 -0.12027467 -0.031760083)
(0.61100034 -0.13200033 -0.036513863)
(0.61294398 -0.12894242 -0.036023842)
(0.61464086 -0.12590475 -0.03560141)
(0.65704791 -0.13746153 -0.039849577)
(0.65887653 -0.13427841 -0.039644751)
(0.66065686 -0.13107245 -0.039375965)
(0.71705344 -0.0050352412 -0.039362022)
(0.71877458 -0.0018789277 -0.039317594)
(0.72064041 0.001241927 -0.039198006)
(0.71176709 -0.050210395 -0.040371667)
(0.71396922 -0.047072324 -0.040560856)
(0.71545095 -0.04400318 -0.040648257)
(0.70825094 -0.095371883 -0.041898943)
(0.71028531 -0.092217251 -0.041910424)
(0.71186877 -0.088921724 -0.041943099)
(0.0045786403 0.0056316794 0.0033389915)
(0.0050631863 0.0059967635 0.0010551881)
(0.0053573568 0.0062329027 -0.001208376)
(0.0094417838 0.012989721 0.0039376279)
(0.0097149401 0.01327009 0.0012498219)
(0.0099873653 0.013139193 -0.0024224699)
(0.018120678 0.020190576 0.0046890613)
(0.018841549 0.020371117 0.0015685804)
(0.019143059 0.020700043 -0.001641964)
(0.030069979 0.026499128 0.0048068439)
(0.031234051 0.026611673 0.0020401968)
(0.031430824 0.02672569 -0.0010683623)
(0.045601564 0.032285226 0.004975684)
(0.046705058 0.032520599 0.0024060557)
(0.046993277 0.032958726 -0.00046435936)
(0.063709209 0.03749695 0.0049816549)
(0.065101095 0.037579544 0.002612238)
(0.065732841 0.037969401 -0.00017684468)
(0.084887247 0.04176749 0.0047674466)
(0.086255317 0.042244092 0.0026138388)
(0.086923755 0.042661393 -2.0056037e-05)
(0.10839086 0.045577214 0.004351917)
(0.10980189 0.046203628 0.0023192151)
(0.11067964 0.046887185 -0.00013746178)
(0.13423867 0.048799183 0.0036929533)
(0.13579288 0.049635814 0.0017553837)
(0.13679096 0.050483079 -0.00047714862)
(0.1622478 0.051423409 0.0027415104)
(0.16391015 0.052501205 0.00093721127)
(0.16498114 0.053592069 -0.0012300697)
(0.19224058 0.053704899 0.0015185488)
(0.19406637 0.05497553 -0.00033940723)
(0.19526486 0.056199838 -0.0021917677)
(0.22427291 0.055277786 -0.0002027372)
(0.22602151 0.056803117 -0.0016393112)
(0.22727819 0.058362433 -0.003788343)
(0.25798425 0.056498877 -0.0020970731)
(0.25979168 0.058276697 -0.0036562212)
(0.26115919 0.060156264 -0.0054360369)
(0.29341206 0.057282176 -0.004392742)
(0.29527188 0.059319711 -0.0057765563)
(0.29674946 0.06134924 -0.0075352925)
(0.33045124 0.057695982 -0.0069171838)
(0.33233826 0.05997679 -0.0082854744)
(0.33385039 0.062196377 -0.0099545032)
(0.36904441 0.057723576 -0.009814218)
(0.37094872 0.060116267 -0.011073541)
(0.37249785 0.062638753 -0.012671877)
(0.40910728 0.057310453 -0.012890541)
(0.41093272 0.060054165 -0.014078728)
(0.41259257 0.062615513 -0.0155634)
(0.45040234 0.056582302 -0.016207999)
(0.45244223 0.059322841 -0.017308855)
(0.45403604 0.062120015 -0.018734476)
(0.49322745 0.055398014 -0.019699346)
(0.49509441 0.058285921 -0.020661959)
(0.49673072 0.06121153 -0.021928393)
(0.5369936 0.053743368 -0.023233761)
(0.53893203 0.056842973 -0.024156526)
(0.54060772 0.059748392 -0.025319616)
(0.5820013 0.051760028 -0.026941291)
(0.58395373 0.054645664 -0.027753075)
(0.58552095 0.057788598 -0.02856617)
(0.62764533 0.04887822 -0.030676846)
(0.62958559 0.052059901 -0.031193187)
(0.63125386 0.055195169 -0.031886818)
(0.67427641 0.04614415 -0.034118381)
(0.67594953 0.049019184 -0.034696537)
(0.67788656 0.052176449 -0.035008175)
(-9.9897458e-06 0.0019481444 -0.0027318753)
(0.0051660797 0.0080081702 -0.0027005359)
(0.013880592 0.00992247 -0.0017234525)
(0.026884514 0.013561897 -0.0015712833)
(0.042735018 0.016474898 -0.001287263)
(0.061464377 0.019070455 -0.00088732913)
(0.082921291 0.021404668 -0.0010033299)
(0.10679221 0.023411297 -0.0012121273)
(0.13302737 0.025036912 -0.0017213286)
(0.16127744 0.026374863 -0.0025025878)
(0.19162281 0.027406641 -0.0036774203)
(0.22368055 0.028077096 -0.0051074682)
(0.25754251 0.028254514 -0.0069221131)
(0.29310018 0.028195415 -0.0089735576)
(0.33017591 0.027779417 -0.011423597)
(0.36877662 0.026904754 -0.014055892)
(0.40882154 0.025638347 -0.016951466)
(0.45025159 0.023942637 -0.02001063)
(0.49294539 0.021831068 -0.023202716)
(0.53689445 0.019166591 -0.026498391)
(0.58191688 0.016053728 -0.029776251)
(0.62777259 0.012533654 -0.033003431)
(0.67458834 0.0082346915 -0.036114184)
(-0.0021124784 0.0010764663 0.00026943677)
(0.0041410022 0.0014676959 0.000243989)
(0.013112427 0.00057803263 0.00054498725)
(0.026188302 0.0010268859 0.00048236196)
(0.041525662 0.00082479516 0.00056696946)
(0.060298746 0.00063686342 0.00050415671)
(0.081407674 0.00030292055 0.00030223394)
(0.10511678 -0.00011174751 -0.00016722371)
(0.13105474 -0.0007894983 -0.0008549063)
(0.1591207 -0.0015379646 -0.0018247756)
(0.18918217 -0.0026573136 -0.0031260743)
(0.2210591 -0.0038023555 -0.0046799897)
(0.25469967 -0.0054246438 -0.0065428262)
(0.29005329 -0.0070943959 -0.0087849157)
(0.32693568 -0.0091623582 -0.011257075)
(0.36539578 -0.011523135 -0.01401604)
(0.4052672 -0.014144653 -0.016975653)
(0.44657154 -0.01711165 -0.02017359)
(0.48916523 -0.020393053 -0.02345496)
(0.53301458 -0.024044634 -0.026915158)
(0.57803097 -0.027778382 -0.03029254)
(0.62382726 -0.032068782 -0.033863458)
(0.67115527 -0.03645047 -0.037354109)
(-0.0022719238 -0.002316391 0.0026815201)
(0.0048909985 -0.0041245701 0.0023710275)
(0.013549883 -0.0090400275 0.0036170171)
(0.02578627 -0.010560966 0.0025980975)
(0.04132773 -0.014345339 0.0029192925)
(0.059735559 -0.017251648 0.0024058509)
(0.080587714 -0.020170555 0.0019875566)
(0.10401361 -0.023081401 0.0012693243)
(0.12973806 -0.026095853 0.0004012232)
(0.15750738 -0.029075579 -0.00078169754)
(0.18732971 -0.032126882 -0.0022346358)
(0.21892329 -0.035367848 -0.0039038169)
(0.2523728 -0.038555571 -0.0059948537)
(0.28747321 -0.042079857 -0.008273777)
(0.32413006 -0.045678485 -0.010876409)
(0.36236252 -0.04950379 -0.013725161)
(0.40205183 -0.053534709 -0.016793234)
(0.44314332 -0.057763857 -0.020087008)
(0.48556008 -0.062198662 -0.023498756)
(0.5292744 -0.066768432 -0.027061674)
(0.57400825 -0.071438744 -0.030683918)
(0.61998558 -0.0762425 -0.034505687)
(0.66646463 -0.080774232 -0.038082598)
(0.00084603324 0.001814331 0.0020823883)
(0.00098304563 0.0020901004 0.00088132959)
(0.0014261883 0.0020261528 -0.00058587033)
(0.0064599276 0.0072946341 0.0022519767)
(0.0073933592 0.0073496041 0.00054570067)
(0.0072346975 0.007223621 -0.0015273488)
(0.015182505 0.010555651 0.0025209882)
(0.015950864 0.010243119 0.00094657769)
(0.01613643 0.010506909 -0.0005493859)
(0.027333021 0.013665057 0.0026695353)
(0.028555812 0.01403511 0.0012470824)
(0.028557134 0.01370372 -0.00024994588)
(0.042785311 0.016513659 0.0027837038)
(0.043899523 0.016515999 0.0014709491)
(0.044291404 0.016542771 0.00016981911)
(0.061030489 0.018604982 0.0027457165)
(0.062277977 0.019004119 0.0015739051)
(0.062773219 0.019098895 0.00016139664)
(0.082004458 0.020491469 0.0026327344)
(0.083429608 0.020950819 0.0013737101)
(0.083915228 0.021161652 0.00022900662)
(0.10544083 0.021863416 0.0021417077)
(0.10684515 0.022499066 0.0011167182)
(0.10755721 0.022945604 -7.8943884e-05)
(0.13124699 0.022787469 0.0015177395)
(0.13273203 0.023666928 0.00047687611)
(0.13357614 0.024347352 -0.00061761971)
(0.15910719 0.023413799 0.00053096579)
(0.16069269 0.02446254 -0.00040724683)
(0.16162282 0.025309892 -0.0014386059)
(0.18906609 0.023528659 -0.00075714407)
(0.19069546 0.024817986 -0.0016132322)
(0.19173589 0.026106817 -0.0025883957)
(0.22085728 0.023357176 -0.0022989531)
(0.22258322 0.024978889 -0.0031911512)
(0.22368847 0.026374225 -0.0041517306)
(0.25443199 0.022796794 -0.0042201236)
(0.25612279 0.024615587 -0.0050666711)
(0.25738396 0.026382441 -0.0059444157)
(0.28968614 0.021920729 -0.0064458371)
(0.29147195 0.024056097 -0.0072365764)
(0.29280437 0.025948869 -0.0080980323)
(0.32654351 0.020754234 -0.0089616513)
(0.32835988 0.023032774 -0.0097276651)
(0.32974739 0.025276171 -0.010556481)
(0.36496367 0.019240437 -0.011758791)
(0.36680361 0.021797286 -0.012527564)
(0.36825841 0.024194821 -0.013262648)
(0.40485078 0.017474958 -0.014869538)
(0.40663709 0.020151325 -0.015486378)
(0.40818684 0.022744696 -0.016240733)
(0.44598959 0.015357727 -0.018014989)
(0.44798908 0.018105627 -0.018721182)
(0.44951223 0.020899449 -0.019352741)
(0.48864399 0.012857335 -0.021484234)
(0.49052717 0.015875195 -0.022027045)
(0.49208422 0.018750669 -0.022651861)
(0.5323084 0.010128976 -0.024967587)
(0.5342604 0.013097389 -0.025469176)
(0.53588847 0.016050314 -0.026043185)
(0.57722862 0.0069922509 -0.028653431)
(0.57920564 0.0099253819 -0.028994191)
(0.58081451 0.013026718 -0.029386128)
(0.62299651 0.0033519946 -0.032260232)
(0.62486826 0.0065830731 -0.032317122)
(0.6265014 0.0096213519 -0.032794061)
(0.66950265 -0.000773102 -0.035772777)
(0.67132169 0.002309111 -0.035848476)
(0.67315901 0.0053875055 -0.035907193)
(-0.00074329378 0.00027995038 -3.3250585e-05)
(-0.00034909092 0.00084851669 -6.910138e-05)
(5.4455486e-05 0.00062923162 0.00028745178)
(0.0053279135 0.0008768356 -0.0001632499)
(0.0061879995 0.0010328802 -3.2154622e-05)
(0.0060621983 0.00082835043 -9.7813529e-05)
(0.014212102 0.00088563444 0.00017446519)
(0.015184919 0.00085164903 0.00063727376)
(0.015072577 0.00094107055 0.0004158555)
(0.026315694 0.00078727152 0.00042584198)
(0.027636096 0.000923278 0.00065491275)
(0.027495464 0.00060952983 0.00046498311)
(0.041640954 0.00049941811 0.00058392151)
(0.042932194 0.00048626836 0.00096006221)
(0.042938228 0.00066637219 0.00051701872)
(0.059703248 -7.0159093e-05 0.00057602531)
(0.061164202 0.0001676626 0.00082654116)
(0.061241826 0.00024562076 0.0005493089)
(0.080558934 -0.00085549334 0.00037770837)
(0.082022522 -0.00061464164 0.00069391717)
(0.082273518 -0.00021467875 0.00040355648)
(0.10384498 -0.0019497624 -1.5199362e-05)
(0.10534503 -0.001395501 0.00026593024)
(0.10569667 -0.00088038892 -7.0289103e-05)
(0.12940709 -0.0032493839 -0.00066753923)
(0.13095547 -0.0025449285 -0.00042129713)
(0.1315176 -0.0018055699 -0.00070567889)
(0.15711019 -0.0048030741 -0.0016192589)
(0.15877706 -0.0038924572 -0.0013479846)
(0.15934541 -0.0028013083 -0.0016723745)
(0.18689752 -0.0066667116 -0.0028416158)
(0.18845723 -0.0054220784 -0.0026488105)
(0.18927473 -0.0041849463 -0.0029644538)
(0.21843063 -0.0087525434 -0.0044008275)
(0.220161 -0.0072524583 -0.0042362047)
(0.22100021 -0.005647289 -0.0044826857)
(0.25181381 -0.011031424 -0.006343623)
(0.25354225 -0.0092786174 -0.0061285303)
(0.25450136 -0.0074978397 -0.0064063406)
(0.28684364 -0.01359145 -0.0085110153)
(0.28865513 -0.011607688 -0.0083420303)
(0.289692 -0.0095017179 -0.0085791835)
(0.3235016 -0.016336257 -0.011008379)
(0.32530707 -0.014108567 -0.010821377)
(0.32648347 -0.011790237 -0.011112733)
(0.36167606 -0.019327391 -0.013785946)
(0.36359108 -0.016893139 -0.013655235)
(0.36476133 -0.014349728 -0.013869057)
(0.40133328 -0.022514171 -0.01674995)
(0.4032094 -0.019920085 -0.016582471)
(0.40453903 -0.017208588 -0.016840438)
(0.44240591 -0.025934425 -0.0199458)
(0.44435548 -0.023164243 -0.019835736)
(0.44570468 -0.020292875 -0.020066765)
(0.48480987 -0.029635417 -0.023191634)
(0.48673501 -0.026680657 -0.023172309)
(0.48812483 -0.023678065 -0.023352144)
(0.52844272 -0.033366553 -0.026555177)
(0.53028315 -0.030371569 -0.026632654)
(0.53192125 -0.027379657 -0.026795968)
(0.57322017 -0.037412502 -0.030119481)
(0.57524481 -0.034253094 -0.030138249)
(0.57668579 -0.031184633 -0.030209877)
(0.61881087 -0.041633681 -0.033511064)
(0.62064261 -0.03848654 -0.033570337)
(0.62228637 -0.035486523 -0.0338173)
(0.66551911 -0.04584866 -0.037116661)
(0.66758985 -0.042719191 -0.037130113)
(0.66923394 -0.039518489 -0.037271663)
(-0.00074211045 -0.0014879987 -0.0013260119)
(-0.00069666432 -0.00158375 0.00052841609)
(-0.000245824 -0.0015827085 0.0013671793)
(0.0061869624 -0.0049055135 -0.0013137276)
(0.0070585844 -0.0041336935 0.00020165543)
(0.0067520276 -0.0044159664 0.0014886853)
(0.014330024 -0.0081441089 -0.001241698)
(0.015248149 -0.0086501584 0.00031678539)
(0.015333312 -0.0086805515 0.0017481399)
(0.026621067 -0.011636604 -0.0010144999)
(0.027475226 -0.011242711 0.0003770512)
(0.027696886 -0.011292433 0.001689592)
(0.041608638 -0.014822189 -0.00091374136)
(0.042683135 -0.014899674 0.00040978344)
(0.042871073 -0.01471345 0.0014761278)
(0.059576872 -0.018312905 -0.0009531191)
(0.060562478 -0.018047915 0.00020512127)
(0.06100819 -0.017745812 0.0013444987)
(0.080174791 -0.021798114 -0.0011497343)
(0.081317035 -0.021339875 6.3808052e-05)
(0.081723633 -0.020938249 0.0009197857)
(0.10319334 -0.025281874 -0.0015272272)
(0.10430254 -0.02469943 -0.00051937169)
(0.1049131 -0.024081184 0.00038387799)
(0.12855532 -0.028962001 -0.0021897065)
(0.12980177 -0.028125218 -0.001210022)
(0.13041396 -0.027203416 -0.00042240312)
(0.15600772 -0.032694138 -0.0031206678)
(0.15723781 -0.031580229 -0.0022474322)
(0.15800903 -0.030536991 -0.0014907897)
(0.18545325 -0.036478614 -0.0043961139)
(0.18682912 -0.035225497 -0.0035244877)
(0.18767445 -0.033788817 -0.002876882)
(0.21680621 -0.040495367 -0.0059247838)
(0.21819574 -0.038899645 -0.0051579356)
(0.2191112 -0.037307089 -0.0045164288)
(0.24989568 -0.044551818 -0.0078266136)
(0.25136354 -0.042736098 -0.007100073)
(0.2523867 -0.040832299 -0.0064869489)
(0.28469002 -0.048787914 -0.01000457)
(0.28620508 -0.046694219 -0.0093058296)
(0.28732131 -0.044544984 -0.0087657003)
(0.3210793 -0.053120116 -0.012499889)
(0.32264296 -0.05078942 -0.011862192)
(0.32388189 -0.048448955 -0.011349009)
(0.35900932 -0.057570804 -0.015234383)
(0.36066466 -0.055089503 -0.014653423)
(0.36193823 -0.052457914 -0.014157895)
(0.39844652 -0.062167169 -0.018245186)
(0.40005938 -0.059424699 -0.01767678)
(0.40150602 -0.056691947 -0.017229528)
(0.43921721 -0.066801244 -0.0214591)
(0.44101113 -0.064040201 -0.020919102)
(0.4424674 -0.061068156 -0.020500957)
(0.48143894 -0.071623571 -0.024745269)
(0.48311533 -0.06863658 -0.024252327)
(0.4847016 -0.0656041 -0.023897747)
(0.52473105 -0.076409712 -0.028192547)
(0.52667246 -0.073365432 -0.02779285)
(0.52828843 -0.070257032 -0.027430271)
(0.56923754 -0.081213917 -0.031700883)
(0.57119419 -0.07820575 -0.031271437)
(0.57274707 -0.075032257 -0.031039203)
(0.61487433 -0.086089739 -0.035044839)
(0.61681915 -0.083003398 -0.034844618)
(0.61856269 -0.079680088 -0.034648664)
(0.66119757 -0.090752423 -0.038506136)
(0.66308999 -0.087479776 -0.038397664)
(0.66486995 -0.084443713 -0.038443235)
)
;

boundaryField
{
    free
    {
        type            calculated;
    }
    bottom
    {
        type            calculated;
    }
    traction
    {
        type            calculated;
    }
}


// ************************************************************************* //
