/*--------------------------------*- C++ -*----------------------------------*\
  =========                 |
  \\      /  F ield         | OpenFOAM: The Open Source CFD Toolbox
   \\    /   O peration     | Website:  https://openfoam.org
    \\  /    A nd           | Version:  6
     \\/     M anipulation  |
\*---------------------------------------------------------------------------*/
FoamFile
{
    version     2.0;
    format      ascii;
    class       pointVectorField;
    location    "3.4000076954936467";
    object      u;
}
// * * * * * * * * * * * * * * * * * * * * * * * * * * * * * * * * * * * * * //

dimensions      [0 1 0 0 0 0 0];

internalField   nonuniform List<vector> 
625
(
(0 0 0)
(0 0 0)
(0.52529697 0.056025458 0.070482521)
(0.51357611 -0.096459432 0.06930067)
(0 0 0)
(0 0 0)
(0.51238972 -0.11318615 0.068457666)
(0.52401865 0.038879319 0.070172018)
(0 0 0)
(0 0 0)
(0 0 0)
(0.52201583 0.017041194 0.069208254)
(0.51861799 -0.020020032 0.069839503)
(0.51604619 -0.057200003 0.069355321)
(0.00078581471 0.0032332589 0.0032918338)
(0.0024857826 0.0074847795 0.0034402537)
(0.0062716319 0.011407962 0.0048233352)
(0.011841529 0.01598316 0.0058295793)
(0.019331098 0.019991899 0.0073747562)
(0.028868539 0.024641337 0.0091262722)
(0.040316296 0.028666172 0.01120415)
(0.053810393 0.033035626 0.013493339)
(0.069377206 0.037034569 0.016189042)
(0.086996157 0.040966544 0.018908803)
(0.10665526 0.044792703 0.022007071)
(0.12844144 0.048242444 0.02515749)
(0.15225729 0.051543017 0.028586222)
(0.17808724 0.054464966 0.032096627)
(0.20587298 0.057041681 0.035793183)
(0.23559836 0.059167398 0.039526459)
(0.26708274 0.06102561 0.043349675)
(0.30020831 0.062118425 0.04736111)
(0.33508049 0.062717439 0.051184509)
(0.37107103 0.062804284 0.055191539)
(0.40843777 0.062147391 0.059155229)
(0.44655533 0.061183464 0.063037982)
(0.48517231 0.058977938 0.067204563)
(-0.0011349367 -0.0019880293 -0.0031109812)
(0.0014502625 -0.004313239 -0.0021802035)
(0.0043648897 -0.0071967818 -0.0024157281)
(0.010522374 -0.010491372 -0.00068417268)
(0.017326892 -0.013201246 0.00030250483)
(0.027024957 -0.017102849 0.002200116)
(0.037841946 -0.020108953 0.0040509534)
(0.051229039 -0.024144217 0.0064994268)
(0.066212529 -0.027950387 0.0088141532)
(0.083353082 -0.031915806 0.011695106)
(0.10252625 -0.036318336 0.014639278)
(0.12362141 -0.040614759 0.017939573)
(0.14681191 -0.045291901 0.021348771)
(0.17189064 -0.049993715 0.024989047)
(0.19899167 -0.054866615 0.028808598)
(0.22788898 -0.059811326 0.032780647)
(0.25872326 -0.064881038 0.036959904)
(0.29105128 -0.069987776 0.041127878)
(0.32526347 -0.074895549 0.04563781)
(0.36057918 -0.079826995 0.050092697)
(0.39747406 -0.084581443 0.054808346)
(0.43526 -0.088949295 0.059451733)
(0.47389836 -0.0929137 0.064118973)
(0 0 0)
(0 0 0)
(0 0 0)
(0.0006201652 -0.0017885602 0.0025534678)
(0.0025266528 -0.0081708297 0.0038748037)
(0.0059007583 -0.010361855 0.0044703836)
(0.010972646 -0.01523429 0.0055094132)
(0.018662472 -0.020161604 0.00747792)
(0.027301358 -0.023809944 0.0086852298)
(0.03851605 -0.029197368 0.011289477)
(0.051430316 -0.03351376 0.013253203)
(0.066310978 -0.038589412 0.015973544)
(0.083247522 -0.043452705 0.01869058)
(0.10223922 -0.048714997 0.021634047)
(0.12315602 -0.05378035 0.024857842)
(0.14617459 -0.05919253 0.028097661)
(0.17116056 -0.06454937 0.03154508)
(0.19802809 -0.069930428 0.03510857)
(0.22686965 -0.075480989 0.038764656)
(0.25749395 -0.08084939 0.042472039)
(0.28985913 -0.086247301 0.046237442)
(0.32382173 -0.0915461 0.050083235)
(0.35929318 -0.096573645 0.053838347)
(0.39600415 -0.10147613 0.057675367)
(0.43395318 -0.10577538 0.061393481)
(0.47250328 -0.11002642 0.065159923)
(0.51505672 -0.074095926 0.06888803)
(0.51721346 -0.03716929 0.069590246)
(0.52066054 -0.00052710922 0.07049782)
(0.48411823 0.042012371 0.064908435)
(0.44495926 0.043955973 0.060213043)
(0.40698705 0.045051519 0.055598813)
(0.36939266 0.046077509 0.050781212)
(0.3332616 0.046208629 0.04621822)
(0.29847158 0.045923803 0.041648428)
(0.26526829 0.045129713 0.037336467)
(0.23373079 0.043897266 0.033043099)
(0.20407666 0.042237427 0.029028574)
(0.17626132 0.040328131 0.025111215)
(0.15049688 0.037930232 0.021422001)
(0.12664027 0.035578269 0.017781092)
(0.10501674 0.032700081 0.014740574)
(0.085363655 0.029821967 0.011618852)
(0.067774784 0.026825 0.0088056333)
(0.05230731 0.023661665 0.0063195944)
(0.038836893 0.020617745 0.0039482416)
(0.027451846 0.017289166 0.0022022744)
(0.018116713 0.014229778 0.00033147887)
(0.010524148 0.010893994 -0.00076479098)
(0.0051520483 0.0080951744 -0.0020750142)
(0.0011742577 0.0049191281 -0.0025452971)
(0.00069252809 0.0022552919 -0.0019849196)
(0 0 0)
(0 0 0)
(0 0 0)
(0 0 0)
(0 0 0)
(0 0 0)
(0.51323617 -0.10097108 0.068709801)
(0.51311467 -0.10531046 0.069044478)
(0.51261532 -0.10962234 0.06868491)
(0.52542495 0.052263907 0.070414473)
(0.52504124 0.047789166 0.070265095)
(0.52480071 0.043788528 0.070129727)
(-0.00095009592 0.0022848961 0.0024628369)
(0.00099047895 0.0048073289 0.0023689882)
(0.0045911834 0.00713203 0.003531038)
(0.010069328 0.0097940648 0.004453224)
(0.017544593 0.012119749 0.0059874125)
(0.026929747 0.014678592 0.0076671013)
(0.038310462 0.016902067 0.0097643239)
(0.051728959 0.019168951 0.012047449)
(0.067154651 0.021236631 0.014580506)
(0.084601242 0.023181105 0.01735872)
(0.10414607 0.024975511 0.020366384)
(0.12583026 0.026415426 0.023591076)
(0.14949381 0.027744751 0.026960119)
(0.17519228 0.028678869 0.030477509)
(0.20285119 0.029342451 0.034188962)
(0.23243686 0.029697827 0.037891563)
(0.26378065 0.02958725 0.041883075)
(0.29688594 0.029219712 0.045790945)
(0.3317076 0.028309124 0.049760073)
(0.3676627 0.026985236 0.053907404)
(0.40510181 0.025246519 0.057837112)
(0.44323168 0.023203965 0.061855224)
(0.48236826 0.019990866 0.065965958)
(-0.0018673731 0.00092610889 0.00040903066)
(0.00071170911 0.0013618646 0.00054949653)
(0.0038548821 0.0022621972 0.0016266934)
(0.0093856271 0.0029924435 0.0025219328)
(0.016920959 0.0033140145 0.0041528458)
(0.026164438 0.0040402861 0.0057867056)
(0.037503826 0.004272008 0.0078293751)
(0.050803471 0.0046076942 0.010083946)
(0.066074765 0.0047449803 0.012614126)
(0.083548701 0.0046058882 0.01547442)
(0.10284259 0.0044518112 0.018377669)
(0.12441158 0.0039218974 0.021666694)
(0.14786471 0.0032621469 0.025021079)
(0.17341691 0.0024087266 0.028606016)
(0.20089337 0.0011800031 0.0323631)
(0.23029662 -0.00012037694 0.036140179)
(0.26154248 -0.0019312363 0.040293497)
(0.29442904 -0.003687604 0.044170465)
(0.32889586 -0.0059873247 0.048496226)
(0.36471705 -0.0084340698 0.052729532)
(0.40206997 -0.011119742 0.056892302)
(0.44028927 -0.014080518 0.061321177)
(0.47968512 -0.017019399 0.065474384)
(-0.0019622806 -0.00069451945 -0.0011606246)
(0.00056411049 -0.0017309781 -0.00032583176)
(0.0034457724 -0.0024109106 -0.000100339)
(0.0093884026 -0.0035943061 0.0012328946)
(0.016560485 -0.0050520599 0.0025516625)
(0.02572563 -0.0060659834 0.0041505244)
(0.037188628 -0.0079801159 0.0062822057)
(0.050161088 -0.009355707 0.008409662)
(0.065542147 -0.011407532 0.011098909)
(0.082664717 -0.013414265 0.013739958)
(0.10196913 -0.015486507 0.016765695)
(0.12337463 -0.018045271 0.020009722)
(0.14664554 -0.02048684 0.023369106)
(0.17207078 -0.023329753 0.02700573)
(0.19930701 -0.026266975 0.030741332)
(0.2285916 -0.029394666 0.034659466)
(0.25951615 -0.032717338 0.038704931)
(0.29232475 -0.036077285 0.042822869)
(0.32665703 -0.039693809 0.047143476)
(0.36259233 -0.04319838 0.051371241)
(0.39974703 -0.046974901 0.055802416)
(0.43786076 -0.050447622 0.060228277)
(0.47685283 -0.054002655 0.064777544)
(0 0 0)
(0 0 0)
(0 0 0)
(0 0 0)
(0 0 0)
(0 0 0)
(0 0 0)
(0 0 0)
(0 0 0)
(0.00040038829 -0.00072009689 -0.0014822756)
(0.00097592821 -0.0012480371 -0.00060607287)
(0.0010641545 -0.001105604 0.00069046648)
(0.0031397779 -0.0056985208 -0.0010457495)
(0.0034015526 -0.0064042782 0.00015512951)
(0.0036972207 -0.006768238 0.0019828954)
(0.0061893681 -0.0078612106 -0.00081875396)
(0.0069344433 -0.0084095777 0.00081801177)
(0.0071240404 -0.0097659329 0.0028661499)
(0.011963955 -0.011705418 0.00086295546)
(0.012380902 -0.013104764 0.002153814)
(0.012149309 -0.013745302 0.0038735116)
(0.01928207 -0.015185722 0.0019839033)
(0.019707705 -0.016410808 0.0033409893)
(0.019898064 -0.018599949 0.0055892969)
(0.028320932 -0.018625527 0.0037204853)
(0.02889883 -0.020615925 0.0053880429)
(0.028690716 -0.022085443 0.0070957216)
(0.039723643 -0.022759677 0.0058984474)
(0.040105985 -0.025016867 0.0073073824)
(0.039709942 -0.026689402 0.0095051041)
(0.05262206 -0.026572216 0.0080483543)
(0.05290083 -0.028507686 0.0095440296)
(0.052910467 -0.031329807 0.01155654)
(0.067795346 -0.030739113 0.010650993)
(0.068224345 -0.033695466 0.012190339)
(0.067825057 -0.035962238 0.014246864)
(0.084844662 -0.035078642 0.013428302)
(0.085019712 -0.037659246 0.014900335)
(0.084804287 -0.040606918 0.017003638)
(0.10381797 -0.039544244 0.016348588)
(0.10425064 -0.042793292 0.018040463)
(0.10382243 -0.045710374 0.019944058)
(0.12506446 -0.044355738 0.019689489)
(0.1251265 -0.047363822 0.021057283)
(0.12480192 -0.050580576 0.023232833)
(0.14804034 -0.048938745 0.023021025)
(0.14823985 -0.052357979 0.024593612)
(0.14777644 -0.05586122 0.026486234)
(0.17316952 -0.054001651 0.026705303)
(0.17320446 -0.057549246 0.028090622)
(0.17280323 -0.06109053 0.029989889)
(0.20007676 -0.058963866 0.030412184)
(0.20015203 -0.062629922 0.031798431)
(0.19965377 -0.066322699 0.033645359)
(0.22896086 -0.064106526 0.034338577)
(0.22891796 -0.067891441 0.035664399)
(0.22844473 -0.071744585 0.037363952)
(0.25954084 -0.069233713 0.038411484)
(0.25952042 -0.073133979 0.039583028)
(0.25901303 -0.077088038 0.041207234)
(0.29183969 -0.074249256 0.042485163)
(0.29180908 -0.078381261 0.043611198)
(0.29127729 -0.082375264 0.045083874)
(0.32575555 -0.079468008 0.046822167)
(0.32566561 -0.083496082 0.047796958)
(0.32513634 -0.087604001 0.049074152)
(0.36108119 -0.084254825 0.051083986)
(0.36098199 -0.08849898 0.05194678)
(0.36044009 -0.092650045 0.053003469)
(0.39769212 -0.089090986 0.055501112)
(0.39750992 -0.093280334 0.056259589)
(0.39698354 -0.097400762 0.05700404)
(0.43532448 -0.093402059 0.059927528)
(0.4351902 -0.097653601 0.060422436)
(0.43475197 -0.10197324 0.060903273)
(0.47380795 -0.097564083 0.064384998)
(0.47350848 -0.10176012 0.06459355)
(0.47316858 -0.10592357 0.064887158)
(0.52222805 0.013104708 0.069915477)
(0.52181989 0.0088531191 0.069954062)
(0.52152302 0.0045400941 0.070102383)
(0.51817975 -0.024378273 0.069836673)
(0.51824392 -0.028619649 0.069614617)
(0.51754044 -0.032988806 0.069534911)
(0.51599162 -0.061800363 0.069194356)
(0.51591532 -0.06604377 0.069147012)
(0.51530642 -0.070162236 0.069153652)
(0.001990157 0.0026269687 0.0015908385)
(0.0018284396 0.0024261026 0.00027043524)
(0.0018892437 0.0020723862 -0.00073085861)
(0.0036814167 0.0063271954 0.001613003)
(0.0033364115 0.0059663632 0.00042154865)
(0.002932618 0.00529903 -0.0015439403)
(0.0075457073 0.010630142 0.0029667905)
(0.0071512822 0.0098453715 0.0012077107)
(0.0069974265 0.0090589841 -0.00053211046)
(0.012880821 0.014434851 0.0038732935)
(0.012981382 0.013235014 0.0022136019)
(0.012387888 0.012031612 0.00034142616)
(0.020701983 0.018633872 0.0053154646)
(0.020357889 0.017220823 0.0037061993)
(0.019772517 0.015984637 0.0018572165)
(0.02989203 0.022706062 0.0071354818)
(0.029824699 0.020771468 0.0054821639)
(0.029455332 0.019015889 0.0035408434)
(0.041609708 0.026586096 0.0091157629)
(0.041415134 0.024474963 0.0074953769)
(0.040781009 0.022621464 0.0054186577)
(0.055028698 0.03056551 0.011434411)
(0.054708187 0.028255448 0.0098092828)
(0.054244967 0.026095946 0.0077471207)
(0.070553097 0.034346466 0.01408304)
(0.070384611 0.031808352 0.012312978)
(0.069798958 0.029377313 0.010314682)
(0.088148142 0.038090771 0.01684955)
(0.087935392 0.035357046 0.015169803)
(0.08728415 0.032729154 0.013095478)
(0.10772198 0.041712869 0.020043379)
(0.10762402 0.038644661 0.017982567)
(0.10702962 0.035642047 0.01627124)
(0.12963686 0.044980895 0.023118255)
(0.12934168 0.041610184 0.021649894)
(0.12864912 0.038698701 0.01925008)
(0.15334011 0.048012981 0.026599648)
(0.15308356 0.044588622 0.024817694)
(0.15240978 0.041540169 0.022891471)
(0.17915547 0.05083247 0.030135825)
(0.17885911 0.047277251 0.028540307)
(0.17825573 0.043890898 0.026594255)
(0.20687508 0.053257024 0.033931857)
(0.20662491 0.049518835 0.032317139)
(0.20596859 0.045995225 0.030439683)
(0.23653678 0.05532707 0.037700784)
(0.23625135 0.051364409 0.036204028)
(0.23558345 0.047811401 0.034410137)
(0.26796289 0.05679659 0.041737483)
(0.26759397 0.053010128 0.040321386)
(0.26702902 0.049158099 0.038636755)
(0.30092238 0.058010404 0.045751146)
(0.30079356 0.05390875 0.044393522)
(0.30012877 0.050048603 0.042833229)
(0.33568659 0.058616287 0.049806366)
(0.33537595 0.054437613 0.048674961)
(0.33475308 0.050497065 0.047294642)
(0.37154877 0.058592866 0.05397922)
(0.37130655 0.054541455 0.052922938)
(0.37074677 0.050384878 0.051696348)
(0.40882012 0.058177977 0.058082833)
(0.40861819 0.05372069 0.057189171)
(0.40796687 0.049677193 0.056367099)
(0.44677488 0.056670477 0.06217295)
(0.44654229 0.052526109 0.061609541)
(0.44602615 0.048373778 0.060905631)
(0.48575081 0.055283421 0.066616088)
(0.48528781 0.050778668 0.066014454)
(0.48505489 0.046562681 0.065693125)
(-0.00065884755 0.00079180361 -0.0009555141)
(0.00031797506 0.0034786672 -0.0011546302)
(0.0038714701 0.0033506776 0.00013923216)
(0.0093637743 0.0051778849 0.00093655807)
(0.016637695 0.006245382 0.0022602213)
(0.026129604 0.0074365991 0.0041215569)
(0.037255387 0.0087968878 0.0059938018)
(0.050561216 0.0098829153 0.0082450738)
(0.065951406 0.010978317 0.010828452)
(0.083300387 0.01197753 0.0135633)
(0.10285373 0.012892399 0.016570796)
(0.12430424 0.013667134 0.019847234)
(0.14792846 0.01407777 0.023184678)
(0.17355013 0.01435672 0.026942963)
(0.20122025 0.01446498 0.030675168)
(0.23068727 0.014244657 0.034640968)
(0.26208311 0.013672138 0.03877045)
(0.29518307 0.012845066 0.042961635)
(0.32982871 0.011653533 0.047315655)
(0.36598158 0.010019384 0.051680268)
(0.40337393 0.0080352051 0.05618193)
(0.44161371 0.0057282416 0.060741199)
(0.48095987 0.0027117179 0.065427117)
(-0.0018293317 6.2151911e-05 0.0003723899)
(0.0002602927 -0.00036134615 0.00077354255)
(0.003866576 -0.0019382995 0.0017280976)
(0.0094077417 -0.0018954223 0.0025871584)
(0.016563812 -0.0027736964 0.0039185384)
(0.025952495 -0.0036150092 0.0058779219)
(0.036906256 -0.0041253098 0.0076101651)
(0.050244665 -0.0050358146 0.010068695)
(0.065382766 -0.0059309576 0.012489226)
(0.082665348 -0.0067203469 0.015247379)
(0.10195635 -0.0080601573 0.018303444)
(0.12332602 -0.0090341823 0.021408483)
(0.14670766 -0.010590391 0.024847801)
(0.17219916 -0.012075761 0.028437534)
(0.19961548 -0.013695511 0.032051872)
(0.22893976 -0.015723114 0.035961979)
(0.26013223 -0.017739904 0.039934024)
(0.29303634 -0.020022511 0.043946049)
(0.32757013 -0.022527316 0.048151511)
(0.36352303 -0.025235916 0.052277861)
(0.40090431 -0.027900044 0.056664405)
(0.43900024 -0.031007599 0.06082126)
(0.47886525 -0.03416982 0.06512948)
(-0.001635684 -0.0016722222 0.0017016831)
(0.001168362 -0.0031940571 0.0018893334)
(0.0044384629 -0.00700157 0.0035458821)
(0.0094506873 -0.0075854482 0.0040528716)
(0.016879485 -0.011278273 0.0060231915)
(0.026037415 -0.013479186 0.0075215717)
(0.036886501 -0.01594049 0.0096819574)
(0.050148809 -0.018906623 0.011940454)
(0.065133135 -0.021586553 0.014443171)
(0.08220121 -0.024642012 0.017299372)
(0.10139409 -0.027589812 0.020183968)
(0.12254081 -0.03087699 0.023411015)
(0.14576616 -0.034069548 0.026732523)
(0.17107731 -0.037573064 0.030204798)
(0.19818336 -0.041059499 0.033844897)
(0.22735134 -0.044725432 0.037599818)
(0.2583181 -0.048448815 0.041435474)
(0.29099823 -0.05222899 0.045314985)
(0.32533327 -0.056112095 0.049305468)
(0.36116372 -0.0599004 0.053309417)
(0.3981951 -0.063680449 0.057327619)
(0.4365335 -0.067415698 0.061186797)
(0.47545203 -0.070758887 0.065370189)
(0.00024562727 0.0010670738 0.0011241937)
(-5.5942582e-05 0.00098310559 0.00031415356)
(0.00016733587 0.0009115126 -0.00028416667)
(0.0020883155 0.0042853534 0.0012591619)
(0.002266003 0.0038945661 0.00027255056)
(0.001775732 0.00317584 -0.00071254165)
(0.0058565045 0.0062347729 0.0023626759)
(0.005570916 0.005062647 0.0013341247)
(0.0055674277 0.0045522776 0.00052127451)
(0.011282204 0.008439511 0.0031905561)
(0.011591253 0.0076190741 0.0022565195)
(0.011026351 0.0060831785 0.0014824242)
(0.018875407 0.010722213 0.0047560479)
(0.018685221 0.0090714582 0.003763181)
(0.018385979 0.0076113237 0.0030888673)
(0.028198758 0.012689965 0.0063918744)
(0.028181823 0.011099785 0.0055757735)
(0.027876299 0.0092170236 0.0044652974)
(0.039594813 0.014704046 0.0085507448)
(0.039660807 0.012759757 0.0073789253)
(0.039112603 0.010693546 0.0067429532)
(0.052981517 0.016813365 0.010739866)
(0.052829694 0.014581019 0.0098304401)
(0.052418243 0.012176114 0.0088187191)
(0.068406084 0.018529897 0.013379437)
(0.068348379 0.01609568 0.012362676)
(0.067863505 0.013494731 0.011505901)
(0.085822371 0.020389601 0.01606802)
(0.085742823 0.017594161 0.015092313)
(0.085205782 0.014648048 0.014211877)
(0.10542497 0.02177215 0.019088689)
(0.10532487 0.018720897 0.018240641)
(0.10474006 0.015853892 0.017363283)
(0.12696358 0.023048402 0.022352601)
(0.12688997 0.019926787 0.021348977)
(0.12623889 0.01661105 0.020457856)
(0.15063995 0.024187116 0.025748646)
(0.15044256 0.020907512 0.024794267)
(0.14987704 0.017574575 0.023938336)
(0.17623729 0.024948383 0.029333973)
(0.1760677 0.021567392 0.028436522)
(0.17547634 0.017830672 0.027572231)
(0.20384024 0.0255305 0.033019004)
(0.20367504 0.021808706 0.032164289)
(0.20302804 0.01813895 0.031348033)
(0.2333445 0.025647846 0.036911909)
(0.23313677 0.021976999 0.036048174)
(0.2325239 0.018084148 0.035303375)
(0.26466822 0.025558661 0.04076542)
(0.2643787 0.021674899 0.040116417)
(0.26378153 0.017659289 0.039340654)
(0.29751676 0.025026933 0.044949853)
(0.29743303 0.020964181 0.044153683)
(0.29677909 0.016922185 0.043535236)
(0.33217692 0.024088572 0.04897756)
(0.33193712 0.020084447 0.048402628)
(0.33130598 0.015914841 0.047806867)
(0.36799209 0.022816169 0.053160521)
(0.36781727 0.018612446 0.052666461)
(0.36724496 0.014348384 0.05209742)
(0.40526287 0.02108429 0.057270586)
(0.40509981 0.016735814 0.056939355)
(0.404535 0.012504222 0.056552446)
(0.44338324 0.018797729 0.061455767)
(0.44309742 0.014650448 0.06145626)
(0.44254409 0.010349598 0.060954869)
(0.48231942 0.016008699 0.065802397)
(0.48198317 0.011690364 0.065705227)
(0.48169361 0.0073599056 0.065668842)
(-0.0008655842 0.00029389123 -4.2864915e-05)
(-0.00082509665 0.00047169909 -0.00017935514)
(-0.00071626976 0.00013050353 6.2117229e-05)
(0.0014795502 0.0010930747 -1.4170904e-05)
(0.0016477743 0.00056237304 7.9143819e-05)
(0.001513999 3.214468e-05 0.00017319997)
(0.0052171057 0.0011338733 0.0011716964)
(0.005594104 0.00031575753 0.0014994264)
(0.0052265689 -0.00037512731 0.0014197955)
(0.010576374 0.0016506646 0.0020236612)
(0.0110441 0.00040410141 0.0021970441)
(0.010553758 -0.0011430341 0.0021283589)
(0.018216077 0.0018688657 0.0036775976)
(0.018474428 0.00018770828 0.0039633798)
(0.017897293 -0.00086831673 0.0035604797)
(0.027260167 0.002109175 0.0053487793)
(0.02777214 0.00024755092 0.0055219929)
(0.027266987 -0.0017160745 0.0054388522)
(0.038744671 0.0022516324 0.0072819018)
(0.039079515 -0.00015464891 0.0075023709)
(0.03838593 -0.0020258591 0.0073404087)
(0.051968532 0.0021523085 0.0096469166)
(0.052292639 -0.00023251512 0.010028113)
(0.051586674 -0.00248525 0.0097032272)
(0.067205623 0.002099809 0.012158759)
(0.067518237 -0.00080366582 0.012294414)
(0.06691336 -0.0033618958 0.012169738)
(0.084592504 0.0016801893 0.014960635)
(0.084978362 -0.0012796971 0.015350717)
(0.084095529 -0.0038373135 0.014981773)
(0.10403374 0.0012110149 0.018018491)
(0.10410454 -0.0019056603 0.018180259)
(0.10350052 -0.0049147105 0.017948524)
(0.12540625 0.00063459137 0.02123575)
(0.12568985 -0.0028118775 0.02142315)
(0.12483934 -0.0058406861 0.021219897)
(0.14892107 -0.00024154331 0.024605939)
(0.14903471 -0.003766613 0.024914628)
(0.1482209 -0.0070800217 0.02458803)
(0.1743373 -0.0012985636 0.028209407)
(0.17449671 -0.0051005006 0.028405479)
(0.1736632 -0.00857154 0.028225436)
(0.20181561 -0.0026050234 0.031963617)
(0.201861 -0.0064893298 0.032268414)
(0.20109351 -0.010060908 0.031908957)
(0.23109189 -0.0041621939 0.035833656)
(0.23118442 -0.0081522224 0.036006087)
(0.2303181 -0.011869079 0.035787308)
(0.26223343 -0.0059529315 0.039889878)
(0.26220798 -0.010032181 0.040142588)
(0.26145764 -0.013936731 0.039832253)
(0.29506664 -0.0080171864 0.043979115)
(0.29504547 -0.012130017 0.044134187)
(0.29428936 -0.016080342 0.043860433)
(0.32951403 -0.010326289 0.048272051)
(0.32943179 -0.014448631 0.048302872)
(0.3286618 -0.018498791 0.048119995)
(0.36536701 -0.012806768 0.052585856)
(0.36509497 -0.016959076 0.052521725)
(0.36460683 -0.021200453 0.052295433)
(0.40247472 -0.01549822 0.056795139)
(0.40245087 -0.019648605 0.056763992)
(0.40170388 -0.023862353 0.056701924)
(0.44044791 -0.018408866 0.061170933)
(0.44016285 -0.022565215 0.061115693)
(0.43962383 -0.026973639 0.060841049)
(0.47965073 -0.021333106 0.065372262)
(0.47957544 -0.025578949 0.065357475)
(0.47908232 -0.029768401 0.065204388)
(-0.00098703602 -0.00066939346 -0.00067733992)
(-0.00092078952 -0.00085544631 0.00024664575)
(-0.00061290876 -0.00098625729 0.00070318431)
(0.0020756779 -0.0021164207 0.00013944823)
(0.0025080265 -0.0019179065 0.00052534708)
(0.0022408012 -0.0028343507 0.0013065685)
(0.0050166451 -0.0032367355 0.00059703547)
(0.0054897847 -0.0047936143 0.0015755819)
(0.0054912345 -0.0055977669 0.0023797722)
(0.01099444 -0.0049764708 0.0016826508)
(0.011011384 -0.0055180923 0.0023294907)
(0.011068548 -0.0070194917 0.0031664127)
(0.018081403 -0.0063367799 0.003269934)
(0.018514133 -0.0082696684 0.0041560188)
(0.018381845 -0.0094817298 0.0050255294)
(0.027440131 -0.0081213174 0.0047185444)
(0.027469566 -0.0096474895 0.005479262)
(0.027532142 -0.011733561 0.0063752424)
(0.038716367 -0.010073572 0.0069529428)
(0.03898539 -0.0121526 0.0079205358)
(0.038681766 -0.014103361 0.0086838362)
(0.051749522 -0.011853752 0.0091030398)
(0.05175789 -0.014185889 0.0099432764)
(0.0516853 -0.016579384 0.010799028)
(0.067109153 -0.014196008 0.011761657)
(0.067206654 -0.016618504 0.012593376)
(0.066976064 -0.019154277 0.013409498)
(0.084207139 -0.016314178 0.014440603)
(0.084178558 -0.019052029 0.01532385)
(0.083949241 -0.021958822 0.016217717)
(0.10345325 -0.01877143 0.01745922)
(0.10351096 -0.021772073 0.018361718)
(0.10322564 -0.024737315 0.019144303)
(0.12477473 -0.021433574 0.020719587)
(0.1247368 -0.024544866 0.021568522)
(0.12436892 -0.027830215 0.022358069)
(0.14800546 -0.024150396 0.024054416)
(0.14790185 -0.02754109 0.024896122)
(0.14758209 -0.03092351 0.025734903)
(0.17332795 -0.027171549 0.027680297)
(0.17319958 -0.03060706 0.028527442)
(0.17285127 -0.034205696 0.029254994)
(0.20053019 -0.03026793 0.031391357)
(0.2003479 -0.033897637 0.0321918)
(0.20001916 -0.037637181 0.032896579)
(0.22965052 -0.033528217 0.035290746)
(0.22946591 -0.037317097 0.03601824)
(0.22904688 -0.041120552 0.036707823)
(0.26057535 -0.037019322 0.039271083)
(0.26028972 -0.040782856 0.040012907)
(0.2599746 -0.044805469 0.040612539)
(0.29313885 -0.040440389 0.043331199)
(0.29299303 -0.044512828 0.043987497)
(0.29256462 -0.048484282 0.044541055)
(0.32741877 -0.044199824 0.047573886)
(0.32708883 -0.048131718 0.048147039)
(0.32670375 -0.052270447 0.048623148)
(0.36291342 -0.047800872 0.051784696)
(0.36285367 -0.051876428 0.052236297)
(0.36241443 -0.056078753 0.052713431)
(0.39979298 -0.05138481 0.056040876)
(0.39969493 -0.055639575 0.056501363)
(0.39912687 -0.059829333 0.056838933)
(0.43788117 -0.055078479 0.060501029)
(0.43770221 -0.059321682 0.060722183)
(0.43731367 -0.063404418 0.060972377)
(0.47661922 -0.058512058 0.064867975)
(0.47639828 -0.062599339 0.064980428)
(0.47600542 -0.067009034 0.064943095)
)
;

boundaryField
{
    free
    {
        type            calculated;
    }
    bottom
    {
        type            calculated;
    }
    traction
    {
        type            calculated;
    }
}


// ************************************************************************* //
