/*--------------------------------*- C++ -*----------------------------------*\
  =========                 |
  \\      /  F ield         | OpenFOAM: The Open Source CFD Toolbox
   \\    /   O peration     | Website:  https://openfoam.org
    \\  /    A nd           | Version:  6
     \\/     M anipulation  |
\*---------------------------------------------------------------------------*/
FoamFile
{
    version     2.0;
    format      ascii;
    class       pointScalarField;
    location    "3.3000560601304874";
    object      p;
}
// * * * * * * * * * * * * * * * * * * * * * * * * * * * * * * * * * * * * * //

dimensions      [1 -1 -2 0 0 0 0];

internalField   nonuniform List<scalar> 
625
(
251023.74
-346009.91
8021.5981
11424.312
519571.25
-750667.62
8899.9551
-2278.6204
224292.11
2702.0492
-14453.77
-17050.538
1437.7464
4572.0244
124597.2
130645.61
149143.28
151149.96
147112.76
155764.91
150301.86
151902.33
155057.66
150624.6
148156.14
139957.32
135844.75
127735.53
119105.87
109472.36
98619.921
86507.131
74545.189
62942.234
48313.573
35397.421
24211.148
-129197.02
-107655.43
-122900.27
-106883.1
-107534.21
-109806.54
-99962.681
-101901.84
-99388.99
-94616.8
-93619.577
-86927.795
-85936.499
-79299.252
-75695.223
-69646.38
-62778.056
-58682.997
-50219.972
-45310.214
-38502.135
-23713.679
-12853.142
275443
-44880.865
-80493.94
-146998.34
-184110.64
-152758.99
-142807.95
-180742.06
-145202.59
-174942.6
-165850.86
-158848.83
-158981.35
-155313.93
-149217.67
-144125.58
-134039.33
-124897.2
-115188.6
-101197.76
-89694.417
-75864.547
-59450.035
-43476.415
-29429.247
-10887.655
10392.941
-1676.4921
-5563.0346
24315.558
28411.829
43762.231
51544.662
64579.255
74259.916
83609.521
92578.858
97927.817
108228.64
114305.94
124921.72
121335.62
129417.21
130456.07
135123.1
138407.8
131310.6
155650.32
125585.11
164243.24
129327.45
137645.18
277696
261938.54
246829.94
-287618.47
-433237.06
-465911.77
16640.146
16710.028
17537.662
-6471.7241
2185.6906
-4291.9023
70582.464
94759.342
95586.943
94800.246
96495.073
98347.776
98799.045
99242.154
97883.404
93903.236
91863.25
91656.124
87408.725
81763.607
77421
68693.985
63837.142
55082.366
43922.413
34581.761
24339.751
14061.163
13513.111
-16141.586
-2405.0494
-8260.9742
5812.4374
80.790661
7300.8254
5393.404
6533.7222
9708.8352
9719.8698
9760.1733
9977.3456
8575.6351
8633.0126
8485.6438
6104.8247
9934.7915
4340.9384
7126.4968
8681.3662
6754.221
6627.3088
3330.9399
-96580.173
-63200.33
-77559.128
-54747.985
-73539.319
-59471.01
-66105.942
-58282.567
-54450.943
-54456.654
-50614.311
-50035.059
-45952.349
-42993.764
-39493.652
-35875.45
-30840.168
-30439.479
-21580.478
-21180.701
-14289.58
-12954.145
-1686.7659
166802.86
173215.99
191662.36
7431.9486
9702.4946
-29465.092
-68324.33
-38010.573
-27107.751
-202626.59
-208341.91
-210920.12
-149969.4
-155421.48
-170783.59
-145024.73
-148230.52
-163118.39
-128133.89
-129198.24
-142795.59
-128184.05
-137942.96
-151008.29
-124131.46
-127086.28
-139596.31
-125409.85
-132723.2
-138547.31
-121835.48
-126848.4
-141028
-120133.69
-126886.62
-140302.01
-114815.11
-122630.05
-136134.81
-109899.54
-119528.83
-133782.19
-109783.43
-115524.58
-126973.03
-102269.14
-110824.39
-122496.68
-98291.04
-102998.11
-116162.21
-90220.795
-96043.289
-107303.13
-83451.185
-87926.91
-98403.315
-74755.254
-78905.086
-87206.633
-64016.506
-68946.909
-75483.474
-55697.675
-58633.992
-64573.682
-45530.34
-47577.151
-51276.316
-32822.493
-34382.021
-36445.041
-22814.021
-23595.216
-27166.953
-13889.258
-10955.916
-11626.257
-17563.724
-20423.172
-21118
5583.816
578.33901
1207.7317
9718.5045
11619.581
11545.746
152573.27
145102.09
160876.43
165496.36
128801.4
144764.54
167156.85
146493.46
152811.39
161415.05
137187.11
144889.18
164785.2
144809.37
142556.76
162392.19
138803.88
141371.82
164870.25
139531.83
139001.98
161214.94
135172.14
137360.88
161189.4
136095.65
134846.61
151774.27
131483.94
130275.88
149233.66
131001.82
128754.02
148769.12
124389.84
116960.77
139217.21
117671.66
114973.04
133505.29
111899.13
111345.77
123666.81
104356.6
103562.96
113857.75
96418.306
94566.759
100547.46
85784.496
86643.195
87489.826
78549.882
76185.58
75100.473
67170.625
64965.343
60497.536
54750.321
53417.45
45184.569
43894.36
41690.006
33094.638
34077.489
29065.174
26814.33
29053.202
27863.879
62909.697
87397.806
73224.754
84258.662
82934.324
77517.628
80800.885
74007.652
73989.01
68736.402
67479.089
63196.235
64307.839
56403.811
54116.511
50445.155
44587.2
40340.977
35138.464
31036.856
22431.601
19093.764
10850.362
-23563.627
-1812.1729
654.24573
-118.32051
9224.7271
446.17229
3209.2195
2006.65
-69.285788
1542.1573
-825.42358
1991.8593
-358.1023
-242.54334
3657.2837
2074.3282
3764.6349
5765.7868
5888.0083
6267.721
6783.523
6719.8925
8013.2261
-71361.608
-63078.934
-90660.728
-85510.014
-89654.884
-99520.317
-92828.878
-96248.458
-94162.438
-93633.217
-90312.419
-89723.078
-85380.471
-80065.795
-74026.368
-68505.494
-61283.788
-52662.802
-44587.633
-37699.951
-26717.898
-14976.311
-13114.107
110508.61
119662.34
100569.74
95268.973
113026.73
95746.027
85958.073
89320.602
89683.202
84585.742
92524.785
75803.2
90157.433
83639.796
79665.619
90393.612
86880.049
78503.227
82490.087
82169.561
75389.541
89386.051
85213.611
75794.74
80563.706
81836.962
70181.243
85014.887
79233.21
72557.143
82644.685
82422.43
64435.997
76540.367
69275.931
65431.818
72747.6
71675.376
62949.171
69185.271
67571.004
58346.217
63391.856
62525.618
52689.455
58980.591
56592.276
50856.946
51262.073
52381.185
45612.824
49419.292
44851.285
40983.842
38746.866
37616.732
34209.522
33760.611
32035.121
29402.07
24178.944
24000.021
22441.139
18931.404
15718.575
14200.134
-2381.3813
5016.5296
4998.7016
-6959.9239
-25227.602
-7781.982
10745.798
6245.636
-3519.58
12582.178
-513.59379
-7444.3111
10308.759
4506.0426
-6059.493
19313.888
8190.4148
-2726.3303
10620.852
5946.2124
-5263.1133
19930.678
11549.396
-4917.8272
15665.03
8238.4865
-6890.7687
18058.068
9390.8926
-5575.7215
18319.47
12381.536
-6872.2391
19421.782
6288.3228
-7883.6749
17915.513
8812.1871
-4700.2662
17070.78
11786.081
-4653.259
17652.436
10105.427
-5505.4479
14850.643
11098.271
-5151.3511
16160.625
10434.937
-2192.311
10986.593
11986.254
-3046.6902
12040.23
10524.879
-3093.0051
8782.1809
8545.0029
730.1562
6534.2868
9853.7825
2049.6739
6464.5483
7048.6767
2775.3045
6605.9791
8729.8196
2839.1566
8587.6523
8197.5623
6536.1057
-77296.147
-104095.35
-94682.999
-61018.173
-59362.136
-71664.263
-62760.299
-91754.054
-82439.85
-79095.279
-72339.363
-91108.026
-67306.398
-86403.268
-86601.02
-64943.394
-79523.178
-90322.707
-64697.11
-81315.849
-92707.363
-61585.155
-84398.916
-88768.269
-62311.697
-75223.382
-90679.024
-61376.492
-81027.87
-88987.223
-58571.586
-73048.081
-86454.526
-54600.154
-71790.983
-82288.82
-50723.308
-70709.995
-79187.061
-48991.811
-65743.772
-75192.379
-44726.734
-61661.088
-69819.93
-42161.186
-56393.42
-63851.696
-37691.552
-51144.372
-57769.019
-31018.325
-45353.469
-50252.768
-27767.704
-38779.074
-40413.582
-22154.91
-30629.796
-33503.983
-19455.334
-24736.155
-27090.304
-6958.7869
-14401.721
-13568.155
-5263.6319
-10494.735
-8009.1124
)
;

boundaryField
{
    free
    {
        type            calculated;
    }
    bottom
    {
        type            calculated;
    }
    traction
    {
        type            calculated;
    }
}


// ************************************************************************* //
