/*--------------------------------*- C++ -*----------------------------------*\
  =========                 |
  \\      /  F ield         | OpenFOAM: The Open Source CFD Toolbox
   \\    /   O peration     | Website:  https://openfoam.org
    \\  /    A nd           | Version:  6
     \\/     M anipulation  |
\*---------------------------------------------------------------------------*/
FoamFile
{
    version     2.0;
    format      ascii;
    class       pointVectorField;
    location    "3.3000560601304874";
    object      u;
}
// * * * * * * * * * * * * * * * * * * * * * * * * * * * * * * * * * * * * * //

dimensions      [0 1 0 0 0 0 0];

internalField   nonuniform List<vector> 
625
(
(0 0 0)
(0 0 0)
(0.95420057 0.052705139 0.10720589)
(0.92067496 -0.20283801 0.08582059)
(0 0 0)
(0 0 0)
(0.93441281 -0.23524449 0.084332044)
(0.96780296 0.019797805 0.10634623)
(0 0 0)
(0 0 0)
(0 0 0)
(0.94535835 -0.011976149 0.10086163)
(0.93661395 -0.074740356 0.096469837)
(0.92871105 -0.13771492 0.090939012)
(0.00074548908 0.0063675664 0.007224705)
(0.0043506705 0.014503358 0.0074282561)
(0.01253489 0.022182275 0.0092021481)
(0.024449475 0.030620612 0.010094511)
(0.040189024 0.038159058 0.011599246)
(0.060146178 0.04642492 0.013366923)
(0.083601861 0.053495498 0.015572816)
(0.11106736 0.06079488 0.018109132)
(0.14227266 0.067203523 0.021370664)
(0.17717112 0.073117454 0.02467754)
(0.21560909 0.07840928 0.028796832)
(0.25759864 0.082743214 0.033103337)
(0.30293613 0.086321696 0.037999619)
(0.35138328 0.088819981 0.043219474)
(0.40282638 0.090311566 0.048886403)
(0.4570228 0.090659818 0.054751125)
(0.51357537 0.090020169 0.061035977)
(0.57247312 0.087957053 0.067481107)
(0.63331249 0.084745246 0.073975099)
(0.69549957 0.080529125 0.080730138)
(0.75915178 0.075052829 0.087441182)
(0.82350051 0.068935292 0.09416048)
(0.88822105 0.061271336 0.10115274)
(-0.0021732059 -0.0053719706 -0.0080260346)
(0.0032225521 -0.011111633 -0.0070294894)
(0.0091676541 -0.017954323 -0.0093683153)
(0.02148597 -0.025111281 -0.0082060397)
(0.035350671 -0.031067735 -0.0084812164)
(0.054633615 -0.039035632 -0.0074566509)
(0.076078036 -0.045254941 -0.0065129658)
(0.10234849 -0.053153634 -0.004516407)
(0.13147876 -0.060707682 -0.0027243756)
(0.16447138 -0.068407901 0.00019077261)
(0.20098065 -0.076959399 0.003344509)
(0.24080112 -0.085308215 0.0072612907)
(0.28403279 -0.094393738 0.011601237)
(0.3303314 -0.10361023 0.016541731)
(0.3797182 -0.11320177 0.021959538)
(0.4318548 -0.12304348 0.027877877)
(0.48672057 -0.13317668 0.034241319)
(0.54371683 -0.14355209 0.040839493)
(0.60316152 -0.15373935 0.048022455)
(0.66403069 -0.16412014 0.05518038)
(0.72673596 -0.17433327 0.062787541)
(0.79045291 -0.18420604 0.070271269)
(0.85507787 -0.19368869 0.077794407)
(0 0 0)
(0 0 0)
(0 0 0)
(0.0010637434 -0.0033117689 0.0048330704)
(0.0062887232 -0.015571931 0.0055606203)
(0.014820112 -0.019224753 0.004548062)
(0.026584777 -0.028556096 0.0040901316)
(0.04366408 -0.038050242 0.0051169409)
(0.06249521 -0.04488036 0.0046615772)
(0.085890514 -0.055466066 0.0066550558)
(0.11256356 -0.064009275 0.0074551406)
(0.14266444 -0.074100566 0.0095949816)
(0.17630391 -0.084075905 0.011936565)
(0.21337229 -0.094701952 0.014720665)
(0.25361829 -0.10532128 0.018228643)
(0.29716327 -0.11647445 0.021906579)
(0.34380531 -0.12774265 0.026185363)
(0.39323823 -0.13910481 0.030902238)
(0.44553274 -0.15073386 0.035970212)
(0.50033436 -0.16218849 0.041377618)
(0.55747487 -0.17365989 0.047088854)
(0.61668251 -0.18497854 0.053085467)
(0.67774707 -0.19593335 0.059187903)
(0.74026513 -0.20668797 0.065489352)
(0.80416467 -0.21667407 0.071849078)
(0.86862484 -0.2265176 0.078302009)
(0.94261267 -0.17036329 0.089856625)
(0.95004733 -0.10762085 0.09568387)
(0.95884145 -0.045386741 0.10163113)
(0.90197956 0.028584556 0.098241935)
(0.83652055 0.036154658 0.090552707)
(0.77208124 0.042715402 0.082823778)
(0.70793469 0.049009939 0.074863567)
(0.64527476 0.054104008 0.067153729)
(0.58413865 0.058356923 0.059489945)
(0.52491833 0.061659722 0.052196721)
(0.46784949 0.063982871 0.045078461)
(0.41329682 0.065296664 0.03843709)
(0.36141958 0.065789189 0.032119055)
(0.31252049 0.065079652 0.026342239)
(0.26663843 0.06388108 0.020734839)
(0.22428729 0.061413444 0.016286586)
(0.18524605 0.05835021 0.011903182)
(0.14970208 0.054579484 0.0080645342)
(0.11788671 0.050027517 0.0048669834)
(0.089701255 0.045154216 0.0018836012)
(0.065316448 0.039274524 -6.1494028e-05)
(0.04503986 0.033399876 -0.0023184359)
(0.027970579 0.026495913 -0.0033052266)
(0.015333001 0.020328381 -0.0050831559)
(0.0058299081 0.012840903 -0.0054648219)
(0.0033404321 0.0062428764 -0.0042226454)
(0 0 0)
(0 0 0)
(0 0 0)
(0 0 0)
(0 0 0)
(0 0 0)
(0.92402181 -0.21132517 0.085042387)
(0.92761791 -0.21960222 0.085213715)
(0.93080952 -0.22776085 0.084713449)
(0.95810473 0.044947693 0.10698699)
(0.9614773 0.036607227 0.10664753)
(0.96498252 0.028668777 0.10643457)
(-0.0025386627 0.0043510782 0.0049010146)
(0.0016494473 0.0087444139 0.0040146411)
(0.0092938402 0.012998307 0.0052121604)
(0.020993912 0.017579603 0.0057180732)
(0.036576588 0.02175031 0.0070113393)
(0.05609971 0.026000706 0.0084699223)
(0.079314807 0.029635705 0.010503088)
(0.10646525 0.033146247 0.01287944)
(0.13719951 0.036043806 0.015674193)
(0.17160517 0.038498291 0.018982334)
(0.2096279 0.04038038 0.022807232)
(0.25126786 0.041373431 0.027041769)
(0.29612221 0.041798082 0.031763245)
(0.34417472 0.041230899 0.036867192)
(0.39521159 0.039882586 0.042453119)
(0.44902518 0.03761924 0.048220861)
(0.50530842 0.034329858 0.054583175)
(0.56391867 0.030280805 0.060886797)
(0.6245998 0.025152183 0.067518546)
(0.68664165 0.01922307 0.074368493)
(0.75029497 0.012493024 0.081090596)
(0.81462105 0.0052086716 0.087935632)
(0.87982322 -0.0034841173 0.094845838)
(-0.0042535977 0.0011086921 0.00011661508)
(0.0010748379 0.0011697595 -0.0004321391)
(0.0078715296 0.0023542812 0.0004499105)
(0.019406535 0.0032195643 0.00076305107)
(0.034950683 0.0033704175 0.0019784626)
(0.053968773 0.0041786162 0.0031911757)
(0.076868407 0.0042086693 0.0049365539)
(0.10355701 0.0041303417 0.007080733)
(0.13375719 0.0037223759 0.0096981549)
(0.16795983 0.0025973901 0.013000861)
(0.20533528 0.0012359723 0.01636874)
(0.24649184 -0.00091600394 0.020664212)
(0.29078058 -0.0036150484 0.025211136)
(0.33838587 -0.0069235982 0.030282501)
(0.38892898 -0.011057109 0.035824238)
(0.44231489 -0.015715255 0.041593253)
(0.49826151 -0.021338681 0.048065865)
(0.5564462 -0.027278917 0.054293074)
(0.61661376 -0.034150064 0.061274455)
(0.67841235 -0.041481865 0.068188596)
(0.74190083 -0.04936461 0.075118416)
(0.80625861 -0.057711069 0.082338363)
(0.87176581 -0.066223364 0.089299208)
(-0.0042977569 -0.0025937785 -0.0034465179)
(0.0011055415 -0.0054210099 -0.0030077358)
(0.0071652976 -0.0076143152 -0.0038857281)
(0.019289091 -0.010588086 -0.0032933938)
(0.034045808 -0.01403082 -0.0028007581)
(0.052674003 -0.01648882 -0.001948179)
(0.075568832 -0.020585245 -0.00031631889)
(0.10145161 -0.023767884 0.0014123188)
(0.13159201 -0.028041396 0.004022689)
(0.16492879 -0.032420566 0.0067508688)
(0.20203694 -0.037017438 0.010228392)
(0.24265419 -0.042526016 0.014264159)
(0.28640472 -0.048090609 0.018648816)
(0.33353374 -0.054431087 0.023688252)
(0.38349914 -0.061168939 0.029110244)
(0.43646721 -0.068419606 0.034984054)
(0.49177824 -0.076187916 0.041293437)
(0.54967417 -0.084273841 0.047760461)
(0.60949355 -0.092857552 0.05475103)
(0.67128276 -0.10164585 0.061646113)
(0.73443666 -0.11081965 0.068880813)
(0.79858562 -0.11979634 0.076155925)
(0.86361011 -0.12894115 0.083526257)
(0 0 0)
(0 0 0)
(0 0 0)
(0 0 0)
(0 0 0)
(0 0 0)
(0 0 0)
(0 0 0)
(0 0 0)
(0.001214419 -0.0017527411 -0.0037524875)
(0.0022630811 -0.0027583914 -0.0018291086)
(0.0024252342 -0.0024245124 0.0010977272)
(0.0070272814 -0.013028498 -0.0044473718)
(0.0077830548 -0.013900485 -0.0018724571)
(0.0086383929 -0.014233361 0.0019977304)
(0.013517595 -0.017764413 -0.0059378449)
(0.015704138 -0.017878079 -0.0025711398)
(0.016685476 -0.020027723 0.0014969698)
(0.025465468 -0.025741793 -0.0049186954)
(0.027353186 -0.027456193 -0.0022546088)
(0.027876652 -0.027735088 0.0011069343)
(0.040527926 -0.03310537 -0.0052211507)
(0.042748923 -0.034180879 -0.002618535)
(0.044572827 -0.037342695 0.0016159163)
(0.058864949 -0.040044177 -0.004585786)
(0.061846395 -0.042502648 -0.0013471066)
(0.063201401 -0.044011084 0.001745019)
(0.081652273 -0.048299258 -0.0031786595)
(0.08454462 -0.051124025 -0.00064128227)
(0.085939336 -0.053124752 0.0033776595)
(0.10733046 -0.055960659 -0.0018601666)
(0.11034072 -0.058296673 0.00089407369)
(0.11265012 -0.062288757 0.0043975378)
(0.13692152 -0.064138367 0.00032425367)
(0.14044178 -0.068315863 0.0030047982)
(0.14243746 -0.071399154 0.006500811)
(0.1700232 -0.07279982 0.0029350582)
(0.1733943 -0.076499181 0.0054569629)
(0.175845 -0.080835806 0.0089515382)
(0.20636685 -0.081538567 0.0059739608)
(0.21022244 -0.086528832 0.0086689932)
(0.21266113 -0.090986624 0.011782577)
(0.24645623 -0.091061974 0.0097934516)
(0.25007764 -0.095884106 0.012056074)
(0.25277444 -0.1009932 0.015448573)
(0.28947174 -0.10023289 0.013981593)
(0.29330461 -0.10589866 0.016380462)
(0.29600912 -0.11165488 0.019243186)
(0.33581759 -0.11027155 0.018844894)
(0.33960062 -0.11636554 0.020904719)
(0.34250235 -0.12239839 0.023686625)
(0.38499756 -0.1202641 0.024044345)
(0.38886494 -0.1267635 0.026019002)
(0.39176858 -0.13324488 0.028630345)
(0.43706088 -0.13062194 0.029800345)
(0.44084044 -0.13751401 0.031593635)
(0.44385792 -0.14440483 0.03389529)
(0.49159444 -0.14109299 0.035950747)
(0.49543366 -0.14830231 0.037483516)
(0.49847204 -0.15552786 0.039582012)
(0.54850975 -0.15148606 0.042388496)
(0.5523242 -0.15915884 0.043736058)
(0.5553999 -0.16661151 0.045551508)
(0.60754902 -0.16219039 0.04923013)
(0.61130199 -0.16990549 0.050351242)
(0.61441521 -0.17763313 0.05182847)
(0.66838931 -0.17248172 0.056183618)
(0.67208343 -0.18053471 0.057091964)
(0.67522624 -0.18842579 0.058226614)
(0.73074594 -0.18284964 0.063368426)
(0.73434827 -0.19092334 0.064093962)
(0.73755906 -0.19885891 0.064818713)
(0.79427629 -0.19266385 0.07061374)
(0.79789269 -0.200858 0.071021104)
(0.8011622 -0.20904834 0.071409622)
(0.85868002 -0.20236809 0.077898142)
(0.86214027 -0.21047872 0.07798968)
(0.86556044 -0.2185311 0.078166709)
(0.94934533 -0.019952059 0.10141933)
(0.95269816 -0.028110074 0.10130482)
(0.95609401 -0.036370333 0.10135162)
(0.93988124 -0.083059447 0.096321539)
(0.94367957 -0.091242596 0.09593023)
(0.94665944 -0.099500849 0.095722764)
(0.93233596 -0.14632164 0.090618618)
(0.93601026 -0.15450367 0.090379692)
(0.93911599 -0.16249719 0.090282624)
(0.0039653261 0.0053458565 0.0038522074)
(0.0044065759 0.005610664 0.0012022852)
(0.0051226985 0.0056100971 -0.0011044607)
(0.0079857203 0.013061634 0.0037452683)
(0.0083041274 0.013223636 0.0011979174)
(0.0084235835 0.012924889 -0.0029978902)
(0.016398005 0.021488927 0.0055310148)
(0.016951145 0.021325667 0.0019185312)
(0.017835543 0.02114288 -0.0016812974)
(0.028011846 0.028992273 0.0062007405)
(0.029773711 0.028229868 0.0029066316)
(0.030035436 0.027487192 -0.00086655618)
(0.044619168 0.036885641 0.0076196598)
(0.045805619 0.035906585 0.004433651)
(0.046426253 0.035253555 0.00079768384)
(0.064005258 0.044277879 0.0094668736)
(0.065967324 0.042405419 0.0063176549)
(0.067131446 0.040993284 0.0025965689)
(0.088208771 0.051040537 0.011595229)
(0.090056381 0.049016378 0.0084921311)
(0.091055366 0.047296605 0.0046514072)
(0.11561104 0.057589317 0.014204852)
(0.11750304 0.055137152 0.011164251)
(0.11900599 0.052946646 0.0074834642)
(0.14685883 0.063540485 0.017420689)
(0.14920377 0.060611214 0.014223856)
(0.15066728 0.057828417 0.010678873)
(0.18182109 0.068986819 0.020918828)
(0.18422788 0.065556413 0.017876294)
(0.18583088 0.062284278 0.01441199)
(0.22018545 0.073750404 0.025188968)
(0.22298575 0.069556265 0.021771699)
(0.22480958 0.06557702 0.018762876)
(0.26251359 0.077546509 0.029463835)
(0.26506531 0.072726185 0.02688932)
(0.26693567 0.068652846 0.023077802)
(0.30765931 0.080469672 0.034530396)
(0.31045319 0.075318799 0.031595389)
(0.31249387 0.070752072 0.028569019)
(0.35617966 0.082598199 0.039889651)
(0.35900164 0.076984679 0.037290234)
(0.36126385 0.071672327 0.034303546)
(0.4075235 0.083626961 0.045774528)
(0.41050859 0.077483613 0.043230295)
(0.41284556 0.071734394 0.040452869)
(0.46167178 0.083631241 0.05185102)
(0.4647019 0.076968466 0.049555254)
(0.46714326 0.07086919 0.046975588)
(0.51823703 0.082336538 0.058450643)
(0.52126362 0.075620431 0.056298893)
(0.52393146 0.068925597 0.053947247)
(0.57684017 0.080255783 0.065103119)
(0.58019015 0.072902009 0.063140455)
(0.5828486 0.065972429 0.061048928)
(0.63760137 0.076915053 0.071960282)
(0.64082843 0.069312747 0.07033691)
(0.64364002 0.06206431 0.068534408)
(0.69967173 0.072449226 0.07900841)
(0.70305527 0.064793835 0.077566295)
(0.70598201 0.057144774 0.076021323)
(0.76323256 0.067149846 0.086025095)
(0.76665089 0.058952221 0.084829869)
(0.76958349 0.051259085 0.083797489)
(0.82738909 0.060422164 0.093050687)
(0.8308605 0.052464145 0.092255027)
(0.83402165 0.044553185 0.091376335)
(0.89255457 0.053539936 0.10039167)
(0.89579781 0.045185963 0.099640089)
(0.89924015 0.037089555 0.099157616)
(-0.00037430942 0.002093639 -0.0026164004)
(0.0036811523 0.0088677847 -0.0033929649)
(0.012201135 0.0095589515 -0.0016790375)
(0.025194357 0.013805107 -0.0014166523)
(0.041544423 0.016239741 -0.00020876527)
(0.062136572 0.018529934 0.0016935903)
(0.086002233 0.02073574 0.0035193988)
(0.11380937 0.022007342 0.0060089468)
(0.14534999 0.022946437 0.0090054561)
(0.18035665 0.023210419 0.012418565)
(0.21909131 0.022948282 0.016292657)
(0.26094843 0.021951981 0.020900585)
(0.30628701 0.020090754 0.025651759)
(0.35475062 0.017546565 0.031239358)
(0.40620543 0.014345632 0.037011084)
(0.46028686 0.010349422 0.043273496)
(0.51696252 0.0055557027 0.049916128)
(0.57585539 0.00012875408 0.056778207)
(0.63665769 -0.0059878842 0.06395589)
(0.69917462 -0.012822816 0.071193597)
(0.76300042 -0.020173573 0.078629233)
(0.82763335 -0.027987961 0.086114029)
(0.8932307 -0.036573068 0.093686342)
(-0.0028173368 0.0011777633 -9.1242974e-05)
(0.0028648347 0.0012543004 -0.00012469133)
(0.011681366 -0.00082744849 0.00037773129)
(0.024723813 -0.00041655691 0.00059902443)
(0.040677735 -0.0016021331 0.0013441208)
(0.061190244 -0.0031884073 0.0029877608)
(0.08455324 -0.0045746161 0.0043321162)
(0.11226743 -0.0067948511 0.0066848148)
(0.14324264 -0.0094830679 0.0091760843)
(0.17794658 -0.012341277 0.012247643)
(0.21600901 -0.016323664 0.015959923)
(0.25757044 -0.020244292 0.019866737)
(0.30228423 -0.025265714 0.024516139)
(0.35028177 -0.030547545 0.029589253)
(0.40112916 -0.036380381 0.034912421)
(0.45474072 -0.042956033 0.040857629)
(0.51088871 -0.049827334 0.047039938)
(0.56930322 -0.057235174 0.053492596)
(0.62971715 -0.065070784 0.060275404)
(0.69181372 -0.0732661 0.067093632)
(0.75547045 -0.081523456 0.074292131)
(0.81977001 -0.090251591 0.081249939)
(0.88582062 -0.099157315 0.08836438)
(-0.0030711014 -0.0024890022 0.0025379139)
(0.0042219065 -0.0040502445 0.001688736)
(0.012315047 -0.011282019 0.0033695891)
(0.024273318 -0.011719655 0.0023796516)
(0.040871739 -0.018680903 0.0038624196)
(0.060772467 -0.023095389 0.0044074304)
(0.083886655 -0.027973451 0.0059332773)
(0.11136351 -0.034205341 0.0077160038)
(0.14189605 -0.04012251 0.0099107586)
(0.17603938 -0.046868359 0.012790028)
(0.21377334 -0.053804676 0.015858602)
(0.25466986 -0.061429842 0.019645881)
(0.29893078 -0.069218847 0.023833684)
(0.34634623 -0.077645061 0.028394608)
(0.39651242 -0.086275717 0.033481908)
(0.44959326 -0.09530587 0.038926685)
(0.50517909 -0.10457686 0.04469449)
(0.56303383 -0.11402525 0.050740698)
(0.62297477 -0.12366453 0.057053556)
(0.68468948 -0.13324845 0.063570394)
(0.74777642 -0.14284293 0.070165171)
(0.81217658 -0.1523604 0.076688079)
(0.87716699 -0.16142319 0.083621386)
(0.00034876056 0.0020671352 0.0024275316)
(0.00021286772 0.0021648272 0.00091392704)
(0.0010566878 0.0021958427 -0.00055573863)
(0.0047546881 0.0084687963 0.001945664)
(0.0059930478 0.0083623006 1.5669639e-05)
(0.005810888 0.0077274709 -0.0021971765)
(0.012975207 0.012099566 0.003021207)
(0.013579042 0.011002883 0.0010965314)
(0.014542957 0.010898361 -0.00060562533)
(0.02472327 0.016296735 0.0033974762)
(0.026780851 0.016029141 0.0015994218)
(0.026965213 0.014376312 -5.7198233e-05)
(0.040830759 0.020378671 0.004688763)
(0.042223169 0.018812247 0.002880841)
(0.043266624 0.017399319 0.0014911886)
(0.060327349 0.023738912 0.006113367)
(0.062320306 0.022378274 0.0045843636)
(0.063506386 0.020378128 0.0024768518)
(0.083810103 0.027019999 0.0082393178)
(0.086150991 0.025054584 0.0061985206)
(0.08718996 0.022705376 0.0049144929)
(0.11098332 0.030172081 0.010436923)
(0.11323563 0.027636254 0.0088465984)
(0.11471163 0.024718932 0.0070437339)
(0.14188378 0.032391422 0.013450899)
(0.14447742 0.029451491 0.011731434)
(0.14607484 0.026081804 0.010154523)
(0.17635525 0.034520948 0.016627571)
(0.17910919 0.030815648 0.014972885)
(0.18079556 0.026804344 0.013446151)
(0.21455795 0.035561111 0.020481068)
(0.21744356 0.031289938 0.019018993)
(0.21926938 0.027148584 0.017528856)
(0.25604571 0.036079355 0.024822202)
(0.25908493 0.031396916 0.023196759)
(0.2610097 0.026473622 0.021736252)
(0.30096688 0.035966974 0.0296051)
(0.30399503 0.030855329 0.028098542)
(0.30615158 0.025565755 0.026724121)
(0.34893795 0.034926706 0.034859527)
(0.35209593 0.02935444 0.033465285)
(0.35435432 0.023332314 0.032079084)
(0.39992676 0.033167356 0.040459446)
(0.40316037 0.026905268 0.039144584)
(0.40551243 0.020678116 0.037896858)
(0.45365597 0.030380521 0.046549072)
(0.45694495 0.023903808 0.045275196)
(0.45942978 0.017154681 0.044119471)
(0.50993334 0.026883954 0.052764917)
(0.51317209 0.019916142 0.051769043)
(0.51579248 0.012791463 0.050648358)
(0.5682459 0.022461934 0.05955197)
(0.57174226 0.015064902 0.058417379)
(0.57441278 0.007712875 0.05751198)
(0.62876866 0.017167178 0.066289268)
(0.63215074 0.009652173 0.065426123)
(0.63494393 0.0019614952 0.064586351)
(0.69068726 0.011181428 0.07324907)
(0.69417308 0.0032898489 0.072539866)
(0.69709789 -0.0046353442 0.07176179)
(0.75417368 0.0043818166 0.080232917)
(0.75767644 -0.0037529586 0.079712045)
(0.76070887 -0.011765246 0.079136323)
(0.81846309 -0.0031992113 0.087298394)
(0.82190633 -0.011221717 0.087133819)
(0.82500155 -0.019374824 0.086474892)
(0.88351964 -0.011456058 0.094519961)
(0.8869061 -0.019677265 0.094275322)
(0.89032344 -0.027923628 0.094087884)
(-0.0018992232 0.00038457495 -0.00040021419)
(-0.0013741786 0.0010205064 -0.0005280098)
(-0.00074333269 0.00050534946 -0.0001157958)
(0.0034542555 0.0014906535 -0.0012494167)
(0.0045133666 0.00123492 -0.00096832997)
(0.0047302911 0.00069305914 -0.00090880552)
(0.011584351 0.0014046172 -0.00026148318)
(0.013186107 0.00088911815 0.00045820238)
(0.013505579 0.00052021174 3.9396876e-05)
(0.023094128 0.0020387124 -9.755796e-05)
(0.025358756 0.0010557713 0.0001811329)
(0.025559474 -0.00064026775 -5.2853827e-05)
(0.039090829 0.002204501 0.0011334242)
(0.041141515 0.00059329191 0.001668927)
(0.041673946 -0.00013608175 0.00084376055)
(0.05796235 0.0022335471 0.0023683645)
(0.060845728 0.00038374317 0.0026179185)
(0.061618712 -0.0017051092 0.0023608525)
(0.081376311 0.0020400684 0.0039031694)
(0.084109462 -0.00069066745 0.004242844)
(0.085004352 -0.0027552487 0.003874193)
(0.10810343 0.0012090044 0.0062135378)
(0.11108621 -0.0015913365 0.0067395487)
(0.11218886 -0.0042441863 0.0061314547)
(0.13846603 0.00030182277 0.0087841349)
(0.14162757 -0.0033903124 0.0089051923)
(0.14314738 -0.0066685224 0.0086076583)
(0.17267447 -0.0014119057 0.011917621)
(0.17610385 -0.0053844613 0.01238441)
(0.17745326 -0.0088801945 0.011776691)
(0.21035175 -0.0034808484 0.015607939)
(0.21350777 -0.0079142334 0.01573831)
(0.2154465 -0.012248009 0.015333377)
(0.25134232 -0.0060245488 0.019724136)
(0.25497075 -0.011167878 0.019861717)
(0.25673895 -0.015788307 0.019502518)
(0.29577737 -0.0093075534 0.024321085)
(0.29926809 -0.014803445 0.02459911)
(0.30124573 -0.020071922 0.024084135)
(0.343245 -0.013153416 0.02941689)
(0.34687907 -0.019309179 0.029525723)
(0.34900581 -0.025060588 0.029194134)
(0.39381113 -0.017707625 0.034961221)
(0.39739859 -0.02422235 0.03518897)
(0.39971402 -0.030376294 0.03464977)
(0.44703397 -0.022910345 0.040898212)
(0.45072499 -0.029834061 0.040945046)
(0.45305741 -0.036415558 0.040579042)
(0.50285064 -0.028751262 0.047219046)
(0.50646088 -0.036001294 0.047364114)
(0.50901409 -0.043037004 0.046881624)
(0.56093445 -0.03522935 0.053811591)
(0.5645839 -0.042746461 0.0538194)
(0.5672274 -0.050031423 0.053388589)
(0.62105482 -0.042297389 0.060727849)
(0.62465708 -0.049968307 0.060598089)
(0.62737362 -0.057562286 0.060259753)
(0.68286443 -0.049790784 0.06778485)
(0.68630601 -0.05764143 0.067553232)
(0.68936304 -0.065579202 0.067179501)
(0.74605989 -0.057747646 0.074789283)
(0.74976806 -0.065724988 0.074602864)
(0.75263397 -0.073717401 0.074397455)
(0.81016403 -0.066049346 0.081997184)
(0.81360822 -0.074059197 0.08179859)
(0.81670756 -0.082328631 0.08138407)
(0.87546159 -0.074543018 0.089035728)
(0.87912595 -0.082717119 0.088881066)
(0.88234489 -0.090803447 0.088584008)
(-0.0019981329 -0.0015358198 -0.001945059)
(-0.0018236974 -0.001769427 9.3488757e-05)
(-0.00098786413 -0.0017496659 0.0010460108)
(0.0047614388 -0.0049912967 -0.0017063638)
(0.0061133844 -0.0038449285 -0.00067313787)
(0.0060203496 -0.0048533863 0.00074990771)
(0.011218243 -0.0076661095 -0.0023210651)
(0.012876313 -0.0097661379 -0.00038362715)
(0.013694199 -0.010200013 0.0011949764)
(0.023718191 -0.011565433 -0.0022160782)
(0.025005699 -0.011302655 -0.00080252818)
(0.026229511 -0.012777708 0.00082023829)
(0.038612372 -0.014569673 -0.0013486648)
(0.040869129 -0.016731808 0.00039263048)
(0.042168385 -0.017552208 0.0019790385)
(0.057799577 -0.01843866 -0.00085041704)
(0.059772365 -0.019864796 0.00061963365)
(0.061669798 -0.022047477 0.0022978854)
(0.080657331 -0.022610922 0.00086945443)
(0.083241951 -0.024872582 0.0026832648)
(0.084875417 -0.026915905 0.0040523126)
(0.10680933 -0.026529637 0.0025590073)
(0.10933384 -0.029402678 0.0040283058)
(0.11154769 -0.03210905 0.0055732243)
(0.13709659 -0.031497799 0.0050090444)
(0.13997806 -0.034563492 0.0065166079)
(0.14221691 -0.037734701 0.0079543715)
(0.17056142 -0.036274471 0.0077648631)
(0.1734837 -0.040065945 0.0092603306)
(0.17592809 -0.043908727 0.010765623)
(0.20766363 -0.041718056 0.011151631)
(0.2108981 -0.046136722 0.012608906)
(0.21347589 -0.05026788 0.013943811)
(0.24828797 -0.047693859 0.015144389)
(0.25152623 -0.052471494 0.016464207)
(0.25416819 -0.05733633 0.017731991)
(0.29200647 -0.053920593 0.01943504)
(0.29530626 -0.0593879 0.020705414)
(0.298139 -0.064654179 0.022026788)
(0.33903428 -0.060834416 0.024412557)
(0.34240607 -0.066620385 0.025638094)
(0.34534035 -0.072461885 0.026726786)
(0.38894082 -0.068077961 0.029751588)
(0.39233698 -0.074403627 0.030856575)
(0.39539289 -0.080675328 0.031883704)
(0.44167037 -0.075786211 0.035588284)
(0.44511751 -0.082534096 0.036544982)
(0.44816281 -0.089168812 0.03748257)
(0.49694106 -0.083999654 0.041730857)
(0.50035468 -0.090963469 0.042657372)
(0.50357029 -0.098080744 0.043418017)
(0.55446768 -0.092347574 0.048207535)
(0.55803627 -0.099870579 0.048938346)
(0.56119737 -0.10714195 0.049615859)
(0.6141672 -0.10128145 0.055021745)
(0.61758976 -0.10880226 0.055613058)
(0.62083653 -0.11643874 0.056137805)
(0.67538543 -0.1101575 0.061928766)
(0.67910201 -0.11801093 0.062340205)
(0.68232405 -0.12585139 0.062822489)
(0.73823637 -0.11920752 0.068973342)
(0.74188006 -0.12731134 0.069349531)
(0.74502501 -0.13523709 0.069643838)
(0.802315 -0.12842595 0.07627483)
(0.8058911 -0.13658145 0.076379495)
(0.8092459 -0.14449631 0.076524314)
(0.86708396 -0.13744467 0.083466885)
(0.87061926 -0.14546916 0.083448679)
(0.87393825 -0.15374637 0.083275741)
)
;

boundaryField
{
    free
    {
        type            calculated;
    }
    bottom
    {
        type            calculated;
    }
    traction
    {
        type            calculated;
    }
}


// ************************************************************************* //
