/*--------------------------------*- C++ -*----------------------------------*\
  =========                 |
  \\      /  F ield         | OpenFOAM: The Open Source CFD Toolbox
   \\    /   O peration     | Website:  https://openfoam.org
    \\  /    A nd           | Version:  6
     \\/     M anipulation  |
\*---------------------------------------------------------------------------*/
FoamFile
{
    version     2.0;
    format      ascii;
    class       pointScalarField;
    location    "3.4000076954936467";
    object      p;
}
// * * * * * * * * * * * * * * * * * * * * * * * * * * * * * * * * * * * * * //

dimensions      [1 -1 -2 0 0 0 0];

internalField   nonuniform List<scalar> 
625
(
127289.8
-135749.99
7490.0891
9502.1976
191259.4
-405406.97
6912.2787
-2930.5412
121868.47
29533.66
14479.063
-17239.283
1039.614
3633.0084
64611.222
67422.062
76283.599
77300.971
75388.671
79746.382
77388.457
78577.295
80899.346
80070.973
79644.917
76190.531
75862.688
73386.778
69969.219
67672.698
63036.14
58396.356
52233.061
47151.773
38718.925
30528.052
21671.166
-50375.864
-44339.61
-54884.042
-49276.94
-53799.867
-56906.444
-56068.41
-58591.783
-60351.868
-60725.98
-62481.689
-60089.103
-61446.062
-59299.857
-58608.325
-56057.446
-52694.092
-50213.304
-45615.203
-40953.738
-37969.471
-24321.239
-14154.931
103851.46
-48157.355
-80400.619
-76828.724
-98248.535
-80885.841
-79676.507
-97669.469
-79975.346
-95530.327
-91877.992
-88500.625
-89478.939
-88453.127
-86252.986
-85638.469
-81008.876
-77444.322
-74252.598
-67367.744
-62544.03
-55807.321
-46174.357
-36795.447
-25599.032
-11905.024
8312.7491
-1336.3652
-6297.1673
23437.361
26779.347
39548.286
45393.751
54763.722
60539.163
65719.851
70099.751
71285.723
75445.265
77578.855
79812.831
75879.208
77195.439
74550.484
73820.453
72314.085
65068.793
73638.44
56179.773
72744.861
50934.37
55649.043
136662.55
104694.83
88115.764
-111239.58
-196750.83
-208977.74
14250.769
13742.093
14498.399
-6480.0092
1076.037
-5534.274
41501.802
53082.246
53338.466
52525.73
52803.408
53522.462
53614.479
53424.319
53248.319
51052.251
49542.21
50636.866
49354.812
46930.073
45649.233
42307.571
39667.601
36186.503
29825.014
24617.561
17854.205
10163.799
11405.325
388.81801
7486.981
1118.9269
6010.5442
1474.7631
2954.8402
781.18992
-172.33078
796.49168
-964.68802
-785.35134
-2165.5282
-3029.7728
-3182.8992
-3182.684
-3685.4272
-1374.6736
-2893.3614
-1.0532065
2986.3455
2363.5807
4150.9555
1944.6836
-34994.765
-20793.809
-33170.326
-22772.583
-36376.351
-31550.728
-37604.516
-35692.506
-36150.957
-37211.587
-37325.079
-39244.472
-37883.037
-37251.821
-35801.069
-33638.408
-31881.194
-28928.296
-23335.682
-21353.922
-14908.424
-13831.652
-2848.7259
82788.871
78431.517
79843.861
14754.98
1514.6154
-24297.541
-29220.483
-21294.682
-31948.395
-86181.341
-96701.434
-94667.107
-68264.887
-76495.266
-87197.361
-68727.223
-74496.358
-83998.336
-62930.917
-66662.223
-76296.952
-65588.855
-72770.429
-81075.388
-66130.317
-69131.333
-76121.451
-68769.649
-72328.038
-77130.454
-69626.425
-71452.244
-79526.442
-70819.434
-72781.818
-79921.381
-69902.293
-71954.3
-79343.438
-68993.726
-72891.925
-79224.369
-70671.409
-70566.042
-76925.73
-69421.624
-70707.197
-76495.258
-69027.825
-67673.156
-75046.151
-65657.83
-65177.317
-71457.249
-63157.833
-62122.013
-68053.732
-59120.405
-57996.326
-62923.519
-53107.596
-53056.432
-57152.057
-47327.505
-47668.258
-51283.904
-41354.03
-41265.76
-43285.658
-31717.38
-32332.083
-33005.428
-23365.641
-24335.957
-26871.692
-15677.529
-12611.843
-12883.76
-17969.36
-20975.638
-23022.238
4923.6101
-98.456653
102.76713
8602.6237
10012.738
9025.2655
74851.292
65196.643
70538.292
80924.641
57699.278
61937.061
84250.609
68500.031
69331.717
82346.719
65317.974
67438.842
84865.787
71053.292
68798.848
85480.958
69448.012
71031.18
87121.51
71839.347
71549.927
86632.938
71443.532
73048.83
88000.665
73351.491
74541.554
84935.115
73672.396
74313.574
84457.097
74010.815
75483.609
85523.572
73725.116
70705.331
83251.203
71424.079
72595.175
81603.286
69954.985
73042.006
78404.493
67667.001
70373.156
74892.64
64865.076
66758.79
68447.491
59987.043
63843.135
61250.427
57439.106
58469.382
55847.976
51254.616
52174.838
46898.664
43674.614
45018.277
37608.505
37740.557
37535.532
28548.899
30691.286
26607.213
25481.189
27799.569
27894.501
16320.897
30148.869
27612.515
34575.637
37922.479
37080.101
41300.499
40405.469
42480.82
42186.452
42872.461
43814.052
45223.279
41640.076
41343.997
39859.264
36423.593
33830.62
30451.65
26829.728
19626.308
16617.603
8620.0019
-22520.83
-12951.127
-7239.8265
-7582.9737
-369.277
-4412.1025
-572.72073
-358.16828
40.569701
2465.4562
1808.1078
3838.1712
3102.8747
4049.0584
6315.6091
5306.5102
6319.9929
7439.542
7270.0384
6886.9473
6945.7402
6019.1648
6612.6737
-49124.482
-41354.751
-52154.172
-49176.862
-50461.953
-55431.897
-50760.737
-52542.097
-51246.455
-50871.397
-49675.766
-49505.318
-47386.014
-45420.17
-43154.297
-40925.228
-38055.639
-33801.529
-30241.983
-26680.426
-20419.765
-12710.612
-12030.753
55694.15
54596.043
37333.171
49250.298
51925.299
40860.064
43782.719
44493.868
38975.437
43971.462
45555.256
33943.007
47106.322
43837.073
38272.9
47875.029
45933.973
38900.495
44089.792
45191.812
39706.808
48340.13
47730.436
41810.654
44510.374
47423.87
40437.425
47335.717
46760.555
43299.289
47151.092
48521.538
41271.687
45331.481
45269.605
42644.383
43347.401
45875.658
42486.097
42204.697
45266.541
41355.914
40393.482
43071.151
38961.877
38169.958
40179.907
38943.962
34349.22
38916.724
36304.206
35185.52
34595.364
33580.266
28445.558
30144.222
28861.61
26480.694
26784.434
25980.312
19176.265
20290.836
19327.388
15947.646
13069.169
12847.363
-3146.9581
3793.4024
4057.5585
4568.5876
-15653.304
-11683.156
9411.6328
2043.1374
-7876.8606
8883.801
-1538.7891
-9823.8662
7737.0253
637.49385
-6810.8786
10246.47
3076.5027
-5754.0446
5806.7214
1684.3763
-5561.3441
9813.2706
4722.7208
-5616.1809
7311.7817
2646.3068
-6269.4257
7402.1169
3578.6005
-4844.7925
7512.9175
5036.8843
-5761.6997
7863.8267
2883.9391
-5066.6447
7116.3347
3340.5919
-3554.0012
6401.8713
4233.2531
-4115.049
7039.5141
4881.9971
-3171.8878
5667.2187
4675.2616
-3817.2062
6256.5841
5103.7948
-1517.7699
4026.9836
6596.466
-2457.6714
4835.1266
5333.857
-2868.2879
2703.5144
4473.1086
-58.738405
1745.0815
5071.2908
510.05753
2594.229
3892.9879
1380.2976
4075.8037
6299.9509
2231.135
6370.9381
6662.3281
5499.6429
-31891.592
-48720.069
-49495.106
-25080.005
-27483.499
-40282.491
-27057.85
-44710.064
-44432.232
-37098.262
-36215.655
-48746.682
-33041.833
-43295.015
-47433.594
-32586.367
-42321.144
-49276.06
-33971.886
-44080.484
-50917.343
-34307.347
-47199.798
-48191.842
-35833.569
-43171.673
-50436.743
-36857.298
-47833.99
-48983.561
-36859.28
-44421.21
-49091.366
-35504.428
-46106.33
-47831.843
-34089.812
-45419.403
-45349.093
-34293.593
-44234.75
-44833.74
-32544.437
-43189.316
-42633.501
-32090.999
-40415.463
-40242.815
-29017.054
-38757.327
-37771.234
-26966.563
-35176.877
-34276.086
-24488.523
-31444.81
-28853.145
-20769.867
-25332.005
-25032.025
-19107.349
-21635.713
-21285.712
-7763.6175
-13953.275
-11750.184
-5935.7422
-10237.26
-7869.6731
)
;

boundaryField
{
    free
    {
        type            calculated;
    }
    bottom
    {
        type            calculated;
    }
    traction
    {
        type            calculated;
    }
}


// ************************************************************************* //
