/*--------------------------------*- C++ -*----------------------------------*\
  =========                 |
  \\      /  F ield         | OpenFOAM: The Open Source CFD Toolbox
   \\    /   O peration     | Website:  https://openfoam.org
    \\  /    A nd           | Version:  6
     \\/     M anipulation  |
\*---------------------------------------------------------------------------*/
FoamFile
{
    version     2.0;
    format      ascii;
    class       pointScalarField;
    location    "3.1001527894041687";
    object      p;
}
// * * * * * * * * * * * * * * * * * * * * * * * * * * * * * * * * * * * * * //

dimensions      [1 -1 -2 0 0 0 0];

internalField   nonuniform List<scalar> 
625
(
829153.11
-1087513.5
10305.399
13095.174
1383976
-2495842.2
9652.2935
-564.13549
655999.83
14284.484
14076.955
-13425.218
3934.7975
7372.8201
352740.81
365365.79
371975.01
351476.28
313897.47
307358.51
272501.39
251448.1
237638.23
211978.17
195544.68
171168.46
155810.05
139041.59
121879.75
109277.57
95932.641
81023.209
69730.493
58560.585
45759.139
34039.786
24292.702
-374832.29
-288940.76
-327722.71
-264874.73
-253766.5
-252259.23
-212852.99
-211100.34
-192309.23
-174899.95
-165831.02
-143775.36
-133914.97
-117145.36
-105680.52
-91546.844
-78513.273
-67924.754
-55280.921
-45432.925
-37107.106
-20880.292
-9309.8251
735495.74
-199853.82
-309241.98
-453213.97
-526394.51
-376771.69
-342035.37
-395540.79
-286724.8
-322437.3
-275972.17
-240379.6
-221561.69
-198588.06
-176014.75
-158834.85
-137179.29
-119499.34
-105315.06
-87662.716
-74761.502
-61958.476
-47148.856
-33965.486
-22575.932
-7001.3516
12154.351
680.01409
-3704.094
25220.002
30600.988
47897.815
59987.727
77569.925
92682.833
109019.24
126329.1
139779.39
160452.29
179699.3
200018.82
210105.17
233682.49
247738.41
271262.52
290206.29
293157.32
359078.06
308770.23
410183.27
347551.58
380284.4
873243.04
826212.09
756672.01
-991668.1
-1432666.7
-1466314.1
17448.899
16249.742
17920.446
-3091.7942
3603.1795
-2825.6262
212598.41
251796.64
238058.8
213593.51
200888.54
187815.6
169085.53
157733.59
143171.77
126589.64
112320.97
104573.3
94161.971
82504.761
74445.699
64648.073
56156.177
49024.723
38038.82
30858.595
22430.465
14364.321
14498.716
-37999.455
-12689.468
-29106.476
-356.2903
-19062.107
-5621.3464
-14419.247
-12217.715
-9931.1512
-11549.589
-10045.557
-9355.7092
-10202.313
-8086.8399
-6742.1554
-5522.1436
-1759.5711
-1440.0982
2432.963
6247.2726
6013.9994
7766.4267
5982.4776
-247680.04
-150206.75
-191319.35
-137313.34
-176324.4
-138075.39
-149011.34
-127093.36
-117398.43
-111035.62
-99789.175
-93593.324
-83856.88
-74017.389
-65504.003
-55590.106
-48273.114
-39076.125
-28778.586
-23322.173
-13915.383
-10485.738
499.58975
494151.57
497275.87
548474.47
21083.135
-19211.971
-119478.79
-199598.41
-90104.707
-99282.829
-623580.58
-647458.96
-631607.92
-433029.42
-459808.65
-501796.46
-367458.82
-377920.91
-415528.22
-306104.32
-309186.19
-334107.67
-293449.76
-305284.12
-335223.38
-264384.3
-263841.64
-275120.95
-253372.32
-253067.2
-253771.51
-231077.88
-221945.01
-239552.92
-212189.46
-207389.38
-218454.29
-193071.53
-185367.89
-196812.7
-173110.32
-169640.6
-178652.16
-161415.28
-149771.61
-156785.87
-141827.97
-136014.09
-142302.94
-130353.06
-118574.45
-127585.82
-112220.97
-104108.63
-110715.67
-98825.923
-90433.897
-96375.023
-84549.151
-77064.322
-81636.889
-68294.099
-64535.669
-67854.372
-55883.39
-52916.593
-55491.205
-43532.56
-42004.412
-42896.199
-29762.302
-29149.156
-28899.307
-18901.36
-19608.493
-21144.938
-10525.604
-7061.7682
-7323.2616
-13911.807
-17171.667
-18447.8
7968.0724
2700.9514
3316.1508
11736.573
13427.672
12361.102
434489.94
404965.3
435961.9
446342.61
351294.07
395231.93
416241.08
367242.94
389229.32
374169.22
324161.14
349940.26
355535.2
321386.09
326576.86
325523.24
287058.49
301570.29
303699.32
272671.65
280599.48
277858.67
246762.94
261026.94
256823.11
229566.75
240374.59
228310.99
211353.09
222306.87
207867.6
194811.13
202581.72
191776.45
177253.96
175740.21
170926.31
157569.38
163889.59
154178.67
141915.24
150980.96
136219.35
126773.59
132984.57
120780.43
111017.24
117050.14
101366.24
96316.486
102862.94
86860.446
83860.064
87306.343
72517.775
69583.104
72470.422
57627.12
55589.901
58630.749
43560.671
44132.435
45046.375
31633.808
33730.937
31004.929
26099.558
28860.498
28584.024
153454.6
222562.9
177437.01
205108.91
189875.94
178384.86
177997.72
159028.12
151981.44
137459.44
126747.95
119890.74
112770.9
96582.243
89173.96
78698.124
67464.28
58601.901
48699.765
40435.979
28648.405
22464.471
12506.545
-82424.832
-7916.9662
-5455.1474
8310.4917
29516.79
21679.862
24261.898
30580.735
26342.441
30635.819
28371.424
32016.127
25216.976
26926.136
26800.619
23147.435
22182.926
20765.344
17916.346
15107.264
13334.367
10561.816
9749.5097
-223366.76
-160222.18
-246871.12
-190398.72
-189765.17
-192968.95
-157713.76
-150042.08
-133917.43
-119605.42
-105577.73
-96583.468
-83693.569
-72726.688
-63582.609
-54634.91
-47012.503
-38549.495
-31839.415
-26340.687
-18516.841
-9388.7834
-9283.5978
310978.02
326598.08
269110.38
238423.55
292367.53
243923.58
199062.94
212771.8
213922.7
183942.08
217042.64
181393.42
184677.55
177788.17
177761.43
167838.13
175843.75
171429.6
144785.92
159278.21
155059.76
146412.4
150919.14
147336.4
120868.74
139438.57
134844.88
119798.37
126551.35
128618.28
109188.45
120301.86
114206.11
97073.876
101345.89
108062.33
87228.637
95613.23
99540.214
77738.416
87584.749
88546.13
70382.531
76146.944
77904.901
61135.15
66943.772
71942.099
52962.661
60080.549
61577.863
49648.373
49915.193
53044.22
38253.947
41702.771
43668.754
33921.379
35526.01
35660.746
23933.815
25869.488
26302.099
19601.302
18071.209
17403.968
326.45157
6911.8494
7344.3113
-29324.451
-87338.793
-54898.439
17059.361
8297.8825
-22365.516
17844.173
-7559.5314
-23315.923
7583.1935
7861.726
-27338.727
25819.934
12149.595
-3971.2587
4440.811
16032.925
-9037.8838
23355.988
20760.676
-3833.825
11386.224
18290.823
-3031.4528
15851.961
17898.975
2086.784
13157.104
23435.7
1555.3987
15668.015
16264.81
2378.7301
12855.62
16885.733
6986.086
11249.318
18653.157
7235.5746
12494.492
17859.78
7523.1361
10261.33
16806.571
7539.9092
10752.974
16462.744
9462.8189
9078.4401
16842.008
7823.757
9297.1222
13846.689
7114.7224
7777.6287
11964.151
9323.7163
6936.6703
11727.791
8289.2943
7557.418
9235.7711
8093.6249
8675.3895
10788.383
7439.0915
9947.222
9949.2702
8889.2622
-211136.57
-293471.48
-260637.64
-181477.54
-159120.97
-207149.87
-158742.94
-250073.99
-221586.96
-205433.74
-176279.97
-224717.85
-156831.47
-197693.8
-190861.86
-148543.53
-171054.62
-187485.77
-139690.41
-162242.5
-173661.26
-123510.9
-157018.87
-152419.81
-120168.79
-132742.28
-141122.65
-107874.21
-128181.53
-127770.24
-96633.776
-113125.9
-113096.78
-88072.047
-102706.42
-100691.15
-75144.945
-93803.781
-87580.349
-68842.877
-81442.651
-78056.568
-59169.907
-72766.005
-67899.19
-52520.948
-61693.004
-58807.024
-42894.805
-53728.988
-49925.667
-36826.989
-44288.447
-41822.278
-29684.957
-35541.225
-32260.954
-22901.279
-26439.143
-24900.215
-19070.905
-19728.033
-19883.773
-5413.0865
-10217.999
-8526.2654
-2970.1756
-6570.48
-4592.173
)
;

boundaryField
{
    free
    {
        type            calculated;
    }
    bottom
    {
        type            calculated;
    }
    traction
    {
        type            calculated;
    }
}


// ************************************************************************* //
