/*--------------------------------*- C++ -*----------------------------------*\
  =========                 |
  \\      /  F ield         | OpenFOAM: The Open Source CFD Toolbox
   \\    /   O peration     | Website:  https://openfoam.org
    \\  /    A nd           | Version:  6
     \\/     M anipulation  |
\*---------------------------------------------------------------------------*/
FoamFile
{
    version     2.0;
    format      ascii;
    class       pointVectorField;
    location    "3.1001527894041687";
    object      u;
}
// * * * * * * * * * * * * * * * * * * * * * * * * * * * * * * * * * * * * * //

dimensions      [0 1 0 0 0 0 0];

internalField   nonuniform List<vector> 
625
(
(0 0 0)
(0 0 0)
(1.9239706 -0.11391809 0.096184269)
(1.820063 -0.55667086 0.075161614)
(0 0 0)
(0 0 0)
(1.8325111 -0.57946551 0.073862972)
(1.936155 -0.137103 0.095503299)
(0 0 0)
(0 0 0)
(0 0 0)
(1.8973995 -0.22529909 0.090002598)
(1.8712879 -0.33481933 0.085618863)
(1.8459615 -0.44480153 0.080199509)
(0.0062014369 0.01984285 0.018846055)
(0.020438449 0.041879691 0.020108771)
(0.047074213 0.061163847 0.023640341)
(0.083678571 0.079461759 0.025622092)
(0.12913289 0.09364889 0.028490251)
(0.18414073 0.10635802 0.031647437)
(0.2458054 0.11454083 0.035090297)
(0.31488242 0.12060505 0.038749376)
(0.39024134 0.12298963 0.042861482)
(0.47101837 0.12246287 0.046582518)
(0.55695276 0.11930502 0.050774342)
(0.64733229 0.11297808 0.054498723)
(0.74167889 0.10435866 0.058495241)
(0.83951612 0.093151851 0.062278221)
(0.94032234 0.079767661 0.066025659)
(1.0439129 0.064185662 0.06956857)
(1.1495376 0.046981151 0.073169687)
(1.257177 0.027844476 0.076607677)
(1.366412 0.0069879418 0.079899681)
(1.4766086 -0.01490746 0.083267139)
(1.5879104 -0.038268636 0.086539255)
(1.6996323 -0.062196623 0.089798741)
(1.8113474 -0.087578619 0.093371862)
(-0.0041251066 -0.015175907 -0.021899071)
(0.013168815 -0.030303818 -0.016743589)
(0.034390808 -0.049716519 -0.018704336)
(0.068810179 -0.068406245 -0.013298382)
(0.10806107 -0.085489648 -0.010748512)
(0.15836194 -0.10669331 -0.0062268173)
(0.21275944 -0.1248339 -0.0023570108)
(0.27628911 -0.14637418 0.0028293955)
(0.34437355 -0.16784973 0.006883529)
(0.41882023 -0.1896005 0.012037538)
(0.49828286 -0.21326714 0.016681354)
(0.58240975 -0.23682959 0.021655709)
(0.67086404 -0.26166476 0.0263909)
(0.76310035 -0.28696793 0.031129514)
(0.85890237 -0.31293921 0.035759507)
(0.95767683 -0.33937235 0.040296872)
(1.0593796 -0.3663354 0.044834577)
(1.1631265 -0.39349934 0.04902073)
(1.2694208 -0.42091985 0.053548857)
(1.37699 -0.44828745 0.057741422)
(1.4863457 -0.47585988 0.062151644)
(1.5966799 -0.503024 0.066325759)
(1.7079216 -0.52993318 0.070499608)
(0 0 0)
(0 0 0)
(0 0 0)
(0.0046270658 -0.011011068 0.015799246)
(0.018596143 -0.045369451 0.019375629)
(0.04290329 -0.05576422 0.017304728)
(0.074796986 -0.07913962 0.017051652)
(0.11806516 -0.10349636 0.020051759)
(0.16596012 -0.11998819 0.019378895)
(0.22218636 -0.14513183 0.023416972)
(0.28491972 -0.16521127 0.024819296)
(0.35361719 -0.1882569 0.027735048)
(0.42816965 -0.21117471 0.030621458)
(0.50784155 -0.23505361 0.033481531)
(0.59220044 -0.25915369 0.036834003)
(0.68087357 -0.28424735 0.039813599)
(0.77351655 -0.30970437 0.042970059)
(0.8694666 -0.3356368 0.046139279)
(0.96860572 -0.36228291 0.04927247)
(1.0704618 -0.38905419 0.052355613)
(1.1746792 -0.4162746 0.055434423)
(1.2809283 -0.44371113 0.05855406)
(1.3889616 -0.47112665 0.061569837)
(1.4983085 -0.49869518 0.06468379)
(1.6089766 -0.52582659 0.067779612)
(1.7200805 -0.55301962 0.070985704)
(1.8585372 -0.46781685 0.079265959)
(1.8833942 -0.35788739 0.084977756)
(1.9094423 -0.2488325 0.090836032)
(1.8237886 -0.11063538 0.090720636)
(1.7115021 -0.085356322 0.086453044)
(1.5998784 -0.061397096 0.082142276)
(1.4883876 -0.037779922 0.077537527)
(1.3779089 -0.015760664 0.073021865)
(1.2685665 0.0049748842 0.068301737)
(1.1607303 0.024150792 0.063611036)
(1.0546905 0.041658913 0.058646862)
(0.95087286 0.057198806 0.053689592)
(0.84965517 0.070913269 0.048487436)
(0.75137842 0.082181083 0.04316492)
(0.65649615 0.091557897 0.037415903)
(0.56573907 0.097988168 0.032276055)
(0.47923942 0.10209939 0.026412123)
(0.39771787 0.10350714 0.020698026)
(0.32180511 0.10206639 0.01501456)
(0.25206859 0.098198192 0.0091013056)
(0.18899954 0.09068179 0.0042488787)
(0.13455227 0.08111402 -0.00159771)
(0.086685925 0.067593855 -0.0053825035)
(0.049652255 0.053777335 -0.011034267)
(0.020833361 0.035262813 -0.013433979)
(0.01045269 0.01767601 -0.011688926)
(0 0 0)
(0 0 0)
(0 0 0)
(0 0 0)
(0 0 0)
(0 0 0)
(1.8230274 -0.56263981 0.074470728)
(1.8262786 -0.56855759 0.074680531)
(1.829132 -0.57431266 0.074201212)
(1.9276063 -0.1193301 0.096027096)
(1.9305507 -0.12526342 0.095786635)
(1.9337288 -0.13084649 0.095551324)
(-0.0030841376 0.012044268 0.013785899)
(0.012632266 0.02421902 0.011618552)
(0.037926481 0.034645193 0.01472857)
(0.073738577 0.043616587 0.016450562)
(0.11860574 0.050137649 0.019481247)
(0.17218033 0.054541735 0.022583496)
(0.2328645 0.055871243 0.026296986)
(0.30082611 0.055123782 0.030109509)
(0.37473041 0.051465563 0.034022312)
(0.45417698 0.045608594 0.03815483)
(0.53881921 0.03729558 0.042264058)
(0.62804663 0.026438585 0.046391054)
(0.7212141 0.013759114 0.050474514)
(0.81792221 -0.0011805192 0.054430176)
(0.91776514 -0.017814439 0.058393777)
(1.0203816 -0.036205854 0.062143325)
(1.1252422 -0.056097832 0.065976914)
(1.2322195 -0.077290744 0.069544287)
(1.3409482 -0.09990256 0.073124495)
(1.4506826 -0.12336117 0.076763123)
(1.5617521 -0.14780604 0.080149861)
(1.673196 -0.17278004 0.083652934)
(1.7851726 -0.19911864 0.087213314)
(-0.007799478 0.0036179751 0.00093938025)
(0.0094347828 0.0047532185 0.00061054568)
(0.033206861 0.0069462402 0.0038445207)
(0.067987897 0.007489369 0.0059531925)
(0.11234953 0.0047466595 0.0094247994)
(0.16426019 0.0018321844 0.012909277)
(0.22362381 -0.0038842736 0.016723846)
(0.29004454 -0.011368812 0.020770352)
(0.36221487 -0.020617782 0.024985864)
(0.44056296 -0.032291579 0.029515444)
(0.52340431 -0.045301728 0.033580126)
(0.61124524 -0.060644336 0.038190797)
(0.70289528 -0.077390763 0.042388881)
(0.79839022 -0.095691226 0.046676862)
(0.89699274 -0.11557036 0.050884402)
(0.99852701 -0.13655397 0.054855404)
(1.1024836 -0.15894899 0.059049064)
(1.2085846 -0.18200541 0.062728492)
(1.3163511 -0.20622975 0.066801933)
(1.4255564 -0.23104676 0.070602218)
(1.5361969 -0.25656879 0.074252325)
(1.6474596 -0.28253251 0.078158427)
(1.7597575 -0.30878199 0.081755393)
(-0.0092603602 -0.0058199108 -0.008164853)
(0.0082303799 -0.011869478 -0.0061050561)
(0.030214592 -0.018411963 -0.0058577277)
(0.065783998 -0.027259131 -0.0026801415)
(0.1080033 -0.038435196 0.00032424121)
(0.15837842 -0.048273158 0.0037671418)
(0.21683654 -0.062348005 0.007972902)
(0.28099029 -0.075631892 0.012030721)
(0.3520933 -0.091543176 0.016652967)
(0.42819671 -0.10864733 0.020995105)
(0.50978979 -0.12659831 0.025536351)
(0.59598773 -0.14667282 0.030186524)
(0.68614507 -0.1672484 0.034556193)
(0.78024822 -0.18938753 0.039109728)
(0.87747555 -0.21235639 0.043421758)
(0.97786525 -0.23631278 0.047727344)
(1.0805978 -0.26100422 0.051929259)
(1.1858163 -0.2862685 0.056022907)
(1.2928386 -0.31224448 0.060151806)
(1.4016542 -0.33845084 0.064035584)
(1.5116379 -0.36518981 0.068081937)
(1.6225435 -0.39174105 0.072055962)
(1.7341924 -0.41845976 0.076076403)
(0 0 0)
(0 0 0)
(0 0 0)
(0 0 0)
(0 0 0)
(0 0 0)
(0 0 0)
(0 0 0)
(0 0 0)
(0.0055675301 -0.0057922063 -0.0096081885)
(0.0083794511 -0.0086950957 -0.0035970826)
(0.008634217 -0.0073423367 0.0046137364)
(0.023062442 -0.037432941 -0.0093695186)
(0.024598775 -0.039831169 -0.0017196408)
(0.026055431 -0.040522807 0.009319038)
(0.044012513 -0.052110927 -0.0095489798)
(0.048172164 -0.05249168 -0.0010210317)
(0.049242433 -0.057184169 0.0095912139)
(0.076563107 -0.072407381 -0.0051457754)
(0.079933498 -0.076377118 0.0016826286)
(0.079257753 -0.076949528 0.0099769901)
(0.11752281 -0.092656667 -0.0031370533)
(0.120317 -0.095273715 0.0029000562)
(0.12224352 -0.10150462 0.012380122)
(0.16469821 -0.11112134 0.00020966054)
(0.16889713 -0.11580736 0.0072036745)
(0.16939165 -0.11839426 0.013612556)
(0.22092053 -0.13249581 0.0046013788)
(0.2240869 -0.13780019 0.0095503777)
(0.22468147 -0.14064772 0.017486831)
(0.2826138 -0.15312006 0.0081379291)
(0.28585932 -0.15659157 0.013339209)
(0.28739995 -0.16308888 0.019758107)
(0.35086647 -0.17447448 0.012543632)
(0.35435149 -0.18082073 0.017167318)
(0.35547961 -0.18483441 0.023070464)
(0.42495097 -0.19724958 0.016876302)
(0.42805054 -0.20200758 0.020957363)
(0.42960966 -0.2075177 0.026473528)
(0.50375772 -0.22006617 0.02102355)
(0.50727367 -0.22615744 0.025144474)
(0.50881347 -0.23132671 0.029709549)
(0.58790819 -0.24453027 0.025685609)
(0.59101379 -0.2496215 0.028737978)
(0.59285423 -0.25510993 0.033529779)
(0.67597325 -0.26859947 0.029905176)
(0.67919029 -0.27443798 0.033148579)
(0.68096297 -0.28019045 0.036852405)
(0.76807095 -0.29424747 0.034396188)
(0.77116203 -0.29994417 0.036968013)
(0.77328282 -0.30550468 0.040358969)
(0.86354457 -0.31989875 0.038526055)
(0.86675666 -0.32564027 0.040898654)
(0.8688808 -0.33124711 0.043903932)
(0.96222018 -0.34633345 0.042769342)
(0.9653327 -0.35204767 0.044789845)
(0.96764597 -0.35775154 0.047315921)
(1.0635413 -0.37302363 0.046863759)
(1.0667452 -0.37880201 0.04853468)
(1.0691547 -0.38448947 0.050743152)
(1.1673501 -0.39992293 0.050811391)
(1.1705281 -0.40588037 0.052275547)
(1.1730468 -0.41151496 0.054090298)
(1.2731606 -0.42742008 0.05494989)
(1.2763935 -0.43312527 0.056047156)
(1.2789987 -0.43881781 0.057483523)
(1.3808207 -0.45452866 0.058778617)
(1.3840167 -0.46046163 0.059681939)
(1.386703 -0.46615803 0.060770025)
(1.4898632 -0.48204737 0.062783988)
(1.4930292 -0.4878099 0.063481233)
(1.4958426 -0.49342534 0.064130692)
(1.6000915 -0.50903547 0.066688577)
(1.6032905 -0.51489684 0.067054311)
(1.6061604 -0.5207252 0.067410138)
(1.7110973 -0.53609873 0.070617773)
(1.7141902 -0.54182963 0.070701681)
(1.7172716 -0.5475345 0.07086994)
(1.901078 -0.23089506 0.090563351)
(1.9040767 -0.2366215 0.090517923)
(1.9071132 -0.24246779 0.090550158)
(1.87423 -0.3406215 0.085521498)
(1.8776625 -0.34646006 0.085208986)
(1.8803198 -0.35222352 0.085019778)
(1.8491572 -0.45093096 0.079927372)
(1.8524701 -0.45678989 0.079766206)
(1.8553047 -0.46232302 0.079656646)
(0.014257081 0.016791361 0.0098385086)
(0.014696863 0.016752873 0.0027209622)
(0.015748289 0.016859155 -0.0034317607)
(0.028717052 0.037721716 0.01046127)
(0.028633374 0.037598548 0.0034712001)
(0.028540805 0.036120297 -0.0067929005)
(0.055380983 0.05820174 0.01484349)
(0.056071831 0.057014043 0.0059274163)
(0.056873628 0.055996541 -0.0026474842)
(0.090591036 0.074993865 0.016783805)
(0.093157258 0.072481815 0.0091027463)
(0.092720675 0.070263298 0.00059007085)
(0.13732687 0.089695997 0.020267048)
(0.13889519 0.08687378 0.013150788)
(0.13902046 0.085121268 0.0054331364)
(0.19058523 0.10136733 0.024018268)
(0.19306622 0.09709549 0.017509363)
(0.19402572 0.093974449 0.010067878)
(0.25297552 0.10921943 0.027997099)
(0.25531549 0.10515262 0.022039328)
(0.25590905 0.10174436 0.014754214)
(0.32159777 0.11455226 0.032171912)
(0.32374899 0.11020288 0.026680937)
(0.32509379 0.10645202 0.020123517)
(0.39651206 0.11686102 0.036722346)
(0.39917634 0.11214241 0.031387648)
(0.40046136 0.10786239 0.025497819)
(0.47713822 0.11621251 0.041106144)
(0.4798548 0.11122598 0.036334447)
(0.48129312 0.10680213 0.030820984)
(0.5626816 0.11300287 0.045830501)
(0.56569957 0.1075681 0.04089726)
(0.5673354 0.10257675 0.036373137)
(0.65311231 0.10659341 0.049929984)
(0.65585278 0.10095197 0.046436003)
(0.65758793 0.096261828 0.041038114)
(0.74711168 0.097794555 0.054344209)
(0.74996673 0.092225515 0.050509296)
(0.75198216 0.08751491 0.046496371)
(0.8447736 0.086745017 0.05847565)
(0.84769273 0.081133634 0.055344346)
(0.84990746 0.075914333 0.051547014)
(0.94540542 0.07336184 0.06271282)
(0.94842068 0.06762105 0.059751831)
(0.95065964 0.062398771 0.056372322)
(1.0487605 0.057963469 0.066561779)
(1.0517125 0.052158216 0.064043082)
(1.0541308 0.046892549 0.06105908)
(1.1542309 0.040556814 0.070613631)
(1.1572638 0.034945274 0.06835495)
(1.159814 0.029476372 0.065721561)
(1.2615443 0.021648726 0.074328537)
(1.2647632 0.01581024 0.072347488)
(1.2673064 0.010362744 0.07008824)
(1.3706321 0.0010769328 0.078012885)
(1.3736652 -0.0047663966 0.076419951)
(1.3763406 -0.010227853 0.074539677)
(1.4806321 -0.020869369 0.081679396)
(1.483801 -0.026522249 0.080323676)
(1.4865248 -0.032201674 0.078752111)
(1.5918181 -0.043886526 0.085239544)
(1.594885 -0.049950438 0.084139845)
(1.5976236 -0.05544974 0.083114237)
(1.7031699 -0.068293596 0.088813189)
(1.706339 -0.073992249 0.088110248)
(1.7092164 -0.079612787 0.087261034)
(1.815381 -0.093017068 0.092692343)
(1.8182595 -0.09898088 0.091990235)
(1.8213706 -0.10474467 0.091556804)
(5.6148332e-05 0.0051431543 -0.0068670461)
(0.014894607 0.021979703 -0.0068599968)
(0.040581584 0.024053254 -0.0018219573)
(0.078083527 0.032624254 1.6206722e-05)
(0.12373128 0.036194108 0.0040546645)
(0.178026 0.038176206 0.0087938)
(0.23942676 0.038565782 0.012969551)
(0.30766725 0.03589238 0.017837025)
(0.38237368 0.031373084 0.022758562)
(0.46230931 0.024462583 0.027739873)
(0.54765281 0.015574807 0.032616269)
(0.63708004 0.0045426327 0.037698971)
(0.73061832 -0.0087858535 0.042347313)
(0.82779925 -0.02392217 0.047368504)
(0.92806753 -0.040596681 0.051868891)
(1.0309302 -0.059048216 0.056456108)
(1.1361691 -0.079059089 0.060931514)
(1.2433733 -0.10031007 0.065218678)
(1.352137 -0.12281887 0.069528062)
(1.4622405 -0.14647512 0.073659381)
(1.5733469 -0.17098424 0.077831562)
(1.6849481 -0.19619041 0.081984232)
(1.7972499 -0.22239291 0.086207058)
(-0.0062551477 0.0024587064 0.0012013316)
(0.011780527 0.002381577 0.0022282985)
(0.037495052 -0.0028308256 0.0042817302)
(0.074746387 -0.0035891377 0.0061918956)
(0.11830849 -0.0083073359 0.0088024928)
(0.17177194 -0.014162278 0.012623378)
(0.23104137 -0.0212093 0.016033664)
(0.29816135 -0.029985838 0.020143547)
(0.37086435 -0.04081531 0.024226797)
(0.44945508 -0.052683088 0.028442615)
(0.53281455 -0.067080746 0.032873139)
(0.62098586 -0.08221024 0.037020498)
(0.7129549 -0.099670121 0.04150312)
(0.80888077 -0.11808105 0.045691453)
(0.9078472 -0.13791235 0.049744263)
(1.0096173 -0.15925504 0.053929311)
(1.1138819 -0.18144578 0.057910618)
(1.2202214 -0.2047465 0.06180324)
(1.3282789 -0.22898244 0.065751934)
(1.4377681 -0.25390166 0.069485791)
(1.5485647 -0.27934191 0.073459053)
(1.6597231 -0.30536352 0.077110334)
(1.7724314 -0.33201898 0.080952481)
(-0.0075181979 -0.0074060259 0.0084471149)
(0.014050072 -0.012244397 0.0076353815)
(0.037928615 -0.03113601 0.013142707)
(0.071819044 -0.034309173 0.011507467)
(0.1159716 -0.051559801 0.015375708)
(0.16697732 -0.064458403 0.017258626)
(0.22479155 -0.077753525 0.020253412)
(0.29026007 -0.09438781 0.023408449)
(0.3611939 -0.11074401 0.026710112)
(0.43775298 -0.1287849 0.030371343)
(0.51970484 -0.14771111 0.033794151)
(0.60589198 -0.16807519 0.037613521)
(0.69655903 -0.1890608 0.041195923)
(0.79091968 -0.21153462 0.044810129)
(0.88838948 -0.23457853 0.048462478)
(0.98901318 -0.25865939 0.052015636)
(1.0921469 -0.28344298 0.05553899)
(1.1974753 -0.30882727 0.058975012)
(1.3047312 -0.33485161 0.062437069)
(1.4135849 -0.36116822 0.065867621)
(1.5236277 -0.38778421 0.069298992)
(1.6347655 -0.41463245 0.072553448)
(1.7464479 -0.44122589 0.076220823)
(0.0033470351 0.0056178934 0.0063998893)
(0.0028232399 0.006009431 0.0024367009)
(0.0044115963 0.0056479188 -0.0015229109)
(0.020053759 0.022603036 0.0062084731)
(0.022144343 0.021701674 0.0014894)
(0.021141598 0.020120488 -0.0040391692)
(0.045855684 0.031323958 0.009136265)
(0.046688352 0.028194436 0.0047857868)
(0.047490596 0.027390221 0.00080715135)
(0.081114894 0.039664228 0.011141098)
(0.084384312 0.038191654 0.0072052304)
(0.083472648 0.034525794 0.0033238885)
(0.12647747 0.045981937 0.014462444)
(0.12831025 0.042127819 0.01076661)
(0.12896662 0.038962252 0.0077809502)
(0.17920304 0.049010951 0.017908264)
(0.18175569 0.045813456 0.014973986)
(0.18244523 0.041816035 0.010770465)
(0.23986055 0.050200856 0.02222899)
(0.24283765 0.046244991 0.018508766)
(0.24324805 0.041994868 0.015990021)
(0.3073633 0.04926628 0.025984669)
(0.30990431 0.044813035 0.023294272)
(0.31085525 0.040075163 0.020115122)
(0.38104011 0.045137906 0.0306067)
(0.38389589 0.040591812 0.027865483)
(0.38507332 0.03561935 0.025177908)
(0.46028054 0.039436391 0.034754508)
(0.46317716 0.034183538 0.032263733)
(0.46437049 0.028852615 0.029846224)
(0.5447823 0.030615856 0.039206492)
(0.54764587 0.025231389 0.037219245)
(0.54916623 0.020242394 0.034904548)
(0.63353382 0.01988763 0.043675577)
(0.63664447 0.014482267 0.041484528)
(0.638187 0.0090063008 0.039415963)
(0.72658466 0.0071180944 0.04798357)
(0.72951102 0.0016944833 0.046072732)
(0.73138715 -0.0036872134 0.044214281)
(0.82299869 -0.007720051 0.052272)
(0.82610311 -0.013144628 0.050627696)
(0.82804124 -0.018957193 0.048827433)
(0.92269128 -0.024239602 0.056371533)
(0.92573705 -0.030007194 0.054857568)
(0.92784544 -0.035523031 0.0533406)
(1.0250406 -0.042629704 0.060499874)
(1.0281805 -0.04816014 0.059123173)
(1.0304271 -0.053866031 0.057741444)
(1.1298415 -0.062315564 0.06430545)
(1.1328767 -0.068061186 0.063260899)
(1.1352601 -0.073762594 0.062013575)
(1.2364218 -0.083484707 0.068327874)
(1.2396768 -0.089318299 0.067222096)
(1.2421157 -0.0949569 0.066209872)
(1.3449158 -0.10591971 0.072077253)
(1.3480613 -0.11158921 0.071220504)
(1.3506154 -0.11730288 0.07033623)
(1.4545215 -0.1292209 0.075774719)
(1.4576871 -0.13508601 0.075130487)
(1.460347 -0.14084173 0.074327396)
(1.5653704 -0.15359464 0.079421234)
(1.5685317 -0.1595282 0.078965913)
(1.5712942 -0.16523789 0.078383599)
(1.6767173 -0.17875371 0.0831025)
(1.6798197 -0.18449919 0.08299664)
(1.6826206 -0.19020264 0.082345807)
(1.7886032 -0.20466458 0.086930629)
(1.7916491 -0.21047815 0.086717423)
(1.794689 -0.2163483 0.086562858)
(-0.0020008051 0.0012649754 -0.00047915024)
(-0.0012577234 0.0026573621 -0.00087529684)
(-5.9887005e-05 0.0016289498 0.0006039894)
(0.015643816 0.0042214071 -0.0011364872)
(0.017757518 0.0032719181 -0.00035761411)
(0.017376471 0.0015444552 0.00026494486)
(0.041128495 0.0034680613 0.0022465942)
(0.043766802 0.0014143227 0.004171931)
(0.043484233 0.00031657749 0.0034677281)
(0.075508188 0.0031525626 0.0043296705)
(0.079156128 0.00041775795 0.0050823853)
(0.078152562 -0.0033967848 0.0048354962)
(0.1198485 0.00071226827 0.007957573)
(0.1226804 -0.0033990125 0.0094060383)
(0.12230292 -0.005316923 0.0079270235)
(0.1708302 -0.003371459 0.011621252)
(0.17469412 -0.0075546166 0.012347151)
(0.17450016 -0.011489058 0.01182275)
(0.23045011 -0.0090808334 0.015183725)
(0.2336859 -0.014499679 0.016113545)
(0.23371607 -0.018119934 0.015413885)
(0.29634315 -0.017286159 0.019658532)
(0.29972548 -0.022268062 0.020790241)
(0.29991335 -0.026394067 0.019678249)
(0.36827618 -0.026675696 0.023879741)
(0.37156649 -0.032548016 0.024350707)
(0.37243376 -0.037207903 0.023720156)
(0.44618518 -0.038484921 0.028319579)
(0.44978293 -0.044303012 0.029266329)
(0.45031571 -0.048661048 0.028190925)
(0.52911786 -0.052011748 0.032876427)
(0.53209879 -0.057689271 0.033271092)
(0.53345909 -0.06282196 0.032472852)
(0.61647303 -0.06700771 0.037306308)
(0.61995823 -0.073120187 0.037668104)
(0.62113225 -0.077938501 0.036982131)
(0.70814074 -0.083878834 0.041623029)
(0.71134884 -0.089777361 0.042157081)
(0.71275403 -0.095003771 0.041305048)
(0.80326395 -0.10213342 0.045952171)
(0.80654022 -0.10832642 0.046240891)
(0.80821553 -0.11358084 0.045671205)
(0.90180567 -0.12192183 0.050213668)
(0.90501793 -0.12796313 0.050607735)
(0.90692756 -0.13326466 0.049763247)
(1.0030608 -0.14294673 0.054319659)
(1.0063523 -0.14901358 0.05448185)
(1.0083234 -0.15433828 0.05392286)
(1.1068602 -0.16510686 0.058420491)
(1.1100674 -0.17112871 0.058660495)
(1.1122746 -0.17662287 0.05800254)
(1.2127261 -0.1883438 0.062393419)
(1.2160055 -0.19428788 0.062462212)
(1.2183533 -0.19974466 0.061887655)
(1.3204526 -0.21248073 0.066399464)
(1.3237197 -0.21832413 0.066322219)
(1.3261165 -0.22382852 0.065883086)
(1.4296214 -0.23723973 0.070317806)
(1.4327448 -0.24296951 0.07008147)
(1.4354834 -0.24871136 0.069664305)
(1.5399606 -0.26263427 0.074009046)
(1.5433618 -0.26845432 0.073883314)
(1.545905 -0.27407382 0.073615109)
(1.6510041 -0.28845589 0.077881475)
(1.6541219 -0.29411951 0.077686352)
(1.6568654 -0.29996563 0.077237656)
(1.7630898 -0.31463913 0.081521702)
(1.7663909 -0.32045376 0.081404364)
(1.7693069 -0.32610628 0.081130138)
(-0.0030307774 -0.0038760371 -0.0045258565)
(-0.0030829179 -0.0044776064 0.0013045421)
(-0.0012828025 -0.0047042221 0.0040098045)
(0.017419142 -0.013074968 -0.0029066688)
(0.020300503 -0.010592329 0.00093635992)
(0.019526459 -0.013324645 0.0048823421)
(0.039327751 -0.021145653 -0.0020260176)
(0.042125663 -0.026260562 0.0028375943)
(0.042761615 -0.027920865 0.0071826722)
(0.074718623 -0.032486228 3.5157809e-05)
(0.076509351 -0.032570147 0.0039685014)
(0.077664387 -0.036167762 0.0080471574)
(0.116274 -0.042324335 0.0037312707)
(0.11933864 -0.047070436 0.0077210895)
(0.12047348 -0.049361315 0.0111485)
(0.16670547 -0.05470055 0.0062988565)
(0.16894719 -0.057971459 0.0095686311)
(0.17071507 -0.062311435 0.013090256)
(0.22435225 -0.068369136 0.010634232)
(0.22728561 -0.072507622 0.014312928)
(0.22846355 -0.076365868 0.016867556)
(0.28823564 -0.082191386 0.014477739)
(0.2906992 -0.087086983 0.017213145)
(0.29264523 -0.091491767 0.019924463)
(0.35892426 -0.09863621 0.018775897)
(0.36179663 -0.10322686 0.021483068)
(0.36356116 -0.10787508 0.023785404)
(0.43478274 -0.11546821 0.023049277)
(0.43741272 -0.12056029 0.025414833)
(0.43938001 -0.12568776 0.027645035)
(0.51589257 -0.13379377 0.027351287)
(0.51882827 -0.13933899 0.029592867)
(0.52092909 -0.14423156 0.031405622)
(0.60181355 -0.15373539 0.031865303)
(0.60462513 -0.15903174 0.033754305)
(0.60670083 -0.16441993 0.035399902)
(0.69166102 -0.17433232 0.036037616)
(0.69446338 -0.1800178 0.037712115)
(0.69680523 -0.18532428 0.039332937)
(0.78546909 -0.19644545 0.04041137)
(0.78835534 -0.20193616 0.041967196)
(0.79077494 -0.20744255 0.043161851)
(0.88251605 -0.21930488 0.044574955)
(0.88539359 -0.22497212 0.045850087)
(0.8879702 -0.23050558 0.04696437)
(0.98258597 -0.24310908 0.048717309)
(0.98553096 -0.24881452 0.049801461)
(0.98812005 -0.25427541 0.050752339)
(1.0852271 -0.26776123 0.052723218)
(1.0881476 -0.27332139 0.053709646)
(1.090952 -0.27900845 0.054451208)
(1.1900944 -0.29283587 0.056642287)
(1.1931774 -0.29875517 0.057435404)
(1.1959582 -0.30421966 0.058049558)
(1.2969953 -0.31879175 0.06062012)
(1.2999744 -0.32437669 0.061218259)
(1.3028542 -0.3299974 0.061695792)
(1.4052492 -0.34480766 0.064442783)
(1.4085573 -0.35064196 0.064858051)
(1.4114085 -0.35629975 0.06527913)
(1.5150402 -0.37118189 0.068246604)
(1.5182563 -0.37709829 0.068610445)
(1.5210633 -0.38267875 0.068869224)
(1.6258498 -0.39790596 0.072218768)
(1.629021 -0.40376242 0.072319932)
(1.6320695 -0.40929542 0.07245211)
(1.7372877 -0.42445654 0.076052219)
(1.7404839 -0.43013041 0.076053716)
(1.7434406 -0.43598662 0.075892154)
)
;

boundaryField
{
    free
    {
        type            calculated;
    }
    bottom
    {
        type            calculated;
    }
    traction
    {
        type            calculated;
    }
}


// ************************************************************************* //
