/*--------------------------------*- C++ -*----------------------------------*\
  =========                 |
  \\      /  F ield         | OpenFOAM: The Open Source CFD Toolbox
   \\    /   O peration     | Website:  https://openfoam.org
    \\  /    A nd           | Version:  6
     \\/     M anipulation  |
\*---------------------------------------------------------------------------*/
FoamFile
{
    version     2.0;
    format      ascii;
    class       pointVectorField;
    location    "2.8998364953912255";
    object      u;
}
// * * * * * * * * * * * * * * * * * * * * * * * * * * * * * * * * * * * * * //

dimensions      [0 1 0 0 0 0 0];

internalField   nonuniform List<vector> 
625
(
(0 0 0)
(0 0 0)
(2.7437241 -0.40585782 0.093439327)
(2.531193 -1.019653 0.045018685)
(0 0 0)
(0 0 0)
(2.5602758 -1.0614883 0.042526661)
(2.7724389 -0.44810492 0.091704204)
(0 0 0)
(0 0 0)
(0 0 0)
(2.689877 -0.55983459 0.080466349)
(2.6368316 -0.7121277 0.069181636)
(2.584476 -0.86506608 0.056917902)
(0.0070566119 0.026521792 0.026041294)
(0.02673769 0.056873154 0.02779507)
(0.064873203 0.083370033 0.031860637)
(0.11787582 0.10746477 0.033300789)
(0.18394729 0.1256703 0.035537833)
(0.26439799 0.1401981 0.037897846)
(0.35456467 0.14772756 0.04028815)
(0.45575444 0.15070004 0.04297952)
(0.5659875 0.14727493 0.046127558)
(0.68404961 0.13836116 0.048721794)
(0.80933255 0.12428249 0.052063155)
(0.94069781 0.10450033 0.054811531)
(1.0774287 0.080152186 0.058051812)
(1.2185548 0.050978504 0.061150812)
(1.3634488 0.017714643 0.06435009)
(1.5115196 -0.019567181 0.067395688)
(1.6617819 -0.059911612 0.070787346)
(1.8143025 -0.10359797 0.073860176)
(1.9680525 -0.15001733 0.077036604)
(2.1226105 -0.19819201 0.080345819)
(2.2779176 -0.24846726 0.083544231)
(2.4333195 -0.29956061 0.086863928)
(2.5883066 -0.35228113 0.090512234)
(-0.0067674588 -0.022993196 -0.03308386)
(0.01523716 -0.045005881 -0.027842391)
(0.043218039 -0.074774246 -0.033223934)
(0.089547169 -0.1032624 -0.028729109)
(0.14288346 -0.13053495 -0.028238713)
(0.21189366 -0.16450809 -0.025375918)
(0.28697041 -0.19504623 -0.023501457)
(0.37502186 -0.23134114 -0.019784868)
(0.46978995 -0.26879962 -0.017593729)
(0.57377049 -0.30761561 -0.013805716)
(0.6849113 -0.3502904 -0.010519428)
(0.80294292 -0.39389772 -0.0066092976)
(0.92705136 -0.44029427 -0.0028207254)
(1.0565982 -0.48824322 0.0012424033)
(1.1910974 -0.537989 0.0053345981)
(1.3297714 -0.5890891 0.0095750069)
(1.472339 -0.64152619 0.013940685)
(1.6176604 -0.69477522 0.018076948)
(1.7662125 -0.74873092 0.022759365)
(1.9163818 -0.80293193 0.027030674)
(2.0685877 -0.85750432 0.03166723)
(2.2219141 -0.9117527 0.03596671)
(2.3761897 -0.96577219 0.040261194)
(0 0 0)
(0 0 0)
(0 0 0)
(0.0053971495 -0.015085521 0.022062559)
(0.024044088 -0.062177226 0.025483953)
(0.059107585 -0.07800754 0.020289166)
(0.10348112 -0.11154476 0.01699555)
(0.16412391 -0.14991738 0.017864245)
(0.23186532 -0.17663396 0.013572288)
(0.31015986 -0.21778721 0.015555644)
(0.3985289 -0.25303715 0.013860241)
(0.49492875 -0.29357097 0.01406952)
(0.5996358 -0.33560429 0.01447645)
(0.71154157 -0.37982587 0.014832814)
(0.83003681 -0.42579993 0.016107523)
(0.95454329 -0.47394549 0.016979116)
(1.0845726 -0.52362889 0.018348754)
(1.2191974 -0.57467586 0.019972438)
(1.3581125 -0.62723842 0.021764631)
(1.5007168 -0.68052421 0.023733574)
(1.6464147 -0.73470585 0.025927981)
(1.7947298 -0.78935216 0.028335426)
(1.9452707 -0.84414516 0.030851223)
(2.0973549 -0.89910486 0.033579622)
(2.2509905 -0.95356087 0.03651655)
(2.4049982 -1.0078779 0.039632776)
(2.613613 -0.90716606 0.05481604)
(2.6654842 -0.75417067 0.067477656)
(2.7183928 -0.60243284 0.080154703)
(2.6172157 -0.3943884 0.08690321)
(2.4615654 -0.3414866 0.082461089)
(2.3060896 -0.28996325 0.077770332)
(2.1504541 -0.2389157 0.07276445)
(1.9954476 -0.18982166 0.067768318)
(1.8413226 -0.14268011 0.062551272)
(1.6885888 -0.097942007 0.057379128)
(1.5376874 -0.056014267 0.05198517)
(1.3891652 -0.017441545 0.046664117)
(1.2437683 0.017655526 0.041187668)
(1.1018804 0.04840365 0.035746127)
(0.96438446 0.075182236 0.029801368)
(0.83230232 0.09659212 0.024914838)
(0.70601849 0.11320166 0.019211484)
(0.58660116 0.12450564 0.013739334)
(0.47515429 0.13023972 0.0083637506)
(0.37255612 0.13084538 0.0026968729)
(0.27956746 0.12494834 -0.0016531292)
(0.19938917 0.11425729 -0.0074319871)
(0.12871598 0.097074116 -0.01066187)
(0.074261217 0.078037037 -0.016867396)
(0.031946653 0.051575049 -0.018920907)
(0.015956783 0.025452919 -0.01598087)
(0 0 0)
(0 0 0)
(0 0 0)
(0 0 0)
(0 0 0)
(0 0 0)
(2.5382128 -1.0304012 0.0440243)
(2.5455802 -1.0411044 0.04390714)
(2.5525878 -1.0515035 0.043154669)
(2.7515077 -0.41619611 0.093005016)
(2.7586421 -0.42682617 0.092443907)
(2.7659799 -0.43720657 0.092006489)
(-0.005571208 0.016170587 0.018486151)
(0.015634305 0.032731271 0.014920283)
(0.051308342 0.04643482 0.017809335)
(0.10224246 0.057342918 0.018648573)
(0.1665076 0.064401335 0.020772715)
(0.2437084 0.067111513 0.022716983)
(0.33130275 0.064666835 0.025298754)
(0.42958489 0.057925788 0.027950443)
(0.53644284 0.045850543 0.030589239)
(0.65133326 0.029337695 0.033635344)
(0.77354157 0.0080455489 0.036698775)
(0.9021673 -0.018135227 0.039805859)
(1.0361195 -0.048098812 0.043074901)
(1.1747484 -0.082327337 0.04629539)
(1.3174315 -0.11993592 0.049700974)
(1.4634687 -0.16091506 0.052973313)
(1.6121838 -0.20467581 0.056550263)
(1.7632483 -0.25087036 0.059806712)
(1.9160275 -0.29940119 0.063324652)
(2.0697451 -0.34933689 0.066910838)
(2.2246138 -0.40075376 0.070329019)
(2.3796017 -0.4529079 0.073922559)
(2.5347548 -0.50650191 0.077542585)
(-0.012328768 0.0039577386 -0.00017421533)
(0.010576459 0.0046181999 -0.0018883726)
(0.043390494 0.0065094194 0.0010761256)
(0.092011079 0.0055493363 0.0021312645)
(0.15441645 -0.00071885261 0.0044005708)
(0.22819186 -0.0084270485 0.0067174083)
(0.31265503 -0.020814076 0.0091831913)
(0.40748072 -0.037182058 0.01188794)
(0.51066741 -0.057095925 0.014791939)
(0.62272317 -0.081773084 0.018253552)
(0.74127829 -0.10963832 0.020930836)
(0.86678653 -0.1418784 0.024706777)
(0.99761957 -0.17735123 0.028018649)
(1.1336612 -0.21610256 0.031588014)
(1.2738193 -0.25793117 0.035242563)
(1.4177274 -0.30228111 0.0387556)
(1.5646247 -0.34915746 0.042724522)
(1.7140774 -0.3976547 0.046126142)
(1.865364 -0.44802033 0.050190219)
(2.0181653 -0.49952332 0.053945615)
(2.1723043 -0.55215667 0.057615249)
(2.3269028 -0.60536964 0.061561263)
(2.4823363 -0.6590197 0.065230862)
(-0.01446394 -0.010275526 -0.013168203)
(0.008287337 -0.019563407 -0.012031327)
(0.03809108 -0.030083859 -0.013629976)
(0.086778192 -0.044498282 -0.011878416)
(0.14541766 -0.062931346 -0.010441241)
(0.21596402 -0.080524983 -0.008595243)
(0.29785026 -0.10491209 -0.0060166185)
(0.38839147 -0.12960004 -0.0034960304)
(0.48876907 -0.15889975 -0.00035973123)
(0.59642462 -0.19118512 0.002565364)
(0.71204666 -0.22597292 0.0058471114)
(0.83405908 -0.26472872 0.0094804483)
(0.96178105 -0.30546882 0.012873878)
(1.0948926 -0.34926867 0.016705251)
(1.2323153 -0.39519961 0.020458597)
(1.3739021 -0.44330066 0.024348556)
(1.5185324 -0.49303751 0.02835677)
(1.6662894 -0.54421251 0.032247551)
(1.8161751 -0.59662298 0.036426791)
(1.9680462 -0.64985467 0.040309326)
(2.1211503 -0.70377051 0.044458901)
(2.2751473 -0.75758482 0.048574761)
(2.4298046 -0.81158649 0.052668376)
(0 0 0)
(0 0 0)
(0 0 0)
(0 0 0)
(0 0 0)
(0 0 0)
(0 0 0)
(0 0 0)
(0 0 0)
(0.0075614136 -0.0083158929 -0.014607914)
(0.011334426 -0.012271323 -0.005829606)
(0.011710971 -0.010353588 0.0063032474)
(0.029981626 -0.053907384 -0.016859705)
(0.0325546 -0.056912824 -0.0054315979)
(0.034829667 -0.057536079 0.011179125)
(0.05847404 -0.076856519 -0.019680551)
(0.065286707 -0.076642267 -0.0068019176)
(0.067497988 -0.082666153 0.0089761966)
(0.10223185 -0.10723394 -0.016489994)
(0.10854667 -0.11192542 -0.0060148877)
(0.10866701 -0.11168186 0.0065916881)
(0.15844629 -0.13951653 -0.016944083)
(0.16416695 -0.1423983 -0.0076719069)
(0.16816631 -0.15003949 0.0064753643)
(0.22346862 -0.16959647 -0.015763164)
(0.23159924 -0.17524115 -0.0050536346)
(0.234439 -0.17762408 0.0047491456)
(0.30109608 -0.2047872 -0.013213823)
(0.30809687 -0.21152917 -0.0056083398)
(0.31124324 -0.21434164 0.0064448627)
(0.38699598 -0.24039204 -0.011901311)
(0.39451707 -0.24469139 -0.0038379753)
(0.39884745 -0.25284716 0.0059328644)
(0.48202048 -0.27768808 -0.009348134)
(0.48980863 -0.286189 -0.0022492967)
(0.49423273 -0.29115997 0.0067163937)
(0.58555502 -0.31848776 -0.0067857794)
(0.59318194 -0.32524696 -0.00047783128)
(0.59811029 -0.33241412 0.0078629609)
(0.69596399 -0.3602445 -0.0042650056)
(0.70395894 -0.36898884 0.0018547439)
(0.70919355 -0.37612326 0.0088228446)
(0.81372653 -0.40548831 -0.0010008781)
(0.82156167 -0.41331064 0.0037473297)
(0.82716781 -0.42111051 0.010806734)
(0.93741951 -0.45112499 0.0020803409)
(0.9451805 -0.46018952 0.0068323328)
(0.95078019 -0.46873202 0.012296994)
(1.06654 -0.49981696 0.0056025949)
(1.0742408 -0.50905238 0.0093711883)
(1.080338 -0.51767851 0.014272412)
(1.2005922 -0.54942453 0.0089685446)
(1.2083419 -0.55898808 0.012319436)
(1.2144908 -0.56800258 0.01654453)
(1.3389567 -0.6007297 0.01267314)
(1.346559 -0.61052288 0.015421608)
(1.3529418 -0.61993297 0.018876004)
(1.4809603 -0.65301486 0.016364833)
(1.4886187 -0.66307358 0.018569712)
(1.4951062 -0.67272953 0.02143743)
(1.6262979 -0.70603286 0.020137729)
(1.6338066 -0.7164873 0.021894362)
(1.640454 -0.72630958 0.024140792)
(1.7741596 -0.76011869 0.024166166)
(1.781721 -0.77043657 0.025398694)
(1.7884401 -0.78049498 0.02703636)
(1.9244042 -0.81406716 0.028009)
(1.9317966 -0.8247031 0.028896803)
(1.9386302 -0.83491831 0.029998696)
(2.0762159 -0.86859633 0.032077643)
(2.0835772 -0.8791201 0.032630797)
(2.0905953 -0.88936524 0.033152)
(2.2294421 -0.92264104 0.036064427)
(2.2367653 -0.93329933 0.036209129)
(2.2437714 -0.94378941 0.036338888)
(2.383391 -0.97677432 0.040071793)
(2.3906616 -0.98727145 0.039891479)
(2.3979519 -0.99772729 0.0398089)
(2.6976816 -0.57037617 0.080684029)
(2.7048753 -0.58086062 0.080350614)
(2.7120095 -0.59145599 0.080135992)
(2.6438899 -0.72271086 0.068801492)
(2.6514413 -0.73334992 0.068203143)
(2.6582463 -0.7437785 0.067742504)
(2.5916865 -0.87601003 0.056353784)
(2.5991424 -0.88667494 0.055855395)
(2.606178 -0.89689292 0.055502658)
(0.018727805 0.022552912 0.014022189)
(0.020293788 0.023059691 0.0043061386)
(0.02247853 0.024049374 -0.0042054967)
(0.039373843 0.051698699 0.014579048)
(0.040480988 0.052676711 0.0048101555)
(0.041474758 0.051518036 -0.0092750745)
(0.077903708 0.079583488 0.019557073)
(0.080475874 0.079313281 0.0071029433)
(0.083051591 0.079161311 -0.0048637122)
(0.12918375 0.10208131 0.020794852)
(0.13448319 0.10006566 0.0099567129)
(0.13560404 0.098661446 -0.0020160379)
(0.19736532 0.12057997 0.02376981)
(0.20170137 0.11829571 0.013613984)
(0.20398149 0.11754552 0.0026802652)
(0.27554725 0.13395961 0.026764783)
(0.2812561 0.12948821 0.017377939)
(0.28470669 0.12698757 0.0067357643)
(0.36690524 0.14058912 0.029856285)
(0.3725754 0.13655959 0.021237926)
(0.37581545 0.13341734 0.010797516)
(0.46748321 0.14244066 0.033189408)
(0.47314979 0.13775977 0.025109514)
(0.47757174 0.13407006 0.015730591)
(0.57721047 0.13868176 0.036873321)
(0.58366774 0.13324775 0.029087249)
(0.58808545 0.12862689 0.020549084)
(0.69507571 0.129365 0.040454619)
(0.70167004 0.12324306 0.03335197)
(0.70644413 0.11809773 0.025489787)
(0.81982759 0.11494723 0.044496)
(0.82691962 0.10777608 0.037329025)
(0.83198583 0.10165588 0.030677181)
(0.95133015 0.09466835 0.047773068)
(0.95796136 0.087038036 0.042539681)
(0.96330365 0.080979166 0.034884644)
(1.0874209 0.069835435 0.051679513)
(1.0943508 0.061911592 0.046070625)
(1.1001272 0.055390709 0.040344165)
(1.2283923 0.040607242 0.055352226)
(1.2353676 0.032260209 0.050730668)
(1.2413539 0.024707418 0.045355837)
(1.3729334 0.0070956086 0.059283026)
(1.3800277 -0.001764793 0.054979763)
(1.3861164 -0.0096754938 0.050279241)
(1.5207019 -0.030185934 0.062918076)
(1.5277332 -0.039412957 0.059287445)
(1.5340525 -0.047778345 0.055185966)
(1.6707811 -0.070955726 0.066934155)
(1.6779236 -0.080290617 0.063683337)
(1.6844245 -0.089202963 0.06013179)
(1.8227818 -0.11443418 0.07059579)
(1.8300866 -0.1243265 0.067829837)
(1.8366218 -0.13348565 0.064855001)
(1.9764139 -0.16064238 0.074349553)
(1.9835387 -0.17070612 0.072121954)
(1.9902724 -0.18018098 0.069694655)
(2.1307327 -0.20896601 0.0781265)
(2.1380487 -0.21906124 0.076284717)
(2.1448184 -0.22896022 0.07430577)
(2.2859266 -0.258929 0.081818422)
(2.2930538 -0.26954278 0.08033523)
(2.2999183 -0.27945269 0.079023083)
(2.440875 -0.31050434 0.085573831)
(2.4481952 -0.32085244 0.084548976)
(2.4552613 -0.3310492 0.083457262)
(2.5964163 -0.36269285 0.089565426)
(2.6034522 -0.37333612 0.088627054)
(2.6106668 -0.38378428 0.087933638)
(0.00073323463 0.007716941 -0.0098950506)
(0.022990225 0.032776857 -0.01078669)
(0.060180041 0.036300143 -0.0049510314)
(0.11466779 0.047653897 -0.0044486451)
(0.18130198 0.05081599 -0.0008520963)
(0.2601241 0.05038665 0.0032233273)
(0.34969848 0.046155897 0.0063570796)
(0.44895085 0.036059843 0.010477411)
(0.55746673 0.021861324 0.01445793)
(0.67341694 0.0026986499 0.018711982)
(0.79689542 -0.020754253 0.022763851)
(0.92593885 -0.048570762 0.027411696)
(1.0604886 -0.080794701 0.031463886)
(1.1998505 -0.11677083 0.036197726)
(1.3430777 -0.15586368 0.040449914)
(1.4895366 -0.19820089 0.044951171)
(1.6387297 -0.24326258 0.049425117)
(1.7901093 -0.29051964 0.053790911)
(1.9430995 -0.33972722 0.058249521)
(2.0973185 -0.39058017 0.062529839)
(2.2523725 -0.44249659 0.06687282)
(2.4076481 -0.49521677 0.07115879)
(2.5633036 -0.54886145 0.075464284)
(-0.0084631065 0.0043416689 0.0011831302)
(0.016945131 0.0052284419 0.0018043853)
(0.053946498 -0.0015957517 0.002724148)
(0.10757292 -0.0037997928 0.0034442751)
(0.17027949 -0.012432398 0.0046565944)
(0.2473625 -0.024024666 0.0069821862)
(0.33277458 -0.039107874 0.0090830914)
(0.42939154 -0.057796605 0.011557486)
(0.53399868 -0.08102533 0.014233552)
(0.6469118 -0.10736499 0.017090457)
(0.76645193 -0.13830416 0.020270281)
(0.89268174 -0.17199187 0.023223245)
(1.0240215 -0.20982711 0.026763937)
(1.1606813 -0.25021418 0.030111255)
(1.3012449 -0.29350737 0.033476039)
(1.4454301 -0.33948975 0.037169436)
(1.5926179 -0.38732743 0.040748325)
(1.742284 -0.43707348 0.044408758)
(1.8938298 -0.48828664 0.048197758)
(2.0469071 -0.54056339 0.051864366)
(2.2012348 -0.59356399 0.055845997)
(2.3557243 -0.64707564 0.059521345)
(2.5115402 -0.70135127 0.063354767)
(-0.011298615 -0.0096132541 0.011114779)
(0.019051475 -0.014638992 0.0085851212)
(0.053214153 -0.041631251 0.014430659)
(0.10158624 -0.047228825 0.0099987866)
(0.16477128 -0.073589538 0.012342035)
(0.23711908 -0.096152806 0.012156373)
(0.31976628 -0.11979345 0.012991567)
(0.41282496 -0.15007149 0.014067396)
(0.51377208 -0.1813702 0.015357019)
(0.6226488 -0.21623278 0.017070997)
(0.73900446 -0.25392203 0.018601692)
(0.86123824 -0.29462575 0.020796799)
(0.98970599 -0.33749562 0.02285803)
(1.1230638 -0.38329088 0.025114546)
(1.2607126 -0.4307683 0.027640894)
(1.4024172 -0.48031361 0.030231208)
(1.5473549 -0.53136095 0.032959212)
(1.695041 -0.58360296 0.035796676)
(1.8450214 -0.63689595 0.038766529)
(1.9968349 -0.69073034 0.041885083)
(2.1499392 -0.74496172 0.045069178)
(2.3040716 -0.79937496 0.048174738)
(2.4587417 -0.85342687 0.051791021)
(0.003879332 0.007800016 0.0087833092)
(0.0037673828 0.0086376034 0.0035369429)
(0.0064021049 0.0082542841 -0.0020199925)
(0.027138007 0.03103104 0.0074789732)
(0.031077801 0.03059408 0.001202966)
(0.030718228 0.029136522 -0.0065221326)
(0.063799041 0.042304844 0.010094969)
(0.066491996 0.03920666 0.0043483419)
(0.068675542 0.038993404 -0.0011761219)
(0.11425399 0.052621067 0.011266479)
(0.12056754 0.051782133 0.0058887893)
(0.12070938 0.048214386 0.00039640718)
(0.17953811 0.059154841 0.013611874)
(0.18426117 0.05528133 0.0085852533)
(0.18689476 0.052304331 0.0043095942)
(0.25569451 0.060017744 0.015995366)
(0.26163122 0.056919902 0.011898819)
(0.26440571 0.052953098 0.0060412931)
(0.34344834 0.057225075 0.019341245)
(0.35012467 0.052958601 0.014209651)
(0.35286056 0.048558162 0.010518548)
(0.44117534 0.050004451 0.021835468)
(0.44750574 0.044884425 0.018025526)
(0.4510655 0.039681362 0.013564945)
(0.54781376 0.037083279 0.025430457)
(0.55467659 0.031592735 0.021592706)
(0.55871547 0.025788155 0.017712908)
(0.66247612 0.020466867 0.028500386)
(0.66946657 0.013703463 0.024954693)
(0.6736484 0.0072304912 0.021496366)
(0.78446342 -0.0018172927 0.031970213)
(0.79149406 -0.009061319 0.029064044)
(0.79625692 -0.015480258 0.025783252)
(0.91243515 -0.028075084 0.035615433)
(0.9197781 -0.035735767 0.032495552)
(0.9246657 -0.043054769 0.029556686)
(1.0461604 -0.058451204 0.039193823)
(1.0533488 -0.066442488 0.036478252)
(1.0586919 -0.074112966 0.03385405)
(1.1844048 -0.092794179 0.042914189)
(1.1917862 -0.10120292 0.04056919)
(1.1972469 -0.10968012 0.03801104)
(1.3268025 -0.13056048 0.046556721)
(1.3340638 -0.13966077 0.044405889)
(1.3398474 -0.14819414 0.042280243)
(1.472471 -0.17170345 0.050403571)
(1.4798759 -0.18088332 0.048472979)
(1.4858236 -0.18996067 0.046522025)
(1.6210595 -0.21544987 0.053983944)
(1.6282785 -0.22512088 0.052477074)
(1.6344634 -0.23449934 0.050767537)
(1.7716099 -0.26171908 0.057966819)
(1.779028 -0.27174174 0.056430899)
(1.7853433 -0.28130404 0.055025581)
(1.9241262 -0.31014395 0.061731073)
(1.9314344 -0.32016124 0.060490589)
(1.9379252 -0.33007347 0.059272781)
(2.0777173 -0.36000033 0.065454582)
(2.0850115 -0.37040687 0.064524485)
(2.091659 -0.38052124 0.063429732)
(2.2323364 -0.41139697 0.069220752)
(2.2396062 -0.4219429 0.06850022)
(2.2464361 -0.43219207 0.067637754)
(2.3871753 -0.46372966 0.073041935)
(2.3944276 -0.47421237 0.072660032)
(2.401346 -0.48454302 0.071767095)
(2.5423201 -0.5169309 0.076981397)
(2.5495199 -0.52748731 0.076507426)
(2.5566788 -0.53808612 0.076086234)
(-0.0038897294 0.001436681 -0.0014070811)
(-0.0022550054 0.0035934877 -0.001563858)
(-7.3419523e-05 0.0024430282 0.00078752339)
(0.020293535 0.0047398025 -0.0037815409)
(0.02419445 0.004236435 -0.0022048297)
(0.024246214 0.0023175226 -0.00088548654)
(0.055816135 0.0025582247 -0.00080796601)
(0.060728489 0.00073950478 0.0023301954)
(0.061481942 0.00033330644 0.0015421544)
(0.10428166 0.00052410936 0.00013958281)
(0.11102113 -0.002039262 0.0014067122)
(0.11094728 -0.0057679272 0.0014362355)
(0.16700223 -0.0054856967 0.0024676013)
(0.17294306 -0.009812076 0.0048412517)
(0.17417087 -0.011153452 0.003159591)
(0.23977664 -0.014748582 0.0049970942)
(0.24739663 -0.019331995 0.0062323123)
(0.24905647 -0.023023303 0.0057435806)
(0.32477824 -0.027483276 0.0070183431)
(0.33177107 -0.033742081 0.0084933423)
(0.3340677 -0.037356976 0.0077943187)
(0.41906406 -0.04497663 0.010236014)
(0.42646095 -0.05095556 0.011893219)
(0.42917884 -0.055305883 0.010654882)
(0.52205879 -0.065420405 0.013125488)
(0.52943928 -0.072729392 0.01390601)
(0.53324327 -0.078092614 0.013177375)
(0.633576 -0.090553437 0.016312941)
(0.64146214 -0.098197805 0.017591015)
(0.64504263 -0.10347418 0.016369217)
(0.75223346 -0.11940327 0.019768297)
(0.7594189 -0.12711193 0.020344227)
(0.76411893 -0.13376523 0.019409252)
(0.87709142 -0.1516083 0.023187325)
(0.88495015 -0.16029146 0.023652869)
(0.88957193 -0.1668729 0.022846835)
(1.0078716 -0.18754925 0.026668435)
(1.0154424 -0.19625415 0.027292616)
(1.0203636 -0.2037546 0.026267841)
(1.1433943 -0.22650459 0.03028689)
(1.1509715 -0.23593199 0.030582334)
(1.1563366 -0.2438486 0.029834859)
(1.2833564 -0.2685399 0.034010447)
(1.290887 -0.27807935 0.034368041)
(1.2965457 -0.28644175 0.03331255)
(1.4268522 -0.31309959 0.037742494)
(1.4344105 -0.32298596 0.037793768)
(1.4402206 -0.33171021 0.037043498)
(1.573466 -0.35990062 0.041558118)
(1.5809116 -0.36998171 0.041680062)
(1.5870092 -0.37919195 0.040792774)
(1.7225418 -0.40869963 0.045431919)
(1.7300328 -0.41892907 0.045307214)
(1.7363397 -0.42836796 0.044506815)
(1.873678 -0.45912111 0.049371254)
(1.8811481 -0.4693827 0.049071384)
(1.8875491 -0.47911283 0.048397344)
(2.0263739 -0.51062736 0.053317088)
(2.0337026 -0.52092851 0.052816298)
(2.0404577 -0.53108833 0.052182933)
(2.1801475 -0.56313533 0.057040303)
(2.1877181 -0.57366405 0.056672914)
(2.1943444 -0.58381742 0.056152352)
(2.3345462 -0.61618242 0.060996979)
(2.3418328 -0.62655156 0.060549387)
(2.3486652 -0.63701057 0.059866563)
(2.4897579 -0.66974275 0.064712947)
(2.4972125 -0.68033917 0.064331956)
(2.5042886 -0.69070576 0.063797054)
(-0.0052609749 -0.0058420568 -0.0071747774)
(-0.005149748 -0.0065904107 0.0013047171)
(-0.0024703287 -0.0065451119 0.0054084346)
(0.02215156 -0.019749482 -0.0069875363)
(0.026950595 -0.015464164 -0.00077859845)
(0.026406782 -0.018309098 0.0049749468)
(0.052363496 -0.032348911 -0.0077426812)
(0.05736126 -0.038561982 -0.00042415563)
(0.059152759 -0.039511174 0.0060444085)
(0.10119033 -0.050442958 -0.0076106642)
(0.1054344 -0.049348228 -0.0013568325)
(0.10824258 -0.052728854 0.0049114258)
(0.15941728 -0.067038449 -0.0052909239)
(0.1655766 -0.072209694 0.0009210084)
(0.16897323 -0.07389485 0.0061204123)
(0.23013459 -0.088301224 -0.0047338603)
(0.23567224 -0.091819456 0.00042219338)
(0.24012241 -0.096032538 0.0058371858)
(0.31126236 -0.11249701 -0.0020932693)
(0.31792554 -0.11706714 0.0036174385)
(0.32196626 -0.12096316 0.0077047259)
(0.40157513 -0.13809963 8.2936532e-05)
(0.40784216 -0.14406068 0.0043850813)
(0.41314316 -0.14874342 0.0086271183)
(0.50139022 -0.16851393 0.0026378276)
(0.50841855 -0.17433971 0.0068956145)
(0.51368593 -0.17969411 0.010586174)
(0.6088583 -0.20088147 0.0054237602)
(0.61569082 -0.20763572 0.0091406205)
(0.62135627 -0.21392427 0.012632461)
(0.72372442 -0.23642917 0.0083019658)
(0.73094539 -0.24421911 0.011728041)
(0.73701648 -0.25053147 0.014641751)
(0.84536626 -0.27546477 0.0116595)
(0.85255089 -0.28318478 0.014524301)
(0.85860108 -0.2905377 0.017105611)
(0.97259055 -0.3164868 0.014716656)
(0.97973412 -0.32508975 0.017225624)
(0.9861873 -0.33274113 0.019710069)
(1.1052039 -0.36059063 0.018250757)
(1.1124755 -0.36930243 0.020513165)
(1.1190415 -0.37757551 0.022337603)
(1.2422643 -0.40665268 0.021739299)
(1.2494784 -0.41588623 0.023537063)
(1.2562635 -0.42455259 0.025184102)
(1.3833199 -0.45476933 0.025396808)
(1.3905863 -0.46433526 0.026868236)
(1.3973997 -0.47325711 0.02819769)
(1.5277019 -0.50465435 0.029046692)
(1.5349402 -0.51431638 0.03030173)
(1.541963 -0.52377513 0.031269358)
(1.6749235 -0.55567335 0.032798386)
(1.6822329 -0.56595358 0.033693507)
(1.6892645 -0.57542208 0.034449417)
(1.8245348 -0.60817643 0.036692406)
(1.8317622 -0.61825346 0.037283754)
(1.8388759 -0.62810004 0.037780451)
(1.9757715 -0.66103488 0.040523609)
(1.9832672 -0.6715764 0.040830155)
(1.9903339 -0.68161544 0.04119046)
(2.1286719 -0.71461217 0.044389587)
(2.1360208 -0.72525263 0.04456852)
(2.1430869 -0.73534938 0.044692205)
(2.2825233 -0.76857119 0.048471026)
(2.2898376 -0.7792177 0.048331815)
(2.2971272 -0.78939559 0.04823952)
(2.436983 -0.82240545 0.052365413)
(2.4443308 -0.83288336 0.052115342)
(2.4514692 -0.84340485 0.05168783)
)
;

boundaryField
{
    free
    {
        type            calculated;
    }
    bottom
    {
        type            calculated;
    }
    traction
    {
        type            calculated;
    }
}


// ************************************************************************* //
