/*--------------------------------*- C++ -*----------------------------------*\
  =========                 |
  \\      /  F ield         | OpenFOAM: The Open Source CFD Toolbox
   \\    /   O peration     | Website:  https://openfoam.org
    \\  /    A nd           | Version:  6
     \\/     M anipulation  |
\*---------------------------------------------------------------------------*/
FoamFile
{
    version     2.0;
    format      ascii;
    class       pointVectorField;
    location    "1.1998326";
    object      u;
}
// * * * * * * * * * * * * * * * * * * * * * * * * * * * * * * * * * * * * * //

dimensions      [0 1 0 0 0 0 0];

internalField   nonuniform List<vector> 
625
(
(0 0 0)
(0 0 0)
(2.361979 -0.25392609 0.078480085)
(2.1956235 -0.80329728 0.028106268)
(0 0 0)
(0 0 0)
(2.2308982 -0.84176501 0.02554462)
(2.3968995 -0.29286506 0.076726325)
(0 0 0)
(0 0 0)
(0 0 0)
(2.3196908 -0.39187583 0.064966825)
(2.2780974 -0.52801685 0.053248514)
(2.2372667 -0.66474711 0.040473232)
(0.0043379507 0.020705644 0.021501935)
(0.018631891 0.045088421 0.022974305)
(0.047617458 0.066738874 0.026847134)
(0.088531265 0.087567441 0.028236258)
(0.14032794 0.10415274 0.030401843)
(0.20429654 0.1189547 0.032490903)
(0.27689634 0.12854975 0.034658434)
(0.35943637 0.13528292 0.036924388)
(0.45042181 0.1372553 0.03963107)
(0.54899919 0.13513681 0.041748896)
(0.65469239 0.12907301 0.044525432)
(0.76663171 0.11841157 0.04673997)
(0.88419515 0.10398849 0.049384644)
(1.0065003 0.085452974 0.051900908)
(1.1329719 0.063317154 0.054525216)
(1.2630303 0.037562718 0.056992939)
(1.3956823 0.0089947741 0.059821035)
(1.5309568 -0.022809649 0.0623376)
(1.6678067 -0.057229857 0.064963834)
(1.8057185 -0.093443999 0.067720728)
(1.9446241 -0.13179632 0.070360472)
(2.0837386 -0.17101263 0.073108826)
(2.2225896 -0.21201675 0.076186162)
(-0.005693061 -0.01826032 -0.026304174)
(0.011622564 -0.036228927 -0.022601095)
(0.032880643 -0.059760888 -0.027897963)
(0.069941462 -0.082802563 -0.025043939)
(0.11262977 -0.10419287 -0.025603739)
(0.16873426 -0.13122222 -0.02418893)
(0.23028938 -0.15499371 -0.023577875)
(0.30326232 -0.18352274 -0.021377545)
(0.3824596 -0.21274127 -0.020507504)
(0.47010863 -0.24295952 -0.018149742)
(0.56459198 -0.2763619 -0.016207594)
(0.66568331 -0.31034645 -0.013605775)
(0.77278312 -0.34673862 -0.01104)
(0.88527211 -0.38433615 -0.0081372416)
(1.0027924 -0.42345462 -0.0051167797)
(1.1245966 -0.46372378 -0.0018476173)
(1.2504308 -0.50512286 0.0015995616)
(1.3791808 -0.54724746 0.0049438168)
(1.5113159 -0.58985538 0.0088721292)
(1.6451681 -0.63273242 0.012455842)
(1.7812114 -0.67582775 0.016472075)
(1.9184167 -0.71858525 0.020170911)
(2.0566337 -0.76103714 0.023886946)
(0 0 0)
(0 0 0)
(0 0 0)
(0.0042411701 -0.011630307 0.017006447)
(0.019718238 -0.04924348 0.019367581)
(0.047625315 -0.0614384 0.01515486)
(0.083626478 -0.088546073 0.012308981)
(0.13362319 -0.11865661 0.01284709)
(0.1891763 -0.13959529 0.008850352)
(0.25455413 -0.17243751 0.010313373)
(0.32857392 -0.19999555 0.008244692)
(0.40993916 -0.23217391 0.0080265818)
(0.4989839 -0.26530424 0.0077733666)
(0.59479105 -0.30039839 0.0074672209)
(0.69686691 -0.33682406 0.00799191)
(0.8048095 -0.37513088 0.0080663326)
(0.91817551 -0.41469392 0.0086421472)
(1.0361344 -0.45539238 0.0094532792)
(1.1584523 -0.49737245 0.010438511)
(1.2845262 -0.5399109 0.011621639)
(1.4138106 -0.58315904 0.013049898)
(1.5458194 -0.62674403 0.014721837)
(1.680148 -0.67032487 0.016524323)
(1.8161166 -0.71398039 0.018564903)
(1.9536821 -0.75698876 0.020841239)
(2.0916457 -0.79980528 0.023312176)
(2.2726156 -0.70348075 0.038343646)
(2.3129114 -0.56674503 0.051529736)
(2.3544134 -0.43122379 0.064731398)
(2.2576746 -0.25078168 0.072457596)
(2.1180594 -0.20958475 0.068537257)
(1.9787773 -0.16982626 0.064367513)
(1.8393907 -0.13055242 0.05987463)
(1.7008737 -0.093252763 0.055427254)
(1.5634877 -0.057876361 0.050788213)
(1.4278037 -0.024818541 0.046259132)
(1.2942871 0.005569656 0.041566444)
(1.163545 0.03284313 0.037023669)
(1.036277 0.05699459 0.032397713)
(0.91291278 0.077236468 0.027904235)
(0.79422923 0.094154963 0.02297172)
(0.6812219 0.10649108 0.019148211)
(0.57410375 0.11498032 0.014602255)
(0.47378112 0.11932237 0.010291934)
(0.38112033 0.11938744 0.0061526561)
(0.29668318 0.1158041 0.0017016593)
(0.22106828 0.10739137 -0.0015445119)
(0.15655978 0.095993719 -0.0060740962)
(0.10027985 0.079851022 -0.0084707101)
(0.057375757 0.063204136 -0.013410427)
(0.024297252 0.041232042 -0.015037039)
(0.012378967 0.020215337 -0.012591759)
(0 0 0)
(0 0 0)
(0 0 0)
(0 0 0)
(0 0 0)
(0 0 0)
(2.2041942 -0.81324776 0.027070455)
(2.213137 -0.82310001 0.026978113)
(2.2216685 -0.83267741 0.026191102)
(2.3713162 -0.26338387 0.078028876)
(2.3800218 -0.27318283 0.077445371)
(2.3889121 -0.28270655 0.077020047)
(-0.0057037891 0.01303948 0.014994662)
(0.01001848 0.026121053 0.012297928)
(0.037180474 0.037450702 0.014829144)
(0.076651348 0.047291536 0.015544953)
(0.12728426 0.054539498 0.017279253)
(0.18885527 0.059103593 0.018849361)
(0.25965635 0.059999934 0.020891964)
(0.34004225 0.058011809 0.022939674)
(0.4284348 0.05205808 0.024975177)
(0.52452536 0.042834737 0.027286985)
(0.62776719 0.029905491 0.029656423)
(0.73752264 0.013014327 0.032026056)
(0.8527654 -0.0069663357 0.034565235)
(0.97297188 -0.030602526 0.03706574)
(1.0975538 -0.057184624 0.039770699)
(1.2258344 -0.086783555 0.042349553)
(1.3571413 -0.11897021 0.04528192)
(1.4911164 -0.15343084 0.04791111)
(1.6271037 -0.19013936 0.050817137)
(1.7642723 -0.22827342 0.053807853)
(1.9027855 -0.26788047 0.05663942)
(2.0415436 -0.30826288 0.059646181)
(2.1806295 -0.3501975 0.062686376)
(-0.010946265 0.0030258098 -4.6644086e-05)
(0.0067016248 0.0032426758 -0.0015850382)
(0.031497593 0.0049164264 0.00076167353)
(0.069444009 0.0048166722 0.0012551222)
(0.11882605 0.00084634448 0.00296097)
(0.1778802 -0.0034993325 0.0044644657)
(0.24639626 -0.011335714 0.0061381664)
(0.32419408 -0.021899848 0.007998741)
(0.40974329 -0.035010407 0.0099949677)
(0.50372106 -0.051797186 0.012515954)
(0.60401045 -0.071017158 0.014327687)
(0.71122704 -0.093766642 0.017146396)
(0.82387245 -0.11917711 0.01958181)
(0.94190726 -0.14734655 0.022291729)
(1.0643232 -0.17822157 0.025131977)
(1.1907562 -0.21131388 0.02786991)
(1.3204894 -0.24674511 0.03112682)
(1.4530071 -0.28363381 0.033830915)
(1.5876428 -0.32233878 0.037244603)
(1.7239842 -0.36213585 0.040381862)
(1.8618618 -0.40305407 0.043449259)
(2.0003072 -0.44456393 0.046804005)
(2.1397037 -0.48652383 0.049877064)
(-0.012130581 -0.0084795442 -0.010730753)
(0.0055019143 -0.016577009 -0.0098941256)
(0.027916689 -0.024926058 -0.011688772)
(0.066240726 -0.036152655 -0.01073633)
(0.11277772 -0.050244683 -0.010116376)
(0.1694607 -0.063038565 -0.0092967093)
(0.23630068 -0.081328763 -0.0077004734)
(0.310762 -0.099267676 -0.0063202117)
(0.39434821 -0.12091041 -0.0042770545)
(0.48479863 -0.14476432 -0.0024887972)
(0.58285695 -0.17046029 -0.00032120394)
(0.6872672 -0.19951342 0.0022170492)
(0.79737237 -0.23008524 0.0045721441)
(0.91298069 -0.26330462 0.0074006061)
(1.0330676 -0.29834113 0.010217528)
(1.1575256 -0.33529035 0.013229626)
(1.2852338 -0.37372372 0.01642926)
(1.4162967 -0.41344679 0.019538635)
(1.5496721 -0.45432971 0.023041342)
(1.68524 -0.49597752 0.02624679)
(1.8221578 -0.53828742 0.029776163)
(1.9600513 -0.58048962 0.033290142)
(2.0986694 -0.62288784 0.03680023)
(0 0 0)
(0 0 0)
(0 0 0)
(0 0 0)
(0 0 0)
(0 0 0)
(0 0 0)
(0 0 0)
(0 0 0)
(0.0055833352 -0.0064161035 -0.011718426)
(0.0086718022 -0.0095693502 -0.0049020379)
(0.0090754623 -0.0081307487 0.0046667816)
(0.023521858 -0.042814034 -0.013853614)
(0.025794563 -0.045159931 -0.0049433536)
(0.027914737 -0.045619047 0.0080823783)
(0.045627022 -0.060465785 -0.016971653)
(0.051641295 -0.060094887 -0.0065644056)
(0.053900029 -0.065114948 0.0060679784)
(0.081098887 -0.085073308 -0.014906617)
(0.086688628 -0.088813639 -0.0064736606)
(0.087469074 -0.08853244 0.0038140553)
(0.12651852 -0.1105051 -0.016119448)
(0.13211761 -0.11251938 -0.0084038639)
(0.13632418 -0.11891135 0.0033844563)
(0.1796979 -0.13423056 -0.015971002)
(0.18744792 -0.13870244 -0.0069272623)
(0.19076132 -0.14052491 0.0014083972)
(0.24385876 -0.16219262 -0.014634644)
(0.25098736 -0.16749372 -0.0079902934)
(0.25459794 -0.1697222 0.0024086539)
(0.31525961 -0.19003286 -0.014390466)
(0.32291687 -0.19326549 -0.0073220329)
(0.32798988 -0.20009758 0.0012705639)
(0.39499926 -0.2193866 -0.013076339)
(0.40324855 -0.22638329 -0.0066673346)
(0.40836078 -0.23037284 0.0013859589)
(0.48253414 -0.25144236 -0.011710551)
(0.490749 -0.25685861 -0.005935493)
(0.49654791 -0.26290542 0.0016956935)
(0.57654683 -0.28419788 -0.010373499)
(0.58537333 -0.29155092 -0.0046371122)
(0.5915231 -0.29751907 0.0018322815)
(0.67765779 -0.31991874 -0.0083025204)
(0.68638811 -0.32640501 -0.0037556033)
(0.69300472 -0.33308126 0.0029228826)
(0.78441595 -0.35571993 -0.0063324661)
(0.79327764 -0.36346992 -0.0017545311)
(0.80002566 -0.3708939 0.0035143397)
(0.89667012 -0.39421662 -0.0038942514)
(0.90556829 -0.40221097 -0.00019184708)
(0.91284898 -0.40974971 0.0046084354)
(1.0138183 -0.43337993 -0.0015245454)
(1.0228554 -0.44175341 0.0018023096)
(1.030276 -0.44973307 0.0060047173)
(1.1353784 -0.47399122 0.0012399266)
(1.1443555 -0.48266561 0.0040099111)
(1.1520641 -0.49107448 0.0074908476)
(1.2606967 -0.51539887 0.0040653529)
(1.269781 -0.52439342 0.006314441)
(1.2776503 -0.53309846 0.0092420795)
(1.3894518 -0.55736168 0.0070405113)
(1.3984599 -0.56681495 0.0088515931)
(1.4065194 -0.575726 0.01117386)
(1.5209057 -0.60026142 0.010324894)
(1.5299772 -0.60963 0.011624202)
(1.5381559 -0.61881401 0.013335873)
(1.6548306 -0.6429131 0.013492214)
(1.6637748 -0.6526446 0.014437242)
(1.6720861 -0.66201009 0.015598223)
(1.7904534 -0.68605203 0.016915167)
(1.7993648 -0.69570987 0.01751837)
(1.8078889 -0.70511318 0.018081894)
(1.9275376 -0.7286318 0.02029008)
(1.9364354 -0.73843211 0.020471619)
(1.9449697 -0.74809982 0.020625267)
(2.065423 -0.77123918 0.023708462)
(2.0742546 -0.780888 0.023544045)
(2.0830887 -0.79049927 0.02347296)
(2.329067 -0.40155132 0.06521348)
(2.3378128 -0.41119974 0.064874862)
(2.3464977 -0.42097261 0.064680925)
(2.2866914 -0.53779122 0.052865516)
(2.2958201 -0.54757057 0.052244116)
(2.304134 -0.55718914 0.051783291)
(2.2460654 -0.67488459 0.039899285)
(2.2550952 -0.68469266 0.039390075)
(2.2636411 -0.69407238 0.039048043)
(0.013970653 0.017467878 0.011737581)
(0.015519397 0.018172849 0.0039646429)
(0.01751427 0.019033185 -0.0030184367)
(0.029398769 0.040934588 0.012270929)
(0.030616461 0.041992128 0.004434218)
(0.031700981 0.041288592 -0.0072507985)
(0.058909494 0.064001569 0.016730143)
(0.061461117 0.06414671 0.0064656422)
(0.064150424 0.06438448 -0.0034858425)
(0.098673526 0.083397099 0.017845297)
(0.10386351 0.082164025 0.0088422276)
(0.10539719 0.081281102 -0.0012724836)
(0.15258023 0.10047337 0.02041076)
(0.15697799 0.099065752 0.011854233)
(0.15964653 0.098876083 0.0024941299)
(0.21484737 0.11416945 0.02294699)
(0.22076259 0.11093232 0.014920971)
(0.22465098 0.10923205 0.0056805409)
(0.28886342 0.12309484 0.0255179)
(0.29481909 0.12021003 0.017992942)
(0.29863634 0.11803036 0.0088126174)
(0.37107439 0.12878194 0.028241234)
(0.37721426 0.12534029 0.021094446)
(0.38223311 0.12268971 0.012705992)
(0.46187552 0.13040574 0.031271523)
(0.46891239 0.12631081 0.024238819)
(0.47405772 0.12281907 0.016470067)
(0.56047093 0.12786101 0.03414467)
(0.56778032 0.12314645 0.027638272)
(0.57336116 0.11918273 0.02037119)
(0.66586291 0.12142766 0.037455491)
(0.6738169 0.11569858 0.030742612)
(0.67979738 0.11078825 0.024525442)
(0.77815358 0.11021172 0.040034049)
(0.78575363 0.10396728 0.03506691)
(0.79205932 0.099140481 0.02778995)
(0.895235 0.095224082 0.043226861)
(0.90321549 0.088658839 0.037841878)
(0.91002013 0.083359772 0.032307869)
(1.0175098 0.076532335 0.046215938)
(1.02563 0.069512638 0.041698836)
(1.0327506 0.063191674 0.036445197)
(1.1437402 0.054054727 0.049472669)
(1.1520586 0.046475916 0.045222851)
(1.1593548 0.039743346 0.040572695)
(1.2735776 0.02821006 0.05247373)
(1.281912 0.020161734 0.048839174)
(1.2894862 0.01296565 0.044735506)
(1.4061233 -0.0009375685 0.055879956)
(1.414602 -0.0090900274 0.052596756)
(1.4224294 -0.016905009 0.049010655)
(1.5409146 -0.032564229 0.058969978)
(1.5496316 -0.041382261 0.056137254)
(1.5575378 -0.04948522 0.053110333)
(1.6776663 -0.066865056 0.062162149)
(1.686249 -0.075922113 0.059867172)
(1.6943917 -0.084386194 0.057379996)
(1.8153731 -0.10329354 0.065394129)
(1.8241682 -0.11241497 0.063479162)
(1.8323963 -0.12136107 0.061445073)
(1.9541598 -0.14134805 0.068543066)
(1.9628265 -0.15106694 0.066999703)
(1.9711618 -0.16005647 0.065653343)
(2.0928674 -0.18113629 0.071748371)
(2.1017197 -0.19058928 0.070679427)
(2.1103019 -0.19990491 0.069554902)
(2.2322741 -0.22153596 0.07519935)
(2.2408615 -0.23134472 0.074234343)
(2.2496174 -0.24093699 0.07352213)
(0.00029076307 0.0062002896 -0.0077985655)
(0.017231403 0.026603399 -0.0088119493)
(0.046439265 0.029564428 -0.0040340255)
(0.089631816 0.040081361 -0.003819684)
(0.14285183 0.044267348 -0.0011346553)
(0.20669894 0.046236011 0.0019645854)
(0.27975556 0.045702046 0.0042694283)
(0.36172074 0.040806958 0.0073194441)
(0.45220267 0.032947062 0.010326581)
(0.54980097 0.021244325 0.01353164)
(0.65473899 0.006221533 0.016601554)
(0.76526939 -0.01239604 0.020249014)
(0.8814952 -0.034737486 0.023386571)
(1.0027415 -0.060260074 0.027205368)
(1.1281332 -0.088555228 0.030647728)
(1.2570722 -0.11974271 0.034359978)
(1.3890676 -0.15345709 0.038117536)
(1.5235376 -0.18921071 0.041814659)
(1.6598852 -0.22681514 0.045647826)
(1.7977031 -0.2660218 0.049328883)
(1.9365174 -0.30625407 0.053101947)
(2.0756785 -0.34730003 0.056821983)
(2.2153459 -0.38928642 0.060574446)
(-0.0070130525 0.0035077811 0.0007630662)
(0.01284398 0.0042356462 0.0010672531)
(0.042151738 -0.0011732325 0.0018499978)
(0.084784107 -0.0018252606 0.0020976581)
(0.13524542 -0.0075764151 0.0028612016)
(0.19791081 -0.015200009 0.0045943322)
(0.2679158 -0.025147422 0.0058687466)
(0.34804337 -0.037776502 0.0076356022)
(0.43553025 -0.053865366 0.0094360734)
(0.53086747 -0.072197818 0.011402544)
(0.632651 -0.094409961 0.01370444)
(0.74102183 -0.11866298 0.015747739)
(0.85459667 -0.14655112 0.018388213)
(0.97359516 -0.1765389 0.020891375)
(1.0967274 -0.20909106 0.023422189)
(1.2237127 -0.24405375 0.026326184)
(1.3539447 -0.28068693 0.029166108)
(1.4868842 -0.31906757 0.032117256)
(1.6219369 -0.3588187 0.035242636)
(1.758681 -0.39956974 0.038271292)
(1.8968536 -0.44095651 0.041653527)
(2.035244 -0.4828843 0.044730301)
(2.175126 -0.52551173 0.047974499)
(-0.0089365931 -0.0076660409 0.0086702555)
(0.015114265 -0.011734137 0.0063832554)
(0.042132026 -0.03322974 0.010916759)
(0.080763061 -0.036673218 0.0070267054)
(0.13195967 -0.057416448 0.0088884147)
(0.19117486 -0.074081326 0.0082484727)
(0.25926491 -0.091682026 0.0086878756)
(0.33686149 -0.11450572 0.0091591571)
(0.42166475 -0.1378775 0.0097591923)
(0.51388916 -0.16422433 0.010774677)
(0.61328665 -0.19273109 0.011537851)
(0.71842772 -0.22382627 0.012917645)
(0.82971016 -0.25667963 0.014197441)
(0.94597801 -0.29207299 0.015627745)
(1.0666172 -0.32893777 0.017359695)
(1.1914617 -0.36760811 0.019172875)
(1.3197124 -0.40762326 0.021144869)
(1.4508671 -0.44869075 0.023257372)
(1.5844873 -0.49070267 0.025527229)
(1.7200713 -0.53315551 0.027978837)
(1.8570529 -0.57595111 0.030504886)
(1.9951421 -0.61886243 0.032963502)
(2.1337974 -0.66135699 0.035966828)
(0.0023630635 0.0062092343 0.0073337824)
(0.0023632114 0.0068741578 0.0031221215)
(0.0047070479 0.0066774889 -0.0013832327)
(0.019653973 0.0248864 0.0063032351)
(0.023232776 0.024771882 0.0010630659)
(0.023234846 0.023585536 -0.0053145703)
(0.047947811 0.03439319 0.0085993798)
(0.050550599 0.032012392 0.0037432291)
(0.052974798 0.032077028 -0.00084429926)
(0.087325565 0.043730431 0.0094254169)
(0.093277918 0.043533017 0.0048354224)
(0.094076278 0.040573991 0.00023452005)
(0.13911964 0.050716832 0.011309837)
(0.14379957 0.047838589 0.0069633258)
(0.14687516 0.045589502 0.0033370929)
(0.20014598 0.053675262 0.013113313)
(0.20614112 0.051616382 0.009528826)
(0.20952237 0.048461508 0.0044095157)
(0.27138642 0.054274515 0.015728971)
(0.27819585 0.05119111 0.011159884)
(0.28161975 0.047717791 0.0079352349)
(0.35153836 0.051874085 0.017545549)
(0.35824 0.04803496 0.014105362)
(0.36255935 0.043843542 0.010092718)
(0.44002326 0.045112492 0.020333439)
(0.44739184 0.040928238 0.016809177)
(0.45225422 0.036235154 0.013271387)
(0.53610102 0.035740223 0.022590116)
(0.54377767 0.030385723 0.019286491)
(0.54887343 0.025035515 0.016080491)
(0.63938752 0.021800477 0.025250145)
(0.64726594 0.015956402 0.022481866)
(0.65296408 0.010682604 0.0194084)
(0.74869555 0.0047191194 0.028045891)
(0.75696234 -0.0015502199 0.025059133)
(0.76288756 -0.0077256493 0.022251356)
(0.86386845 -0.015742959 0.030821459)
(0.87210184 -0.022382791 0.028186436)
(0.87854717 -0.028912934 0.025648018)
(0.98382202 -0.039609948 0.033751221)
(0.99233922 -0.04670562 0.031437323)
(0.9989892 -0.054064924 0.028942774)
(1.1082168 -0.06644585 0.036635379)
(1.1167303 -0.074297957 0.034504903)
(1.1237304 -0.081752837 0.032397543)
(1.2362215 -0.096332332 0.039765694)
(1.2449227 -0.10432438 0.037824262)
(1.2521579 -0.11235971 0.035889016)
(1.3674527 -0.12859802 0.042658271)
(1.3760465 -0.13713425 0.041150181)
(1.3835585 -0.14552098 0.039423063)
(1.5009542 -0.16321854 0.046017259)
(1.5098074 -0.17218255 0.044441345)
(1.5174912 -0.18079728 0.043029752)
(1.6367075 -0.19990864 0.049149645)
(1.645476 -0.20893227 0.047893265)
(1.6533803 -0.21793391 0.046658611)
(1.7737571 -0.23801515 0.052287479)
(1.7825664 -0.24747336 0.051340029)
(1.7906598 -0.25671853 0.050226981)
(1.9120407 -0.27763771 0.055479922)
(1.9208481 -0.28728861 0.054747784)
(1.9291552 -0.29669308 0.053866357)
(2.0506781 -0.31825506 0.058729595)
(2.0594718 -0.32786042 0.05834746)
(2.0678928 -0.3373703 0.057433555)
(2.189736 -0.35977432 0.06211039)
(2.1984828 -0.36949189 0.061631992)
(2.207199 -0.37926143 0.061209582)
(-0.0039834957 0.001047281 -0.001083054)
(-0.0024395096 0.0028940772 -0.0011761061)
(-0.00046660802 0.001889497 0.00055334636)
(0.0146536 0.003591871 -0.0032179184)
(0.018057766 0.0033337245 -0.001935118)
(0.018503447 0.0018712617 -0.0010884109)
(0.042153905 0.002104393 -0.0007672456)
(0.046746071 0.00093371709 0.0017334905)
(0.047818578 0.00074236867 0.00096469876)
(0.080193733 0.001229376 -0.00044350321)
(0.086452822 -0.00049679816 0.00062160175)
(0.087037663 -0.0035986726 0.00048789883)
(0.13020618 -0.0023764378 0.0013153609)
(0.13603984 -0.0055474437 0.0032497729)
(0.13783851 -0.0063600848 0.0016924212)
(0.18870798 -0.0081077936 0.0029798184)
(0.19626014 -0.011416979 0.0039967132)
(0.19858372 -0.01441447 0.0035349812)
(0.25803605 -0.01617581 0.0042459825)
(0.26525039 -0.020998965 0.0054821949)
(0.26822149 -0.023787938 0.0048324392)
(0.33565281 -0.027800428 0.0065278317)
(0.3434101 -0.032333372 0.0079833559)
(0.34690428 -0.035784947 0.0068474689)
(0.42131055 -0.041426915 0.0084886476)
(0.42927748 -0.047238215 0.0091421749)
(0.43386803 -0.05155847 0.0085011251)
(0.51504442 -0.058755091 0.010727513)
(0.52362358 -0.064826024 0.011877946)
(0.5280987 -0.069084641 0.010757609)
(0.61566895 -0.078899173 0.013213496)
(0.62373043 -0.085172656 0.013723113)
(0.62938095 -0.090689607 0.012881225)
(0.72243452 -0.10175328 0.015686052)
(0.73131034 -0.10896393 0.016109406)
(0.73693882 -0.11445595 0.015382439)
(0.8351916 -0.12771882 0.018255938)
(0.843881 -0.13504158 0.018848985)
(0.84990908 -0.14142189 0.017887559)
(0.95285219 -0.15621758 0.020997019)
(0.96167683 -0.16431356 0.021271657)
(0.96818706 -0.1711379 0.020577356)
(1.0751826 -0.1874103 0.023880271)
(1.0840245 -0.19570033 0.02423755)
(1.0908972 -0.20298582 0.023226174)
(1.2012894 -0.22083432 0.026835799)
(1.2102368 -0.22953686 0.02688363)
(1.2173089 -0.23723331 0.026160676)
(1.3307852 -0.25629696 0.029913615)
(1.3396687 -0.2652622 0.030044431)
(1.3470878 -0.2734856 0.029167919)
(1.4630096 -0.29360451 0.033098588)
(1.4719698 -0.30278204 0.032979426)
(1.479635 -0.31127266 0.032181936)
(1.5975187 -0.33242397 0.036393479)
(1.606479 -0.34170035 0.036090057)
(1.6142903 -0.3505272 0.035416974)
(1.7337889 -0.37230088 0.03972392)
(1.7426189 -0.38166805 0.03922497)
(1.7508374 -0.39095028 0.038575172)
(1.8712905 -0.41313739 0.042855081)
(1.8804031 -0.42275692 0.042471479)
(1.8885063 -0.4320699 0.04195145)
(2.0095233 -0.45451982 0.046217699)
(2.0183524 -0.46402277 0.045770794)
(2.0266938 -0.47366135 0.0450746)
(2.1486932 -0.49641615 0.049350604)
(2.157713 -0.50615767 0.048968352)
(2.1663168 -0.51568765 0.048421952)
(-0.0047422148 -0.0048180827 -0.0058218274)
(-0.0044664692 -0.0054059927 0.00093139328)
(-0.0021052973 -0.0052891983 0.0041551304)
(0.016849831 -0.01614291 -0.0056934427)
(0.020994797 -0.012488679 -0.0010334856)
(0.020777603 -0.014757851 0.0034683624)
(0.03994572 -0.0259161 -0.0067931582)
(0.044512398 -0.030911741 -0.00087385757)
(0.0464892 -0.031442975 0.0042678802)
(0.078828425 -0.039981475 -0.0071509359)
(0.082833144 -0.038622341 -0.0021656614)
(0.085869883 -0.041281324 0.0028612231)
(0.12534893 -0.0524607 -0.0057145239)
(0.13135528 -0.056519749 -0.00056821768)
(0.13494412 -0.057532875 0.0037755156)
(0.18268783 -0.068406227 -0.0059342538)
(0.18827063 -0.070820543 -0.0015897785)
(0.19301722 -0.074140205 0.002966639)
(0.24918468 -0.086520304 -0.0042414508)
(0.25600686 -0.089944093 0.0006667545)
(0.2604804 -0.092834679 0.0041794125)
(0.32379509 -0.10537189 -0.0031099167)
(0.33046826 -0.10997969 0.00067317104)
(0.33623472 -0.11358457 0.0044113241)
(0.40723062 -0.12809761 -0.0015478808)
(0.41476649 -0.13255566 0.0022428548)
(0.42065583 -0.13675957 0.0055471601)
(0.4977558 -0.15211671 0.00014188547)
(0.50528926 -0.15751253 0.0035447172)
(0.51169741 -0.16256267 0.0067431856)
(0.59538021 -0.17872472 0.0019814675)
(0.60346932 -0.1850612 0.0051662526)
(0.61035726 -0.19015702 0.0078835156)
(0.69963922 -0.20816182 0.0042822675)
(0.7077956 -0.21452922 0.0069921838)
(0.7148175 -0.22062789 0.0094335377)
(0.80942386 -0.23919044 0.0063323072)
(0.81768927 -0.24645329 0.0087569972)
(0.82518795 -0.25287449 0.011155132)
(0.92468971 -0.27286551 0.0088962835)
(0.93315613 -0.28029143 0.011107439)
(0.94088323 -0.28737004 0.012906231)
(1.0445163 -0.30819934 0.011459191)
(1.0530277 -0.31621185 0.013262349)
(1.0610488 -0.32371945 0.014899902)
(1.1685166 -0.34533054 0.014265028)
(1.1771412 -0.35373079 0.015744722)
(1.18526 -0.3615676 0.017095758)
(1.2960345 -0.38405475 0.017097577)
(1.3046854 -0.39261897 0.018395832)
(1.31308 -0.40102868 0.019390841)
(1.4265702 -0.42375703 0.020102458)
(1.4353543 -0.43299205 0.021034608)
(1.4437975 -0.44147712 0.021828264)
(1.5596936 -0.46484789 0.023298372)
(1.5684139 -0.47394104 0.02393105)
(1.5769827 -0.48284825 0.024463182)
(1.6945769 -0.50622668 0.02645965)
(1.703616 -0.51581176 0.026806033)
(1.7121704 -0.52495638 0.027203221)
(1.8312633 -0.54825387 0.029704326)
(1.8401797 -0.55800136 0.02991843)
(1.848748 -0.56723121 0.030070562)
(1.9690146 -0.59064376 0.033190583)
(1.9778975 -0.60042664 0.033071282)
(1.9867062 -0.60974075 0.032992479)
(2.1074183 -0.63289513 0.036500576)
(2.1163258 -0.64251252 0.036256102)
(2.1250034 -0.65220598 0.035827152)
)
;

boundaryField
{
    free
    {
        type            calculated;
    }
    bottom
    {
        type            calculated;
    }
    traction
    {
        type            calculated;
    }
}


// ************************************************************************* //
