/*--------------------------------*- C++ -*----------------------------------*\
  =========                 |
  \\      /  F ield         | OpenFOAM: The Open Source CFD Toolbox
   \\    /   O peration     | Website:  https://openfoam.org
    \\  /    A nd           | Version:  6
     \\/     M anipulation  |
\*---------------------------------------------------------------------------*/
FoamFile
{
    version     2.0;
    format      ascii;
    class       pointScalarField;
    location    "1.099881";
    object      p;
}
// * * * * * * * * * * * * * * * * * * * * * * * * * * * * * * * * * * * * * //

dimensions      [1 -1 -2 0 0 0 0];

internalField   nonuniform List<scalar> 
625
(
1157666.5
-1637828.7
11033.832
14277.996
2059950.6
-3611477.9
10763.321
1046.6032
914849.86
-73798.773
-19858.647
-10459.045
5037.619
8840.9922
504962.15
523585.51
533368.15
504066.13
447527.77
437821.9
385474.41
352246.07
329743.19
289467.87
263065.04
225803.87
200487.49
174216.75
148357.41
128160.35
109123.78
88708.613
74265.365
60092.365
45644.574
33151.569
24347.81
-576105.31
-440582.78
-501206.7
-404448.99
-381097.53
-379876.28
-314996.48
-310036.17
-278615.12
-247425.83
-230788.1
-195099.11
-176969.87
-149776.1
-130472.56
-108680.58
-89249.791
-74471.678
-56813.478
-45192.922
-34054.153
-17767.039
-6229.1835
1115402.6
-295655.56
-381995.42
-656037.4
-758294.56
-548764.52
-486811.54
-574197.93
-409418.21
-462281.06
-391934.18
-337174.3
-306696.91
-270090.72
-235187.21
-206460.84
-173951.25
-147068.07
-124472.7
-100551.98
-81699.886
-64910.241
-47430.094
-31735.75
-20624.056
-4512.3733
13496.195
1744.141
-1721.1139
24556.161
29455.366
47286.558
60980.463
81397.848
100828.89
122789.91
147914.69
169184.7
200628.12
231575.19
264591.08
285315.8
324500.06
350195.65
391524.66
422783.41
435060.56
533317.95
463918.35
615428.03
527396.52
573903.95
1243178.9
1212041
1120770
-1511663.4
-2104563.4
-2166985.3
18009.986
16863.854
18790.686
-1210.0482
4761.2993
-1003.8024
298138.43
350803.27
331238.98
295361.7
277683.3
258212.28
230132.3
214224.42
191892.1
167798.27
146562.44
133636.95
117606.34
100655.58
88219.325
74306.914
62865.07
53273.915
39794.685
31775.977
23105.944
15338.419
15106.398
-80604.73
-48901.494
-66772.081
-19181.547
-45496.886
-22754.841
-33009.035
-27292.108
-22934.04
-22249.68
-19085.527
-15189.905
-15316.969
-11260.716
-8625.0455
-6514.2201
-1474.1424
-943.96043
3498.5314
7014.1894
7287.3664
8701.063
7495.6644
-391247.4
-246609.14
-301051.22
-220977.03
-273938.88
-213618.2
-225115.27
-190313.73
-171681.01
-159663.37
-139628.48
-125874.72
-110233.01
-93611.367
-80329.905
-65413.922
-54589.043
-42233.04
-29922.934
-22998.326
-12732.231
-8357.6895
2084.127
705444.74
729010.62
826184.1
-19964.224
-66800.669
-190744.14
-295315.5
-113001.59
-96097.759
-965650.76
-983272.27
-963722.89
-661459.99
-688831.26
-747154.72
-558525.75
-560994.96
-611861.93
-462418.13
-458351.51
-490138.21
-440545.13
-448698.85
-485012.61
-394335
-387186.75
-396637.74
-374048.1
-368332.77
-362101.9
-337443.98
-318746.75
-339529.29
-304219.6
-295056.48
-306109.91
-273429.56
-259396.42
-271731.46
-240023.4
-231875.3
-241872.26
-218746.92
-200945.88
-207413.82
-185404.68
-176657.68
-183211.75
-165257.97
-149621.29
-158898.4
-137531.54
-126930.71
-133506.34
-116479.32
-105796.62
-111650.85
-95641.683
-86448.432
-90760.167
-73200.601
-69195.1
-72115.481
-57552.867
-54000.828
-55872.925
-41896.094
-40362.585
-40925.535
-26691.087
-26054.83
-25695.093
-15318.373
-16107.784
-17095.375
-7071.9851
-3889.3721
-4267.0457
-10767.901
-13656.744
-14494.222
9041.2625
3972.4636
4825.42
12817.651
14516.635
13694.162
629143.28
592606.58
646545.21
641522.63
518137.62
586536.02
600374.81
540893.25
580016.64
536486.82
474774.06
518174.89
509441.21
468185.86
483321.68
462536.38
416323.2
440115.94
428588.03
390970.47
406821.11
389245.54
350490.84
375055.48
355139.41
320910.6
339189.66
311157.45
290378.63
309567.21
278053.38
263706.86
275968.99
251837.16
233455.43
234061.98
218053.56
202473.81
212171.3
191590.88
177319.46
189525.39
163753.57
153526.77
161435.9
140518.25
129552.88
137592.64
113746.04
108897.55
116476.56
94495.07
91077.732
95199.236
75613.672
72721.457
76239.181
58324.465
56407.056
59684.64
42732.266
42983.821
44108.761
30654.733
32034.497
30161.545
25141.932
27698.545
27121.679
244972.59
350801.49
273387.14
313537.13
282578.63
265980.87
260646.41
228546.55
214885.26
189913.19
170436.85
157289.27
144172.8
119773.05
107807.5
91674.338
76428.757
64505.281
51925.307
42257.925
29371.669
22757.237
13163.287
-102744.6
2556.8374
270.3368
19818.427
45290.547
38824.939
34487.85
46455.979
38572.478
41592.108
39273.47
42537.051
31968.647
33640.027
31874.824
27031.494
25019.757
22629.217
18863.517
15563.797
13597.332
10886.746
10504.991
-302017.06
-205340.24
-344226.37
-265464.12
-263402.5
-272058.37
-220276.14
-207789.56
-186019.62
-163965.19
-142825.84
-129275.61
-109763.75
-93429.525
-79361.242
-66031.794
-54716.869
-43295.115
-34059.189
-26842.405
-17768.35
-7678.1058
-7365.3393
428683.77
470187.68
398481.38
332457.1
425489.47
358606.69
275306.61
298003.28
309793.11
253036.64
310969.34
266360.47
254990.41
249936.97
256156.99
229202.42
245901
246563.03
196731.33
221358.84
221541.93
196912.1
207077.35
205533
159924.89
188488.5
187140.44
155635.27
168767.22
174745.09
140522.5
158621.34
151083.83
121018.7
127766.32
140923.04
107364.48
118937.31
126182.56
92792.268
105794.81
108837
81822.472
89108.67
92930.912
69127.795
76169.197
83361.852
58294.902
66294.036
68718.214
52920.105
53224.595
57487.012
39740.973
43668.76
46210.868
34389.14
36235.463
36337.687
24094.215
26188.295
26943.565
19669.184
18969.75
17696.408
1685.8547
7725.2351
8141.7678
-77859.893
-139777.57
-82692.257
-2691.5756
-9847.2825
-42328.969
791.35258
-25460.101
-35878.19
-13524.018
-1409.3473
-46638.213
17699.026
3296.8976
-9736.4182
-11402.139
13322.015
-16441.512
18286.982
19644.142
-8180.4653
2765.3383
19223.699
-6863.3208
11948.09
18189.448
1424.7397
9185.8173
28224.753
1425.4915
14111.183
17886.575
1790.6493
11252.86
19902.015
9032.324
9886.5258
23437.499
9938.7568
12065.069
21067.931
9364.3912
9800.2747
20591.581
10285.153
10873.213
19444.758
11756.372
9296.8391
19335.017
9971.3839
9793.203
15750.843
9329.763
8718.5955
13423.89
11163.722
8198.82
13049.51
9752.7331
8807.5256
10192.49
9192.8043
9629.9423
11293.857
8089.8493
11141.212
10839.49
9861.8993
-329849.6
-435598.04
-372390.35
-289846.43
-240593.96
-303787.95
-247620.97
-372985.57
-322023.41
-321372.57
-266182.35
-336164.11
-245043.59
-294671.81
-280225.77
-230369.17
-253692.78
-274592.47
-216008.6
-238075.34
-253823.16
-187539.09
-227748.57
-221925.68
-179823.16
-192030.04
-201055.36
-158501.21
-179778.19
-182171.97
-138017.62
-158581.25
-157353.23
-124569.23
-138137.56
-137602.37
-103259.94
-124460.75
-118584.09
-91687.038
-104210.44
-101962.15
-76113.907
-89854.147
-86554.078
-64774.829
-73848.995
-72465.148
-51307.156
-61154.492
-59142.106
-41687.841
-48544.12
-47570.397
-32162.051
-36779.223
-35272.247
-23723.299
-26404.179
-25702.672
-18238.492
-17935.831
-19187.698
-4442.1794
-8108.0124
-7379.6341
-1176.6285
-4324.0526
-2522.4561
)
;

boundaryField
{
    free
    {
        type            calculated;
    }
    bottom
    {
        type            calculated;
    }
    traction
    {
        type            calculated;
    }
}


// ************************************************************************* //
