/*--------------------------------*- C++ -*----------------------------------*\
  =========                 |
  \\      /  F ield         | OpenFOAM: The Open Source CFD Toolbox
   \\    /   O peration     | Website:  https://openfoam.org
    \\  /    A nd           | Version:  6
     \\/     M anipulation  |
\*---------------------------------------------------------------------------*/
FoamFile
{
    version     2.0;
    format      ascii;
    class       pointScalarField;
    location    "4.0001305309592272";
    object      p;
}
// * * * * * * * * * * * * * * * * * * * * * * * * * * * * * * * * * * * * * //

dimensions      [1 -1 -2 0 0 0 0];

internalField   nonuniform List<scalar> 
625
(
314032.83
-643921.33
8278.3984
12177.461
819755.62
-850035.99
9321.7187
-2009.4707
230097.39
-116655.64
-127076.05
-16126.335
1663.8537
5254.276
132473.86
148671.86
164126.89
165995.03
161273.36
167109.52
160052.27
159060.31
159113.42
155587.18
150485.99
140447.36
135938.91
126403.3
117426.97
107669.97
96434.629
84948.931
72949.93
61833.442
47736.765
35235.565
24837.906
-217228.9
-187084.29
-203703.72
-186969.77
-175087.02
-174785.63
-157795.16
-153693.42
-145713.55
-136621.24
-128350.22
-117406.35
-111437.25
-100242.63
-92383.316
-82764.82
-72205.754
-65542.166
-54243.644
-47812.942
-39767.687
-23628.646
-12057.673
458776.44
30148.269
-38341.109
-167491.09
-217516.95
-171308.98
-170990.6
-198156.64
-151433.67
-182875.8
-175101.39
-167620.96
-163932.39
-157967.33
-152137.73
-145146.19
-133745.86
-124062.49
-112630.02
-99737.765
-87055.975
-73289.686
-58081.72
-41949.284
-28596.732
-10136.258
10902.958
-1779.0495
-5071.0571
24971.499
28894.472
45553.238
54633.857
69317.228
81799.285
93210.249
106214.53
115513.36
128440.42
140887.9
154336.97
157169.08
169967.43
178031.33
186925.18
195162.98
196516.88
225929.02
204268.94
243530.58
215179.74
223521.25
344373.51
407818.23
383499.26
-555782.79
-672469.35
-647492.15
17268.981
16946.732
18042.575
-6227.4724
1551.6321
-4547.5609
64531.196
90625.391
93179.553
93355.36
93964.404
96314.182
95813.027
96080.982
95516.431
90622.235
87462.177
87825.338
83325.987
78083.189
73777.237
65670.233
60200.07
52954.645
41963.267
33437.098
23835.249
14278.872
13901.412
-54030.188
-50701.315
-48447.219
-31066.733
-34407.903
-23403.969
-24187.36
-18864.092
-15209.076
-11877.527
-8692.4148
-6142.6165
-5400.6422
-3196.9584
-1300.1881
-1597.5083
3566.0372
544.01193
4354.3492
6915.9173
6098.0562
6735.9881
4069.2157
-165964.15
-129316.68
-133880.56
-119897.93
-124492.35
-111137.12
-108907.54
-98894.313
-90969.276
-85420.111
-79842.59
-73029.856
-66353.321
-59633.469
-53216.006
-46415.927
-39639.583
-35263.816
-25546.373
-23111.786
-15482.492
-13034.525
-1321.2703
204824.71
240903.34
296727.72
-38544.119
-8296.8853
-21694.2
-169229.1
-77711.654
-28436.347
-303996.91
-283574.01
-268689.73
-249124.38
-235313.8
-236260.94
-210498.35
-190552.6
-196648.8
-193696.36
-177575.04
-173222.76
-187825.18
-173692.89
-177207.33
-178440.17
-164109.01
-168573.25
-174470.38
-163800.22
-158360.44
-165706.68
-154210.13
-160914.37
-158141
-150323.22
-155476.65
-148210.32
-143630.6
-150343.83
-139603.79
-137225.99
-144720.8
-134713.73
-129056.64
-133913.78
-121998.47
-121754.18
-128200.58
-114405.79
-111645.29
-119659.07
-103150.9
-102160.74
-109465.78
-92844.499
-92060.709
-98900.49
-81883.547
-81267.589
-86971.923
-68108.078
-70051.522
-74510.625
-57960.525
-59122.58
-62656.793
-46062.384
-47140.773
-49142.996
-32564.016
-33918.82
-34341.511
-21640.579
-22806.109
-25263.487
-12757.965
-10028.36
-10417.933
-16603.559
-19216.51
-20293.883
5915.1891
450.36889
928.91759
10508.467
11919.488
11507.721
186504.21
194882.47
224294.71
210363.75
180332.59
222016.55
201945.26
190366.4
220552.18
193245.67
180001.45
210534.99
194023.15
182087.07
199102.28
185995.39
172864.6
194206
186837.24
169783.28
187905.59
181649.21
162007.95
180036.6
177128.86
157810.57
172951.25
166921.42
152592.5
164886.74
159303.68
147620.37
157419.35
157902.91
137828.78
140686.19
146469.08
129127.48
136079.49
138343.62
120506.49
127656.93
127590.15
110908.17
116695.86
115901.61
100968.41
105199.96
101790.16
89201.12
94352.16
87789.609
80660.619
81680.24
74819.336
67910.528
68706.454
60244.137
55345.865
55881.686
44807.649
43814.483
42955.625
32531.263
33610.593
29566.812
27015.365
29390.559
28404.907
131819.08
152757.62
123586.8
133621.21
126088.51
123428.73
118751.34
111098.99
104702.1
97000.838
90242.597
85224.179
82003.925
71648.899
67033.351
59676.176
52497.26
46081.611
39148.809
33854.475
23533.247
19930.252
10911.875
952.72044
38404.811
23557.747
35774.332
35288.287
29562.377
27570.905
24146.51
22145.679
18033.853
17301.156
15760.407
11780.103
11245.076
11652.426
9506.4778
9438.4399
9937.3177
8800.5445
8202.9089
7926.8205
7185.2197
8699.8434
-53667.586
-31613.358
-91096.808
-67039.958
-86274.861
-89690.793
-89160.012
-86436.709
-88792.581
-86772.542
-84448.987
-84840.549
-79347
-75588.354
-69615.217
-64559.218
-57868.116
-50076.856
-42604.327
-36064.393
-25885.946
-14360.618
-12602.266
127349.96
157470.96
164409.4
97841.91
151579.23
144809.09
90507.914
111848.91
134410.63
86870.684
121242.66
119665.49
91283.499
105535.79
115995.67
91858.278
107698.8
115287.11
84259.341
102850.3
106447.4
88108.77
101163.48
103233.62
82176.119
97343.936
96796.582
82530.221
92001.315
94872.002
82711.044
93382.046
82689.976
75374.292
79119.129
83879.086
71294.519
79106.986
76544.713
67849.168
73550.27
70027.264
61787.015
67220.775
62815.951
57347.605
60043.47
58633.487
50252.199
55431.088
51259.525
48129.772
46269.803
45307.19
38027.783
39498.434
37207.855
33202.517
32901.468
31142.967
23979.976
24386.082
24124.264
18925.233
16952.622
15086.031
-2089.954
4821.4519
5433.164
-56109.108
-33374.756
1886.0421
-18990.718
1984.0981
12218.258
-13184.203
-3140.7885
9640.4274
-13470.057
4998.3012
259.24612
-1288.8592
4303.4858
11229.156
-8139.3748
7546.9252
3039.5275
1437.9777
7743.3764
5499.1723
451.59301
8861.2301
1607.7659
3590.5298
7429.1006
2785.183
4953.0908
11803.592
489.70592
8823.4936
6127.9542
-252.01173
7625.458
8164.2131
1592.8212
9016.1894
11464.554
483.97813
10375.366
9567.2876
55.770639
9049.9992
11226.191
-455.49369
11433.082
10335.197
1480.6452
7916.3845
11750.273
264.66282
9460.8368
10428.324
-108.987
7185.4846
8471.2035
2940.2594
5748.798
9652.5932
3497.7227
6222.393
7405.2735
3750.9995
6743.6146
8605.8284
3187.2001
8968.0989
9056.4592
7600.9334
-127065.05
-134127.76
-94993.644
-119325.22
-81424.131
-83144.247
-106878.71
-125253.37
-99140.772
-122226.11
-98105.223
-101873.32
-106593.1
-113835.91
-96486.04
-102225.89
-103060.23
-100336.46
-99061.936
-103363.7
-100220.94
-92584.15
-101114.37
-98297.227
-89099.811
-95601.509
-95733.204
-85448.809
-92744.957
-93852.825
-78600.539
-87308.224
-90339.697
-73445.004
-81901.181
-86112.06
-66094.495
-79639.379
-81568.411
-62059.747
-72740.569
-76575.137
-55005.305
-67021.909
-71151.082
-50321.917
-60917.866
-64151.959
-43902.986
-53778.101
-58020.112
-36294.129
-47483.98
-49955.723
-31555.342
-39324.646
-40410.429
-24701.305
-31088.216
-33282.084
-20669.738
-24130.512
-26173.171
-7761.9424
-14221.025
-13461.882
-5196.4773
-9737.2879
-7094.8629
)
;

boundaryField
{
    free
    {
        type            calculated;
    }
    bottom
    {
        type            calculated;
    }
    traction
    {
        type            calculated;
    }
}


// ************************************************************************* //
