/*--------------------------------*- C++ -*----------------------------------*\
  =========                 |
  \\      /  F ield         | OpenFOAM: The Open Source CFD Toolbox
   \\    /   O peration     | Website:  https://openfoam.org
    \\  /    A nd           | Version:  6
     \\/     M anipulation  |
\*---------------------------------------------------------------------------*/
FoamFile
{
    version     2.0;
    format      ascii;
    class       pointVectorField;
    location    "4.0001305309592272";
    object      u;
}
// * * * * * * * * * * * * * * * * * * * * * * * * * * * * * * * * * * * * * //

dimensions      [0 1 0 0 0 0 0];

internalField   nonuniform List<vector> 
625
(
(0 0 0)
(0 0 0)
(1.1718982 0.01308552 -0.057634515)
(1.1250841 -0.28856131 -0.072611485)
(0 0 0)
(0 0 0)
(1.1422341 -0.28473805 -0.073670617)
(1.1888723 0.016449002 -0.058021715)
(0 0 0)
(0 0 0)
(0 0 0)
(1.1596847 -0.063142858 -0.062327844)
(1.1476556 -0.13736286 -0.065188703)
(1.1364971 -0.21190788 -0.069139922)
(2.1421703e-05 0.0074027714 0.0082610783)
(0.0052072 0.015846222 0.0082445823)
(0.016575209 0.024712538 0.0072905228)
(0.033209678 0.033396948 0.0051406369)
(0.054699983 0.041424667 0.0025763413)
(0.081590541 0.049426544 -0.00050562946)
(0.11287537 0.056366566 -0.0039043116)
(0.1489692 0.06292171 -0.007384245)
(0.18956186 0.068396379 -0.010984412)
(0.23447389 0.072995459 -0.014746494)
(0.28341125 0.076643805 -0.018381487)
(0.33632692 0.079049136 -0.02219086)
(0.3928834 0.080451268 -0.025658046)
(0.45280175 0.080466428 -0.029157128)
(0.51587481 0.079334454 -0.032421862)
(0.58178881 0.076757661 -0.035627147)
(0.65014975 0.073165847 -0.038649329)
(0.720767 0.067968062 -0.041465833)
(0.79335949 0.0615714 -0.04436369)
(0.86723059 0.054057432 -0.046977186)
(0.94249253 0.045322111 -0.049632025)
(1.0183816 0.035906722 -0.052234452)
(1.0945579 0.0249735 -0.054491033)
(-0.0010168619 -0.0092399402 -0.0116346)
(0.0058367875 -0.018961231 -0.011991946)
(0.015536321 -0.030127371 -0.015685432)
(0.030981713 -0.041062271 -0.018056122)
(0.050408028 -0.051542266 -0.021315579)
(0.075293256 -0.062801686 -0.024761363)
(0.10383215 -0.073492076 -0.02850765)
(0.13748132 -0.084647558 -0.032121974)
(0.17507166 -0.09607682 -0.036079066)
(0.21695791 -0.10743313 -0.039746987)
(0.26280478 -0.11937173 -0.04347216)
(0.31262593 -0.13140938 -0.046790902)
(0.36607212 -0.14391887 -0.050139638)
(0.42291804 -0.15657527 -0.053154591)
(0.48308921 -0.16959731 -0.055980469)
(0.54618822 -0.18278516 -0.058529851)
(0.61213573 -0.19623949 -0.060843052)
(0.68033498 -0.20993055 -0.063051861)
(0.75100007 -0.22337136 -0.064836916)
(0.82316664 -0.23700625 -0.06668102)
(0.89714367 -0.25042277 -0.068202509)
(0.97218467 -0.26349964 -0.069850102)
(1.0481405 -0.27618668 -0.071478188)
(0 0 0)
(0 0 0)
(0 0 0)
(0.00064264535 -0.0037501588 0.0065335594)
(0.0071610347 -0.016684087 0.005999517)
(0.018879064 -0.021861848 0.002608954)
(0.035692717 -0.031894264 -0.0010916218)
(0.057618204 -0.041970455 -0.0040562694)
(0.08310179 -0.050554678 -0.0089927527)
(0.11372106 -0.061991407 -0.012463608)
(0.14840285 -0.072447659 -0.017096907)
(0.18716697 -0.083855237 -0.021402561)
(0.23013195 -0.095712438 -0.025805144)
(0.27690773 -0.10811346 -0.030194051)
(0.32735074 -0.12086108 -0.034232392)
(0.38142326 -0.13419847 -0.038431685)
(0.43879226 -0.14775121 -0.042325532)
(0.49928393 -0.16166073 -0.046063021)
(0.56268065 -0.17581234 -0.049598238)
(0.6287375 -0.19003712 -0.052996532)
(0.69719657 -0.20434565 -0.056199765)
(0.76774005 -0.21856685 -0.05923818)
(0.84017872 -0.23259653 -0.062214314)
(0.91404089 -0.24643816 -0.065047152)
(0.98931459 -0.25961661 -0.067844268)
(1.0650745 -0.27266689 -0.070544194)
(1.1538104 -0.20827496 -0.069798844)
(1.1644978 -0.13393247 -0.065510118)
(1.1765428 -0.060180221 -0.061110834)
(1.1117192 0.028469977 -0.056964327)
(1.0348744 0.039276753 -0.055374269)
(0.95894843 0.049017096 -0.05381983)
(0.88330057 0.058371258 -0.052485963)
(0.80905823 0.066418909 -0.050895809)
(0.73628387 0.073443279 -0.049313262)
(0.66538743 0.079294257 -0.047436814)
(0.59666245 0.08392176 -0.045491136)
(0.53044036 0.087257665 -0.04325596)
(0.46702106 0.089356969 -0.040861522)
(0.40671785 0.090017911 -0.038228981)
(0.34961721 0.089574666 -0.03564152)
(0.29638365 0.08762577 -0.032380294)
(0.24680158 0.084448107 -0.029393713)
(0.20128879 0.080115436 -0.026293388)
(0.1600211 0.074524178 -0.023132746)
(0.12317072 0.067975125 -0.020183876)
(0.090735767 0.060166371 -0.017129615)
(0.063716283 0.05149318 -0.014650007)
(0.040694963 0.041627493 -0.012022327)
(0.023157331 0.031816964 -0.010796041)
(0.010496482 0.020528596 -0.0088593666)
(0.0063905781 0.0098148085 -0.0058314085)
(0 0 0)
(0 0 0)
(0 0 0)
(0 0 0)
(0 0 0)
(0 0 0)
(1.1292569 -0.28799685 -0.073260725)
(1.1337092 -0.28721097 -0.072988621)
(1.1377645 -0.2863257 -0.073374928)
(1.1766752 0.014387933 -0.057731821)
(1.1808632 0.015087775 -0.057947081)
(1.1852208 0.016208347 -0.058074055)
(-0.0034222955 0.0042645276 0.0049350035)
(0.0021556783 0.0077935657 0.0031130308)
(0.012897937 0.011797112 0.0016549684)
(0.029161187 0.015471923 -0.0006043389)
(0.050351012 0.018960528 -0.0034008458)
(0.076604494 0.022165732 -0.0064870651)
(0.10752854 0.024653467 -0.009862792)
(0.14307715 0.026751577 -0.013388552)
(0.18303868 0.027968183 -0.017093018)
(0.22723184 0.028586973 -0.020795098)
(0.27550864 0.028326147 -0.024472998)
(0.32792455 0.027052751 -0.028073065)
(0.38378811 0.024905459 -0.031568195)
(0.443147 0.021680106 -0.034964582)
(0.50563764 0.017468017 -0.03810386)
(0.57103547 0.012208858 -0.041265691)
(0.63893131 0.0058860054 -0.043996319)
(0.70921964 -0.0013353851 -0.046863609)
(0.78152603 -0.0096898755 -0.049477347)
(0.85517446 -0.018857644 -0.051900107)
(0.93035377 -0.028834537 -0.054460634)
(1.0061803 -0.039409485 -0.05687366)
(1.0827872 -0.051365395 -0.059180941)
(-0.0048531805 -0.00035341066 -0.001151557)
(0.0015349054 -0.0019049927 -0.003024115)
(0.012030479 -0.0023590712 -0.0045268572)
(0.027734556 -0.0034246062 -0.0069915436)
(0.048684964 -0.0049024552 -0.0097153185)
(0.074323865 -0.0062256964 -0.012874589)
(0.10455307 -0.0081614979 -0.016309332)
(0.13948239 -0.010413732 -0.019893349)
(0.17863914 -0.013241201 -0.023592233)
(0.22231141 -0.016666132 -0.027098504)
(0.26980638 -0.020722471 -0.030963384)
(0.32139535 -0.025592017 -0.034329425)
(0.3765032 -0.03112679 -0.037783828)
(0.43517828 -0.037427727 -0.040998368)
(0.49696794 -0.044564812 -0.044024055)
(0.56174177 -0.052418553 -0.046984725)
(0.62916084 -0.061156699 -0.049474976)
(0.69885398 -0.070373813 -0.0522521)
(0.77052112 -0.080468348 -0.054409066)
(0.84381828 -0.091069471 -0.056671966)
(0.91877191 -0.10221875 -0.058955975)
(0.99456345 -0.1138458 -0.060927345)
(1.0714653 -0.12562932 -0.063164148)
(-0.0046494164 -0.0053754267 -0.0054826016)
(0.002114576 -0.010397481 -0.0070571005)
(0.011845854 -0.015775244 -0.0094418455)
(0.027729689 -0.02168233 -0.012066142)
(0.047981628 -0.027832202 -0.015206397)
(0.072956637 -0.033624007 -0.018524197)
(0.10281378 -0.040207649 -0.022110015)
(0.13688404 -0.046696021 -0.025769659)
(0.17553474 -0.053756841 -0.029471736)
(0.21820675 -0.061237101 -0.033219544)
(0.26512218 -0.069021884 -0.036908495)
(0.31589696 -0.077523717 -0.040335871)
(0.37027205 -0.086417664 -0.043745705)
(0.42819466 -0.095918643 -0.046875033)
(0.48922834 -0.10593161 -0.049834077)
(0.55338189 -0.11649851 -0.052572186)
(0.61998037 -0.12749672 -0.055081926)
(0.68924203 -0.13891743 -0.057503327)
(0.76043652 -0.15076392 -0.059590022)
(0.83362188 -0.16284463 -0.061783946)
(0.9081386 -0.1752899 -0.063688504)
(0.9836617 -0.18751778 -0.065588349)
(1.0600305 -0.19990124 -0.067392559)
(0 0 0)
(0 0 0)
(0 0 0)
(0 0 0)
(0 0 0)
(0 0 0)
(0 0 0)
(0 0 0)
(0 0 0)
(0.0029668794 -0.0031667373 -0.0046065556)
(0.0036517588 -0.0040133971 -0.0015325917)
(0.00318823 -0.0031227977 0.0022882664)
(0.010546264 -0.018967497 -0.0076232576)
(0.011088362 -0.018448707 -0.0033778315)
(0.011158531 -0.017044209 0.0018240552)
(0.020096802 -0.027491716 -0.010382594)
(0.021811731 -0.025489859 -0.0058231195)
(0.022137029 -0.024978884 -0.00091583096)
(0.035787989 -0.038670644 -0.012997696)
(0.037977263 -0.037242866 -0.0089632326)
(0.037874334 -0.034699513 -0.0045177277)
(0.056068559 -0.049336876 -0.01664925)
(0.058181239 -0.046870474 -0.012724195)
(0.059278223 -0.045243036 -0.0078827382)
(0.080441922 -0.059885481 -0.020377974)
(0.08343726 -0.057361793 -0.016074195)
(0.084716791 -0.054894457 -0.012171318)
(0.10985121 -0.070824751 -0.024052276)
(0.11302538 -0.068525173 -0.02057469)
(0.11426595 -0.065257059 -0.015929631)
(0.14339399 -0.082040862 -0.028203408)
(0.14670756 -0.078915162 -0.024461982)
(0.14879288 -0.076703735 -0.02038533)
(0.18120298 -0.093240166 -0.032105679)
(0.18496991 -0.090807034 -0.028686391)
(0.18715214 -0.087889912 -0.024668909)
(0.22319851 -0.10500953 -0.036097447)
(0.22711042 -0.10235992 -0.032801613)
(0.22963822 -0.099653265 -0.028934062)
(0.26908215 -0.11700118 -0.040006056)
(0.27334724 -0.11458752 -0.036737472)
(0.27610414 -0.11192094 -0.033229977)
(0.31902036 -0.12961479 -0.043597869)
(0.32319396 -0.1269639 -0.040805827)
(0.32619592 -0.12438304 -0.037106284)
(0.37229699 -0.14197581 -0.047139702)
(0.37671246 -0.13979973 -0.044322691)
(0.3798917 -0.13761499 -0.041156992)
(0.42917627 -0.15511144 -0.050362758)
(0.43361671 -0.15307117 -0.047884812)
(0.4370091 -0.15089577 -0.044872265)
(0.48916065 -0.1682966 -0.053441499)
(0.49368847 -0.16644892 -0.051160174)
(0.49719764 -0.16448655 -0.048384307)
(0.55217696 -0.18180031 -0.056245337)
(0.55668566 -0.18012308 -0.054191535)
(0.56035147 -0.17836877 -0.051704714)
(0.61780706 -0.19541923 -0.05883623)
(0.62238833 -0.19390519 -0.057059726)
(0.62612616 -0.19235366 -0.054844056)
(0.68591985 -0.20896295 -0.061248513)
(0.69050317 -0.20782385 -0.059719298)
(0.69433655 -0.20638137 -0.057782843)
(0.75619641 -0.22285184 -0.063402825)
(0.76075849 -0.22163148 -0.062139602)
(0.76463922 -0.22037228 -0.060545034)
(0.82833677 -0.23631751 -0.065512892)
(0.83283339 -0.2353685 -0.06448199)
(0.83679261 -0.23423274 -0.063242096)
(0.90199667 -0.24984953 -0.067462756)
(0.90642721 -0.24890669 -0.066631607)
(0.9104729 -0.2477797 -0.06578238)
(0.976864 -0.26287977 -0.069378359)
(0.9813062 -0.26200594 -0.068853469)
(0.98541421 -0.26112627 -0.06835865)
(1.052574 -0.27577459 -0.071250942)
(1.0568733 -0.27481783 -0.071060792)
(1.0611473 -0.27380613 -0.070777597)
(1.1645376 -0.062030151 -0.061665256)
(1.1687233 -0.061123761 -0.061667052)
(1.1729684 -0.060300489 -0.061521801)
(1.1517793 -0.13659707 -0.065211032)
(1.1564256 -0.13573378 -0.065477272)
(1.1602625 -0.13490385 -0.065584308)
(1.1409464 -0.21144584 -0.069335925)
(1.1454705 -0.21057664 -0.069452519)
(1.1494429 -0.20948643 -0.06946669)
(0.0044462048 0.0063850191 0.0047184676)
(0.0061265765 0.007699936 0.0017995091)
(0.0074119701 0.00852724 -0.0012192759)
(0.010665019 0.016107435 0.0040766037)
(0.012015943 0.017866051 0.00049107977)
(0.013159332 0.018571304 -0.004825734)
(0.022129308 0.025935987 0.0032805821)
(0.024001208 0.028036536 -0.0011071284)
(0.025601011 0.030046835 -0.0059489289)
(0.038500115 0.034891261 0.00093860254)
(0.041338194 0.03718182 -0.0031660167)
(0.042603014 0.039223872 -0.0080681211)
(0.060704076 0.043626333 -0.0016682326)
(0.063276006 0.046415504 -0.0056371627)
(0.064746808 0.049254765 -0.010354689)
(0.087085589 0.051839178 -0.0046293137)
(0.090254685 0.054278527 -0.0085450671)
(0.092250387 0.05712222 -0.013243332)
(0.11895791 0.058831879 -0.0080233982)
(0.1220013 0.061922873 -0.011657954)
(0.12407805 0.064736882 -0.016360731)
(0.1550372 0.065245041 -0.011442918)
(0.15821733 0.068298338 -0.0151054)
(0.16060364 0.071390245 -0.019539621)
(0.19564411 0.070769602 -0.014994795)
(0.19909983 0.073869676 -0.018585782)
(0.20162126 0.076924804 -0.022826159)
(0.24052274 0.075323812 -0.018589255)
(0.24412992 0.078366108 -0.022085619)
(0.24674911 0.081379803 -0.026146019)
(0.28934694 0.078983428 -0.022012539)
(0.29333228 0.081648907 -0.025727066)
(0.29615399 0.084469158 -0.029237972)
(0.34252695 0.08117271 -0.025805973)
(0.34617784 0.083730863 -0.028605888)
(0.34908123 0.086671626 -0.032804837)
(0.39887316 0.082278516 -0.029082026)
(0.4027644 0.0847107 -0.032172714)
(0.4058535 0.087589205 -0.035551251)
(0.45879994 0.082202236 -0.032395457)
(0.46270837 0.084453309 -0.035124244)
(0.46597109 0.086942324 -0.038374551)
(0.52173381 0.080844032 -0.035429702)
(0.52574265 0.082867994 -0.038026357)
(0.5290843 0.085146559 -0.040987518)
(0.58754829 0.078201247 -0.038409626)
(0.59158456 0.079900161 -0.040717824)
(0.59503041 0.082067156 -0.043435472)
(0.65582912 0.074135402 -0.041068735)
(0.65984202 0.075915874 -0.04319931)
(0.66347427 0.077686958 -0.045603593)
(0.72615453 0.069041577 -0.043724237)
(0.73045895 0.070356689 -0.04558848)
(0.73406671 0.072062398 -0.047722759)
(0.79861675 0.062619916 -0.04622935)
(0.80275919 0.063816989 -0.047759944)
(0.80649999 0.065324539 -0.049547984)
(0.87233518 0.054961458 -0.04855064)
(0.87661668 0.056172357 -0.049888207)
(0.88045321 0.057387493 -0.051391193)
(0.94746607 0.046424008 -0.050914804)
(0.95175851 0.047176068 -0.051991989)
(0.95557098 0.048446922 -0.052950847)
(1.023129 0.036439862 -0.053200305)
(1.0274658 0.037479413 -0.053871074)
(1.0315006 0.038565404 -0.054661291)
(1.099759 0.026272967 -0.055162582)
(1.1038454 0.026934959 -0.055801462)
(1.1081453 0.027878946 -0.056171683)
(0.00035401887 0.0035312572 -0.0046680377)
(0.0069409848 0.014357907 -0.006571469)
(0.018408812 0.017865458 -0.0071973527)
(0.036281466 0.024205133 -0.0097898596)
(0.058527195 0.028933428 -0.012421996)
(0.085785065 0.032913309 -0.014989842)
(0.11756469 0.036185618 -0.018320833)
(0.15396685 0.038466041 -0.021583552)
(0.19476956 0.039743405 -0.024968131)
(0.23965685 0.040022988 -0.028318044)
(0.28876617 0.039317243 -0.031774317)
(0.34139751 0.037504746 -0.034844892)
(0.397794 0.034406813 -0.038091313)
(0.45757021 0.030364559 -0.040877883)
(0.52042985 0.02527996 -0.04368153)
(0.58609661 0.019099687 -0.046183456)
(0.65434775 0.011936274 -0.048532091)
(0.72483208 0.003844442 -0.050718719)
(0.79722151 -0.0050754462 -0.052728063)
(0.87126795 -0.01490022 -0.054687837)
(0.94656889 -0.025326641 -0.056490249)
(1.0226453 -0.036333066 -0.058241942)
(1.0996031 -0.048147589 -0.059864445)
(-0.0031035083 0.0029475148 -0.00077512247)
(0.0044690135 0.0048816787 -0.0025400415)
(0.016629125 0.0044139894 -0.0041548636)
(0.034465743 0.0058442306 -0.0070058749)
(0.056069147 0.0057990151 -0.0099072611)
(0.083336992 0.0050633695 -0.013047124)
(0.11449857 0.0038943818 -0.016559625)
(0.15056635 0.0018087139 -0.020152352)
(0.19071016 -0.0010800535 -0.023907138)
(0.23512423 -0.0047386512 -0.027566194)
(0.28344638 -0.0094534698 -0.031243555)
(0.33556626 -0.014790361 -0.034806904)
(0.39125516 -0.021292716 -0.038204604)
(0.4503766 -0.028395179 -0.041427572)
(0.51254789 -0.036438813 -0.044551415)
(0.57763343 -0.045254283 -0.047387895)
(0.6452442 -0.054718647 -0.050088635)
(0.71519663 -0.064871253 -0.052642411)
(0.78712067 -0.075567154 -0.054982037)
(0.86070283 -0.086810003 -0.057308002)
(0.93579869 -0.098169239 -0.059338713)
(1.0115216 -0.11013124 -0.061556055)
(1.0889246 -0.12226692 -0.063663069)
(-0.0038574779 -0.00214018 0.0022140042)
(0.0051597317 -0.0028821739 0.00012254035)
(0.016667453 -0.0090438806 -0.00020413487)
(0.033470304 -0.010600113 -0.0042795477)
(0.055424419 -0.016406358 -0.0066662477)
(0.082048079 -0.021433451 -0.010614917)
(0.11277989 -0.027085721 -0.014235481)
(0.14826916 -0.03352832 -0.01828745)
(0.18788107 -0.040719216 -0.02224243)
(0.23155836 -0.048492508 -0.026260763)
(0.27925158 -0.056960551 -0.030300691)
(0.33055787 -0.066219572 -0.034089947)
(0.38558694 -0.07590207 -0.037879603)
(0.44393253 -0.086438975 -0.041463496)
(0.50533187 -0.097401416 -0.044870007)
(0.56967762 -0.10890199 -0.048087416)
(0.63663346 -0.12083892 -0.051151904)
(0.70592685 -0.13310962 -0.054053373)
(0.77727301 -0.14566082 -0.056805972)
(0.85042154 -0.15831018 -0.059412419)
(0.92489508 -0.17102145 -0.061968851)
(1.0006802 -0.18376544 -0.064613086)
(1.0769882 -0.19603823 -0.066871402)
(7.4395333e-05 0.0022242219 0.0025118598)
(0.00066433874 0.0028987114 0.0010795454)
(0.0018951625 0.0031975346 -0.0010213031)
(0.0067336302 0.0089783781 0.0010505144)
(0.0086865803 0.010350504 -0.0013451601)
(0.0091820087 0.011088325 -0.0043963621)
(0.018011904 0.013132923 -0.0005999115)
(0.01978398 0.014271818 -0.0028675978)
(0.021008791 0.016373614 -0.0051598991)
(0.034389195 0.017291271 -0.0029864055)
(0.037194349 0.019985427 -0.0052633939)
(0.038049031 0.021463615 -0.0075878903)
(0.056056172 0.021382584 -0.005782938)
(0.05860377 0.023608406 -0.0078999557)
(0.06015818 0.025914433 -0.0099798319)
(0.082335435 0.024422995 -0.0089220651)
(0.085296671 0.027362447 -0.010914563)
(0.087071851 0.029864709 -0.01332656)
(0.1133875 0.027237406 -0.012170727)
(0.11670393 0.030198257 -0.014408728)
(0.11848828 0.032751276 -0.016366585)
(0.14899547 0.029339616 -0.015811038)
(0.15235909 0.032278675 -0.017725245)
(0.15450466 0.03505282 -0.019848013)
(0.18907416 0.030554158 -0.019386368)
(0.19263325 0.0335922 -0.021346906)
(0.19503452 0.036356685 -0.023322454)
(0.23329038 0.031172392 -0.023101083)
(0.2370911 0.033972979 -0.024927295)
(0.2395875 0.036600462 -0.026785375)
(0.28173438 0.030597381 -0.026770489)
(0.28561449 0.03325009 -0.028433088)
(0.28831954 0.036131702 -0.030160295)
(0.33394555 0.029202183 -0.030212584)
(0.33799935 0.031855205 -0.031935314)
(0.34075434 0.034306912 -0.03364907)
(0.38981632 0.026849622 -0.033634192)
(0.39382726 0.029292029 -0.03524148)
(0.39689885 0.031733145 -0.036771368)
(0.44906686 0.023443938 -0.03687927)
(0.45321128 0.025741737 -0.038330712)
(0.45637587 0.027811118 -0.039820262)
(0.51146044 0.01905138 -0.039968768)
(0.51564893 0.020989627 -0.041298386)
(0.51892542 0.023032061 -0.042638241)
(0.57672918 0.013543532 -0.042819105)
(0.58095932 0.015399039 -0.044090521)
(0.58436323 0.01714355 -0.045270824)
(0.64459837 0.0071241759 -0.045669513)
(0.64875772 0.0087019242 -0.046630732)
(0.65230652 0.010256847 -0.047744422)
(0.71450828 -0.00030785668 -0.048055741)
(0.71892882 0.00097011542 -0.049115984)
(0.72251169 0.0024314933 -0.049998502)
(0.78664849 -0.0087321978 -0.050560617)
(0.7909273 -0.0074250599 -0.051350832)
(0.79461003 -0.0062191194 -0.052149415)
(0.8601426 -0.017890316 -0.052883678)
(0.86449825 -0.016897587 -0.053499579)
(0.86832527 -0.015817221 -0.054198545)
(0.93513206 -0.02790653 -0.055190193)
(0.93950707 -0.027073463 -0.055600753)
(0.94339652 -0.02603926 -0.056089036)
(1.0108949 -0.038739562 -0.057377303)
(1.0151873 -0.037738153 -0.05744991)
(1.0191592 -0.036847427 -0.058001284)
(1.0873541 -0.050259097 -0.059402786)
(1.0916044 -0.04942969 -0.059521934)
(1.0958501 -0.048607492 -0.059596188)
(-0.0021271351 -3.2667142e-05 -0.00074165846)
(-0.0012478322 0.0011618476 -0.00047672324)
(-0.00040638846 0.0010183175 9.4178679e-05)
(0.0053529032 -0.000158682 -0.0029613249)
(0.0069352496 0.0010840402 -0.0024916065)
(0.0072096743 0.0018624975 -0.0027297181)
(0.016559181 -0.00074030537 -0.0046513162)
(0.018644216 0.00090331397 -0.0038233272)
(0.019064922 0.0028041788 -0.0041077084)
(0.032731433 -0.0014475455 -0.007233043)
(0.035465052 0.00078224118 -0.0066742276)
(0.035964331 0.0023378572 -0.0069271217)
(0.053892915 -0.0023283013 -0.010020214)
(0.056733922 -4.0012692e-05 -0.0093067743)
(0.057619179 0.0026479454 -0.0099924935)
(0.079567863 -0.0036678535 -0.013272305)
(0.082994542 -0.0010198611 -0.012810249)
(0.084051495 0.0015204867 -0.013147726)
(0.11018386 -0.0053296455 -0.016809159)
(0.11366668 -0.0027621523 -0.016249907)
(0.11510163 0.00018825508 -0.016607709)
(0.145175 -0.0076959174 -0.020411824)
(0.1489355 -0.0049018206 -0.019853891)
(0.15054703 -0.0019489823 -0.020342492)
(0.1845287 -0.010509509 -0.02409405)
(0.18844451 -0.0078435121 -0.023685126)
(0.19049596 -0.0048877924 -0.024062168)
(0.2281415 -0.014057591 -0.027830471)
(0.2323517 -0.011480261 -0.02732006)
(0.23440626 -0.0083884515 -0.027799452)
(0.27592161 -0.018343612 -0.031417235)
(0.27995986 -0.015749663 -0.031073965)
(0.28250778 -0.012974941 -0.031521724)
(0.32734454 -0.023324383 -0.03495272)
(0.3317244 -0.021001951 -0.034675746)
(0.33428596 -0.01815929 -0.03500229)
(0.38253398 -0.029066648 -0.038408752)
(0.38690773 -0.026834321 -0.038024655)
(0.38966705 -0.024344999 -0.038447227)
(0.44108585 -0.035617004 -0.041602079)
(0.44556396 -0.033710172 -0.041318462)
(0.4484859 -0.031323431 -0.041662669)
(0.50284205 -0.042954374 -0.044638767)
(0.50728482 -0.041181083 -0.044315596)
(0.51042864 -0.03903088 -0.044752384)
(0.56745877 -0.051065853 -0.047470507)
(0.57200238 -0.049515566 -0.047273991)
(0.57519126 -0.047576684 -0.047587003)
(0.63469434 -0.059903725 -0.050101312)
(0.63915912 -0.058538442 -0.049831744)
(0.64258596 -0.056832951 -0.050230742)
(0.70426771 -0.069474316 -0.052555087)
(0.70878516 -0.06822473 -0.052418411)
(0.71228314 -0.06669067 -0.052765724)
(0.77587294 -0.079705608 -0.054791184)
(0.78032917 -0.078509798 -0.054795366)
(0.78392324 -0.077161491 -0.055042119)
(0.84915013 -0.09037104 -0.056921762)
(0.85347363 -0.089299217 -0.057032109)
(0.85738783 -0.088220243 -0.057291773)
(0.92380787 -0.10156723 -0.059148033)
(0.92835601 -0.10052553 -0.059211754)
(0.93209172 -0.099501658 -0.059322164)
(0.99933281 -0.11312454 -0.061144647)
(1.0036274 -0.11211926 -0.061229054)
(1.0076004 -0.11131461 -0.061526925)
(1.0760088 -0.12486935 -0.063316182)
(1.0805299 -0.12399629 -0.063360726)
(1.0845836 -0.12301275 -0.063553253)
(-0.0017741832 -0.0025148547 -0.0026005025)
(-0.0017052831 -0.0024454463 0.00016310582)
(-0.0010129171 -0.0019775662 0.0012860796)
(0.0068003017 -0.0082812014 -0.0044418707)
(0.0082910381 -0.0061498396 -0.0023016543)
(0.0077689996 -0.0053022812 -0.00060038878)
(0.016757192 -0.013475967 -0.0069562402)
(0.018450517 -0.012731651 -0.0045053133)
(0.018877198 -0.010862394 -0.0023927759)
(0.03313369 -0.019331788 -0.0096854874)
(0.03500755 -0.016644779 -0.0074908173)
(0.035888233 -0.014587169 -0.0054909358)
(0.05352485 -0.024744349 -0.012828072)
(0.056062343 -0.022757088 -0.010593414)
(0.057058329 -0.020015574 -0.0088062536)
(0.078965818 -0.030841081 -0.016403215)
(0.081544947 -0.028175085 -0.014393075)
(0.08321683 -0.025255262 -0.012396201)
(0.10889253 -0.037216809 -0.020083653)
(0.11191195 -0.03435035 -0.017866126)
(0.11369926 -0.031364687 -0.016233113)
(0.14319747 -0.043753228 -0.02385677)
(0.14638318 -0.04098931 -0.021964956)
(0.14862125 -0.037835623 -0.020177244)
(0.18196131 -0.05098458 -0.027750473)
(0.18543346 -0.048071584 -0.025847861)
(0.18788891 -0.044846547 -0.024193415)
(0.22480519 -0.058529763 -0.031597389)
(0.22842242 -0.055676154 -0.029805544)
(0.23118294 -0.052709017 -0.028149682)
(0.27165994 -0.066584505 -0.035405033)
(0.27553342 -0.064037203 -0.033644564)
(0.27855589 -0.060926296 -0.032144071)
(0.32244921 -0.075313323 -0.038950352)
(0.32641689 -0.072718693 -0.037384026)
(0.32956591 -0.069972606 -0.0359518)
(0.3767729 -0.084457553 -0.04251407)
(0.38083351 -0.082180127 -0.041003951)
(0.38422689 -0.079538779 -0.039585838)
(0.43458231 -0.094258413 -0.045747239)
(0.43872336 -0.092078822 -0.044328356)
(0.44227173 -0.089685154 -0.04311332)
(0.49554332 -0.10454141 -0.048842688)
(0.49971969 -0.10257539 -0.047566996)
(0.50346409 -0.10043683 -0.046421634)
(0.55944227 -0.11530331 -0.051666525)
(0.56369901 -0.11360006 -0.05053616)
(0.56748542 -0.1116156 -0.049508532)
(0.62599783 -0.12661365 -0.054363721)
(0.63023053 -0.12496149 -0.053309075)
(0.63419651 -0.12327452 -0.052441842)
(0.69487781 -0.13813751 -0.056858063)
(0.69925896 -0.13688037 -0.055968308)
(0.70323801 -0.13526862 -0.055193157)
(0.76594862 -0.15022689 -0.059108901)
(0.77020213 -0.14890639 -0.058375134)
(0.77427456 -0.14755157 -0.057764382)
(0.8385662 -0.16233061 -0.061336134)
(0.84310119 -0.16123247 -0.060783411)
(0.84717295 -0.16002548 -0.060214314)
(0.91278079 -0.17460389 -0.063441121)
(0.91726075 -0.17370718 -0.062944402)
(0.92127681 -0.17257262 -0.062568124)
(0.98823477 -0.18705566 -0.065322864)
(0.99266003 -0.18618773 -0.065113196)
(0.99686191 -0.18501954 -0.064866752)
(1.0643558 -0.19932296 -0.067329855)
(1.0687103 -0.19828174 -0.067233145)
(1.0729097 -0.19748243 -0.067298466)
)
;

boundaryField
{
    free
    {
        type            calculated;
    }
    bottom
    {
        type            calculated;
    }
    traction
    {
        type            calculated;
    }
}


// ************************************************************************* //
