/*--------------------------------*- C++ -*----------------------------------*\
  =========                 |
  \\      /  F ield         | OpenFOAM: The Open Source CFD Toolbox
   \\    /   O peration     | Website:  https://openfoam.org
    \\  /    A nd           | Version:  6
     \\/     M anipulation  |
\*---------------------------------------------------------------------------*/
FoamFile
{
    version     2.0;
    format      ascii;
    class       pointVectorField;
    location    "4.59984034313753831";
    object      u;
}
// * * * * * * * * * * * * * * * * * * * * * * * * * * * * * * * * * * * * * //

dimensions      [0 1 0 0 0 0 0];

internalField   nonuniform List<vector> 
625
(
(0 0 0)
(0 0 0)
(2.9433669 -0.50152536 0.073773866)
(2.7043982 -1.1482559 0.032542948)
(0 0 0)
(0 0 0)
(2.7291325 -1.1832143 0.030429462)
(2.9677231 -0.5368503 0.072406919)
(0 0 0)
(0 0 0)
(0 0 0)
(2.8829048 -0.66370564 0.062625755)
(2.8232913 -0.82424247 0.053102514)
(2.7643328 -0.9854763 0.042641393)
(0.0085176433 0.029607175 0.028211115)
(0.03136743 0.062783413 0.030027546)
(0.074528647 0.091755381 0.033699575)
(0.13429444 0.11712445 0.034682805)
(0.20819665 0.13573175 0.036301401)
(0.29764373 0.14943364 0.03800628)
(0.3973401 0.15516984 0.039603942)
(0.50853625 0.15531058 0.041515941)
(0.62904092 0.14816414 0.043746683)
(0.75742115 0.13473088 0.04541176)
(0.89301402 0.11548475 0.047726275)
(1.0345319 0.089937319 0.049384264)
(1.1812193 0.059435216 0.051521767)
(1.3320702 0.02375082 0.053454047)
(1.4864331 -0.016227571 0.055458464)
(1.6437143 -0.060412131 0.057296886)
(1.8029629 -0.10770892 0.059444459)
(1.9642211 -0.15835628 0.061302251)
(2.1265381 -0.21175934 0.06324374)
(2.2895056 -0.26685002 0.065334926)
(2.4530985 -0.32398542 0.067334914)
(2.6167212 -0.381866 0.06947148)
(2.7798547 -0.44128664 0.071959575)
(-0.007183204 -0.025681414 -0.036699887)
(0.017259099 -0.050031411 -0.030632255)
(0.049073449 -0.083499635 -0.036020381)
(0.10024225 -0.11523677 -0.030881414)
(0.15931627 -0.14625818 -0.030063874)
(0.2350715 -0.18440194 -0.02683357)
(0.31729057 -0.2193341 -0.024779172)
(0.4131662 -0.26038993 -0.020914168)
(0.51606634 -0.30303074 -0.018698776)
(0.62851102 -0.34722233 -0.015016989)
(0.74826955 -0.39557603 -0.011932106)
(0.8750492 -0.44512565 -0.0083328148)
(1.0079265 -0.4975903 -0.0049921296)
(1.1462405 -0.55177436 -0.0014798754)
(1.2894602 -0.60786659 0.0019574222)
(1.4367723 -0.66536904 0.0054285332)
(1.5878961 -0.72427961 0.0089602013)
(1.7416644 -0.78399341 0.012147463)
(1.8985708 -0.84450038 0.015835788)
(2.0570288 -0.9052089 0.01906604)
(2.2174267 -0.96634193 0.022600092)
(2.3789123 -1.0271531 0.025784557)
(2.5413091 -1.0877639 0.028940764)
(0 0 0)
(0 0 0)
(0 0 0)
(0.005728026 -0.016829323 0.024849536)
(0.025694256 -0.068366319 0.028894097)
(0.064325289 -0.086249963 0.023189304)
(0.11319178 -0.12293357 0.01940628)
(0.17907031 -0.16533013 0.020231052)
(0.25319029 -0.19538061 0.015349926)
(0.33818679 -0.24075547 0.017069727)
(0.43395693 -0.28034521 0.015035606)
(0.53818503 -0.32539995 0.014740917)
(0.65104064 -0.37241526 0.014667096)
(0.77131624 -0.42173719 0.014474297)
(0.89835754 -0.47311902 0.015132885)
(1.0314782 -0.52683992 0.015352709)
(1.1701491 -0.58226555 0.015984905)
(1.3134177 -0.63921627 0.016813355)
(1.4609028 -0.69779326 0.017769244)
(1.6120221 -0.75720403 0.018839527)
(1.7661426 -0.81760728 0.02009482)
(1.9227964 -0.87854414 0.021521006)
(2.0815974 -0.93971765 0.023022976)
(2.2418688 -1.0011048 0.024712449)
(2.4036416 -1.0620843 0.026579924)
(2.5657636 -1.1229508 0.028614764)
(2.7891208 -1.0206938 0.040904793)
(2.8476199 -0.85936639 0.051753521)
(2.9070728 -0.69933193 0.062632754)
(2.8044323 -0.47651501 0.068761584)
(2.6407067 -0.41695612 0.065507995)
(2.4770737 -0.35877309 0.062029186)
(2.3132618 -0.30104442 0.058242793)
(2.1499407 -0.24526149 0.054465837)
(1.9873568 -0.19143519 0.050455203)
(1.8259766 -0.14005455 0.046459762)
(1.6662277 -0.091547143 0.042201497)
(1.5086131 -0.046517323 0.037963462)
(1.3538938 -0.0051573888 0.033511369)
(1.2024483 0.031631284 0.028996345)
(1.0551709 0.064072191 0.023928733)
(0.9131337 0.090742113 0.019795604)
(0.7767709 0.11203641 0.014746253)
(0.64729425 0.12740447 0.009840829)
(0.52586759 0.13641876 0.0049182861)
(0.41359495 0.13948678 -0.00039632335)
(0.31130166 0.13508368 -0.0044664979)
(0.22265522 0.12483418 -0.010113635)
(0.14427453 0.10704036 -0.01315225)
(0.083526054 0.086586026 -0.019482887)
(0.03628465 0.057544948 -0.021375814)
(0.018118303 0.02840865 -0.017821919)
(0 0 0)
(0 0 0)
(0 0 0)
(0 0 0)
(0 0 0)
(0 0 0)
(2.7103309 -1.1572551 0.031652267)
(2.7166012 -1.1662379 0.031618144)
(2.7225304 -1.1749177 0.03096199)
(2.9500633 -0.51015524 0.073440723)
(2.9560851 -0.51906159 0.072987701)
(2.962331 -0.527729 0.072623111)
(-0.0054268018 0.017712842 0.020181899)
(0.018881175 0.035875635 0.016063501)
(0.059211336 0.050671356 0.018722205)
(0.11649627 0.061710423 0.019254231)
(0.18817873 0.068172816 0.020973743)
(0.27385486 0.069285413 0.022452008)
(0.37047999 0.064341584 0.024495905)
(0.47831485 0.054290345 0.026549394)
(0.59497436 0.038109502 0.028496856)
(0.71978554 0.016854282 0.030802237)
(0.85193069 -0.0097705442 0.033020179)
(0.99040838 -0.041764223 0.035255269)
(1.1340647 -0.07789948 0.037560958)
(1.2822152 -0.11857575 0.039775331)
(1.434205 -0.16283188 0.042122575)
(1.5893385 -0.21059495 0.044308177)
(1.7469326 -0.26117715 0.046742898)
(1.9066909 -0.31424377 0.048861091)
(2.0679912 -0.36964287 0.051211085)
(2.2300863 -0.42638717 0.053635777)
(2.3932252 -0.48458366 0.055886366)
(2.5564017 -0.54346544 0.058329224)
(2.7196709 -0.60372195 0.060807724)
(-0.012897042 0.0043264998 -0.00038170415)
(0.012826155 0.0050536386 -0.0022382587)
(0.050149957 0.0068405325 0.00070712997)
(0.10460043 0.0049863073 0.0017558879)
(0.17405196 -0.0029474808 0.003822015)
(0.25575523 -0.013098332 0.0059830685)
(0.3487387 -0.028614137 0.008157552)
(0.45260166 -0.048827769 0.010489231)
(0.56510147 -0.073222445 0.01295173)
(0.68663346 -0.10291794 0.015873904)
(0.81473741 -0.13626341 0.017932424)
(0.94974304 -0.17441557 0.021012957)
(1.0899924 -0.21606976 0.023541211)
(1.2353157 -0.26125196 0.026261454)
(1.3845812 -0.30965886 0.028995343)
(1.5374302 -0.36070442 0.031535045)
(1.6930838 -0.41431541 0.034463779)
(1.8511471 -0.46958954 0.03681246)
(2.0108795 -0.52671055 0.039775043)
(2.1720111 -0.58495634 0.042412909)
(2.3343784 -0.64430699 0.044946827)
(2.4971327 -0.70420096 0.047760132)
(2.6606742 -0.7645209 0.050293739)
(-0.015604765 -0.011315459 -0.014448707)
(0.0098962961 -0.021312426 -0.013286989)
(0.043859812 -0.033301352 -0.014879051)
(0.098178431 -0.049865362 -0.012975067)
(0.16332423 -0.071054248 -0.011522227)
(0.24131141 -0.091929853 -0.0095870655)
(0.33113543 -0.1201737 -0.0071332946)
(0.4301821 -0.14927827 -0.0047057177)
(0.53933776 -0.18343159 -0.0018392789)
(0.65598466 -0.22104061 0.00078925839)
(0.78072789 -0.26151899 0.0036283072)
(0.91185722 -0.30623977 0.0067422021)
(1.0486751 -0.35320823 0.0095232437)
(1.1907897 -0.40339704 0.012646051)
(1.3371063 -0.45584691 0.015608485)
(1.4874526 -0.5105632 0.018632947)
(1.640718 -0.56693063 0.02169082)
(1.7969629 -0.62477926 0.024611187)
(1.9552291 -0.68386136 0.027722755)
(2.1153653 -0.74374415 0.030536858)
(2.2766558 -0.80430886 0.033580175)
(2.4387927 -0.86475753 0.03657255)
(2.601547 -0.92537728 0.039529728)
(0 0 0)
(0 0 0)
(0 0 0)
(0 0 0)
(0 0 0)
(0 0 0)
(0 0 0)
(0 0 0)
(0 0 0)
(0.0086846723 -0.0094230863 -0.015982685)
(0.012716226 -0.013726776 -0.0060666502)
(0.012959038 -0.011447456 0.007420068)
(0.033430219 -0.060020419 -0.018340562)
(0.036009662 -0.063110956 -0.0054621063)
(0.038137526 -0.063424309 0.013078194)
(0.065353457 -0.08607922 -0.020915274)
(0.072268583 -0.085605863 -0.0066841465)
(0.074188552 -0.091603203 0.010782095)
(0.11344173 -0.11983818 -0.017390393)
(0.11991385 -0.1244901 -0.0057604137)
(0.11938466 -0.12369656 0.0080868327)
(0.17532115 -0.15601025 -0.017679186)
(0.18075607 -0.15868778 -0.0074714993)
(0.18421908 -0.1659634 0.0079249686)
(0.24656293 -0.19004457 -0.016316888)
(0.25449522 -0.19536041 -0.00467165)
(0.25673354 -0.19727907 0.0059199963)
(0.3311936 -0.22941921 -0.013652939)
(0.33773116 -0.23588107 -0.0054725288)
(0.34026535 -0.23792261 0.0074396614)
(0.42465758 -0.26977447 -0.012379209)
(0.43168437 -0.27355952 -0.0037109424)
(0.43521508 -0.28105998 0.0067058771)
(0.52763647 -0.31189179 -0.009887252)
(0.53475436 -0.31977569 -0.0023614158)
(0.5384159 -0.32397116 0.0071018384)
(0.63946302 -0.35792587 -0.0075367406)
(0.64635133 -0.36402157 -0.0008704176)
(0.65043768 -0.3702291 0.0078558195)
(0.75837298 -0.40516479 -0.0053065144)
(0.76553595 -0.41300183 0.0010924466)
(0.76989723 -0.41914974 0.008343503)
(0.88475837 -0.45610081 -0.0024187162)
(0.89171105 -0.46293475 0.0024779283)
(0.89642387 -0.46958633 0.0097735322)
(1.0171957 -0.507633 0.00013858275)
(1.0240032 -0.51558284 0.0050436324)
(1.0286467 -0.52289604 0.010652743)
(1.1550225 -0.56236649 0.0030669292)
(1.1617272 -0.57035688 0.0069304657)
(1.1668641 -0.5776602 0.011924933)
(1.2977723 -0.61813987 0.0057278751)
(1.3044993 -0.62635979 0.0091457272)
(1.3096596 -0.63395537 0.013419639)
(1.4447686 -0.67570794 0.0086411612)
(1.4513224 -0.68405493 0.011430368)
(1.4567012 -0.69197337 0.014923414)
(1.5953229 -0.73431744 0.011459295)
(1.6019186 -0.74285781 0.013697043)
(1.6073829 -0.75095316 0.016582412)
(1.7491384 -0.79372743 0.014279995)
(1.7555557 -0.80260112 0.016071361)
(1.761175 -0.81080686 0.018335678)
(1.9053562 -0.85426287 0.017314459)
(1.9118379 -0.86293557 0.018571903)
(1.9175099 -0.87132921 0.020234637)
(2.0639023 -0.9146817 0.020095934)
(2.0702008 -0.92363495 0.021022365)
(2.0759799 -0.93215807 0.022162629)
(2.2239228 -0.97572498 0.023081607)
(2.2301993 -0.98453381 0.023680379)
(2.2361476 -0.99306883 0.02425317)
(2.3853262 -1.0363159 0.025955799)
(2.3915545 -1.0452465 0.026157031)
(2.3974808 -1.0540105 0.026352669)
(2.5474047 -1.0970089 0.028834449)
(2.5535804 -1.1057805 0.028724245)
(2.559783 -1.1145228 0.028719218)
(2.8896143 -0.67252222 0.06292233)
(2.8957132 -0.68127859 0.062683503)
(2.9017602 -0.69014284 0.062542167)
(2.8292739 -0.83308159 0.052813936)
(2.8357239 -0.84200738 0.052319177)
(2.8414609 -0.85070123 0.051942059)
(2.7704398 -0.99467264 0.042172546)
(2.7767961 -1.0036264 0.041774443)
(2.7827628 -1.0121239 0.041497093)
(0.02126607 0.025234638 0.015151218)
(0.022883785 0.025738581 0.0044653554)
(0.025227842 0.026802501 -0.0048280716)
(0.044909165 0.05731878 0.015566719)
(0.046009076 0.05838897 0.0047184409)
(0.046948872 0.057055456 -0.010641084)
(0.088393298 0.087657028 0.020351367)
(0.09094487 0.087412607 0.0067862562)
(0.093395563 0.087262714 -0.0062958423)
(0.14608695 0.11151711 0.021191329)
(0.15133662 0.10945552 0.0093781016)
(0.1521675 0.10809011 -0.0036154602)
(0.22204582 0.13041127 0.023715439)
(0.22624016 0.12817049 0.01272398)
(0.22817319 0.1275889 0.00089098166)
(0.30894157 0.14313892 0.026184314)
(0.31433601 0.13866461 0.016061623)
(0.31736073 0.13635794 0.0046553455)
(0.40962598 0.14799784 0.0286406)
(0.41495826 0.14416797 0.01947858)
(0.41769714 0.14122841 0.0083294578)
(0.52009012 0.14713012 0.031291158)
(0.52527858 0.14271231 0.022723469)
(0.52912119 0.13936872 0.012796427)
(0.63990693 0.13980895 0.03418804)
(0.64578494 0.13474762 0.026049576)
(0.64958532 0.13056571 0.017078481)
(0.76797268 0.12612276 0.036938678)
(0.77391947 0.12046509 0.029553923)
(0.77799766 0.11588009 0.021349794)
(0.90291874 0.10671069 0.040060866)
(0.90926855 0.10012939 0.032693719)
(0.91357984 0.094695894 0.025827993)
(1.0444529 0.080827855 0.042331516)
(1.0502852 0.073965886 0.037025279)
(1.0548378 0.068665426 0.029174871)
(1.1904375 0.049994326 0.045193115)
(1.1965177 0.042944862 0.039538379)
(1.201478 0.03733068 0.033721142)
(1.3410638 0.0144094 0.047749393)
(1.3471432 0.0070604007 0.043149262)
(1.3522532 0.00052341832 0.037738918)
(1.4950209 -0.02568702 0.050532255)
(1.5011794 -0.033423336 0.046286805)
(1.5063517 -0.040195236 0.041598669)
(1.6519606 -0.069731613 0.052977039)
(1.6580143 -0.077699836 0.049438502)
(1.6633997 -0.084836394 0.045386182)
(1.8109686 -0.11731453 0.055773335)
(1.8171231 -0.1253301 0.052638971)
(1.822648 -0.13289966 0.049165802)
(1.9716977 -0.16770463 0.058207275)
(1.9779818 -0.17615405 0.055577276)
(1.9835184 -0.18388534 0.052690602)
(2.1338797 -0.22080145 0.06072785)
(2.1399537 -0.22934343 0.058634349)
(2.1456696 -0.23731118 0.056308915)
(2.2965845 -0.27597952 0.063275511)
(2.3028401 -0.28449179 0.061568591)
(2.3085688 -0.29281681 0.059692689)
(2.4600568 -0.33276699 0.065748804)
(2.4660925 -0.34174021 0.064393715)
(2.4719101 -0.35001374 0.063181177)
(2.6231923 -0.39108396 0.068311625)
(2.6294267 -0.39975956 0.067406067)
(2.6354174 -0.40828176 0.06641338)
(2.7868705 -0.44999778 0.071122661)
(2.7928118 -0.45893082 0.07028372)
(2.7989417 -0.46767774 0.069688356)
(0.0010663556 0.0086581624 -0.011204709)
(0.026212962 0.036588498 -0.012198266)
(0.067563563 0.040726033 -0.0061849509)
(0.1281543 0.052601757 -0.0059188872)
(0.20190577 0.055342515 -0.0024130527)
(0.28874237 0.053596866 0.0014908821)
(0.38708537 0.047245688 0.0042955115)
(0.49552555 0.034229398 0.0080721004)
(0.61354854 0.016366735 0.011584138)
(0.73915574 -0.0070709819 0.015309363)
(0.87234533 -0.035380129 0.018715037)
(1.011055 -0.068487105 0.022639137)
(1.1551181 -0.10640064 0.025884675)
(1.3038443 -0.14836229 0.029746434)
(1.4562522 -0.19364246 0.033031604)
(1.6116882 -0.24235584 0.036530571)
(1.7696575 -0.29388792 0.039932875)
(1.9296298 -0.34769768 0.043195072)
(2.0910512 -0.4035013 0.046514017)
(2.2535549 -0.46097162 0.049646876)
(2.4167993 -0.51951758 0.052825896)
(2.580187 -0.57886655 0.055949455)
(2.7439038 -0.63914386 0.05910481)
(-0.0092654611 0.0050163165 0.0014024802)
(0.018951344 0.0063065665 0.0019129664)
(0.059956833 -0.00096953356 0.0027537332)
(0.11944373 -0.0039024792 0.0033643059)
(0.18859359 -0.013906832 0.0043314544)
(0.27332295 -0.027686811 0.0063931877)
(0.36688712 -0.045524882 0.0082368755)
(0.47218549 -0.067694871 0.010294358)
(0.58579314 -0.094888619 0.012516506)
(0.70791612 -0.12584424 0.014866394)
(0.83675246 -0.161734 0.017394259)
(0.97227354 -0.20083746 0.019701756)
(1.1128533 -0.24435821 0.02247588)
(1.2586479 -0.29069191 0.024977617)
(1.4082004 -0.34013766 0.027461651)
(1.5612251 -0.39239833 0.030193328)
(1.7170873 -0.44662409 0.032767639)
(1.8752815 -0.50283391 0.035382811)
(2.0352121 -0.56055701 0.038092747)
(2.1965582 -0.61937385 0.040660492)
(2.359058 -0.67896 0.043511083)
(2.5216667 -0.73905272 0.046066245)
(2.6855321 -0.79994995 0.048775922)
(-0.012700866 -0.010517497 0.012292116)
(0.02069561 -0.015824433 0.0095661141)
(0.058563966 -0.045227493 0.016061393)
(0.11213298 -0.052188612 0.010992435)
(0.18144615 -0.081170699 0.013277425)
(0.26077209 -0.10688625 0.01281606)
(0.35098256 -0.13394116 0.013280581)
(0.45212407 -0.16816062 0.013955755)
(0.56149626 -0.2039392 0.014830357)
(0.67908585 -0.24356296 0.015991094)
(0.80425691 -0.2864232 0.016952318)
(0.93539968 -0.33257382 0.018507739)
(1.0727939 -0.38112567 0.019817616)
(1.2150057 -0.4328353 0.021316796)
(1.3614485 -0.48635627 0.022989236)
(1.5118367 -0.54208472 0.024681537)
(1.6653385 -0.59940735 0.026464493)
(1.8214819 -0.65800312 0.028310948)
(1.9797984 -0.71770535 0.030258766)
(2.1398581 -0.77800813 0.032317855)
(2.3011328 -0.83873492 0.034437171)
(2.4633786 -0.89969607 0.036457524)
(2.6261358 -0.96032076 0.038971803)
(0.0046834435 0.0086008154 0.0094496397)
(0.0045560107 0.0096228038 0.003715576)
(0.0073752646 0.0091423307 -0.0024448288)
(0.031355959 0.034108042 0.0079029403)
(0.035433323 0.033682603 0.0010136295)
(0.03488263 0.032261509 -0.0074233053)
(0.072529018 0.046259059 0.010267219)
(0.075205038 0.04306254 0.0040454833)
(0.077188521 0.043023836 -0.0019884127)
(0.12908628 0.056785349 0.011262407)
(0.13544192 0.055998492 0.0054204066)
(0.13515269 0.052606683 -0.00057363347)
(0.20166279 0.06274559 0.013250339)
(0.2062418 0.058899323 0.0078490717)
(0.20847449 0.056156564 0.0031979285)
(0.28600701 0.062031578 0.015281612)
(0.29169189 0.05905081 0.010879493)
(0.29397339 0.055443141 0.0046390337)
(0.38260362 0.056895865 0.018195995)
(0.38895815 0.052832938 0.012766905)
(0.39112454 0.048807265 0.0087802925)
(0.48971753 0.04644296 0.020164164)
(0.49558048 0.04161156 0.016144086)
(0.49851739 0.036959371 0.011441628)
(0.60597525 0.029582044 0.023146935)
(0.61227068 0.024528457 0.01913276)
(0.6156462 0.019318057 0.015061834)
(0.73044743 0.0083698734 0.025546676)
(0.73676972 0.0021323691 0.02189204)
(0.74022662 -0.0035968396 0.018294446)
(0.86223542 -0.019080486 0.028232259)
(0.86849883 -0.025649358 0.025272956)
(0.87253294 -0.031226802 0.021889098)
(0.99995575 -0.050973649 0.031069764)
(1.0065085 -0.057818692 0.027911353)
(1.0105785 -0.064187092 0.024909276)
(1.1433069 -0.087365396 0.033727775)
(1.1496234 -0.094430631 0.031002953)
(1.1541445 -0.10103361 0.028359343)
(1.2910062 -0.12800015 0.036474957)
(1.2974815 -0.13534991 0.034158791)
(1.3020687 -0.14264915 0.031607432)
(1.4426637 -0.17227402 0.039092602)
(1.4489645 -0.18018497 0.036990197)
(1.4538565 -0.18743698 0.034898291)
(1.5973813 -0.22005564 0.041859909)
(1.6038028 -0.227941 0.039997208)
(1.6088253 -0.23564875 0.038097446)
(1.7548259 -0.27052515 0.044324413)
(1.7610269 -0.27880979 0.042896622)
(1.7662643 -0.28672566 0.041259684)
(1.9140359 -0.32356622 0.047155598)
(1.9204187 -0.3321137 0.045722318)
(1.9257595 -0.34013829 0.044389789)
(2.0750561 -0.37877751 0.049764605)
(2.0813158 -0.38723827 0.048617982)
(2.086804 -0.39555209 0.047483655)
(2.2370131 -0.43539258 0.052312178)
(2.2432284 -0.44418824 0.051482462)
(2.2488584 -0.45264888 0.050476727)
(2.3998842 -0.49353291 0.054904612)
(2.4060699 -0.50241713 0.054284762)
(2.4118559 -0.51097544 0.053513661)
(2.5628982 -0.55255984 0.057561506)
(2.5690564 -0.56135181 0.05727525)
(2.5749202 -0.56996285 0.056472724)
(2.7261609 -0.61242683 0.060343044)
(2.7322744 -0.62126391 0.05996029)
(2.738339 -0.6301395 0.059631833)
(-0.0037584518 0.0016181448 -0.0015788234)
(-0.0021148006 0.0039934222 -0.0017138754)
(0.00014742922 0.0028190435 0.0010308123)
(0.023471145 0.0051805714 -0.004159885)
(0.027563762 0.0046951868 -0.0024315404)
(0.027327463 0.002766628 -0.00093100693)
(0.063289504 0.0026121076 -0.0012508179)
(0.068236848 0.00074919538 0.0022326703)
(0.068680377 0.00057294302 0.0015101098)
(0.11749799 -0.00039787965 -0.00028193651)
(0.12427608 -0.0029607133 0.0011684925)
(0.12371686 -0.0065104827 0.0012939196)
(0.187002 -0.0079960343 0.001875016)
(0.19277201 -0.012317896 0.0045094937)
(0.19349738 -0.013344819 0.0027902285)
(0.26745725 -0.019627295 0.0042511682)
(0.27481509 -0.024160215 0.005647985)
(0.27587885 -0.027418302 0.0051552954)
(0.36080031 -0.035395066 0.0060031702)
(0.36734744 -0.041468945 0.0076640884)
(0.36906608 -0.044587825 0.0069539227)
(0.46390142 -0.056597818 0.0088665061)
(0.47078925 -0.06232599 0.010656822)
(0.47281764 -0.066081176 0.0093983426)
(0.57606321 -0.081371932 0.011342612)
(0.58278423 -0.088239536 0.012270056)
(0.58588244 -0.092921791 0.011513788)
(0.69688787 -0.11131699 0.014000861)
(0.70405322 -0.11848958 0.015401168)
(0.70688014 -0.12295126 0.014159431)
(0.82497497 -0.1455458 0.016872256)
(0.8313603 -0.15255131 0.017555613)
(0.83525366 -0.1583112 0.016591572)
(0.95924153 -0.18345857 0.019602294)
(0.96620158 -0.19132246 0.02016746)
(0.97001595 -0.19687904 0.01935073)
(1.0993567 -0.22541275 0.022306156)
(1.1060031 -0.23315999 0.023020353)
(1.1100547 -0.2395518 0.022008234)
(1.2440998 -0.27063705 0.025083183)
(1.2506917 -0.27897298 0.02548059)
(1.2551723 -0.28565266 0.024738751)
(1.3931219 -0.31910256 0.0278963)
(1.3996421 -0.32742239 0.028336875)
(1.4043852 -0.33447395 0.02730768)
(1.5455289 -0.3702177 0.030645501)
(1.5520465 -0.37878064 0.030791109)
(1.5569193 -0.38609512 0.0300736)
(1.7008798 -0.42364108 0.033435967)
(1.7072648 -0.43230617 0.033644391)
(1.7124024 -0.44002403 0.032803931)
(1.8585287 -0.47911198 0.036238617)
(1.8649573 -0.48783691 0.036201652)
(1.8702804 -0.49572102 0.035454635)
(2.0181056 -0.53622354 0.039074507)
(2.0245077 -0.54491485 0.038864399)
(2.0299013 -0.55302299 0.03825392)
(2.1791169 -0.59440805 0.041896537)
(2.1853774 -0.60307654 0.041480218)
(2.1910992 -0.61157757 0.040921705)
(2.3411222 -0.65358967 0.044475863)
(2.3476115 -0.66245357 0.044203969)
(2.3531883 -0.6709109 0.043754596)
(2.5036821 -0.71329346 0.047296149)
(2.5098838 -0.72196295 0.046933073)
(2.5156544 -0.73070293 0.046331763)
(2.6670039 -0.77350591 0.049868569)
(2.673362 -0.782388 0.04957588)
(2.6793617 -0.79103146 0.049128123)
(-0.0054957436 -0.0064155963 -0.0078296709)
(-0.0055396689 -0.0071843077 0.0016169279)
(-0.0027437268 -0.0071395633 0.0061264234)
(0.024960955 -0.021773518 -0.0076833507)
(0.030019032 -0.017077512 -0.0006092248)
(0.029117295 -0.019930807 0.0057533658)
(0.059097658 -0.03609799 -0.0084164868)
(0.064083768 -0.042489388 -0.00034035236)
(0.065573298 -0.043340288 0.0068606946)
(0.11323666 -0.056563589 -0.0081907543)
(0.11744891 -0.055291495 -0.0012409837)
(0.11985314 -0.058475274 0.0056481715)
(0.17770394 -0.075730699 -0.0058683185)
(0.18365204 -0.080838494 0.00091801093)
(0.18656726 -0.082279352 0.0065239255)
(0.25554952 -0.10029064 -0.0053084866)
(0.26076525 -0.10368307 0.00029476996)
(0.26469585 -0.10745898 0.0061509742)
(0.34436875 -0.12820268 -0.0028230405)
(0.3505894 -0.13246861 0.0033145423)
(0.35404515 -0.1359703 0.0076878599)
(0.44297095 -0.15804047 -0.00078649967)
(0.44868864 -0.16364152 0.0038186483)
(0.45332495 -0.16777308 0.0083181397)
(0.551352 -0.19313885 0.0014618712)
(0.55771051 -0.19849371 0.0059939039)
(0.56226734 -0.20318222 0.0098814224)
(0.66766728 -0.23064519 0.003914383)
(0.67376582 -0.23675482 0.0078169908)
(0.6786445 -0.24229925 0.011459626)
(0.79151511 -0.27163254 0.0063137878)
(0.79788077 -0.27868743 0.0099087411)
(0.80314778 -0.28412641 0.012931973)
(0.92216336 -0.31645121 0.0091278741)
(0.92846967 -0.32327517 0.01211786)
(0.93363957 -0.32965182 0.014787398)
(1.0584188 -0.36349008 0.011550462)
(1.0646105 -0.37106542 0.014149642)
(1.0701619 -0.3776294 0.016692436)
(1.1999752 -0.41379496 0.014353359)
(1.2062663 -0.42136342 0.016691408)
(1.2118864 -0.42843022 0.018555667)
(1.3459009 -0.4662062 0.017038187)
(1.3520957 -0.47416371 0.018884687)
(1.3579118 -0.48154058 0.020569217)
(1.4957023 -0.52076668 0.019804481)
(1.5019282 -0.52896937 0.021331861)
(1.507753 -0.53649289 0.022685422)
(1.6487057 -0.57716002 0.022511782)
(1.6548859 -0.58536051 0.02380263)
(1.6608972 -0.59334685 0.024803373)
(1.8044351 -0.63473485 0.025249995)
(1.8106647 -0.64348479 0.026202149)
(1.8166756 -0.65140628 0.026986601)
(1.9624296 -0.69381673 0.028095568)
(1.9685764 -0.70229434 0.028740066)
(1.9746495 -0.71053633 0.029274251)
(2.121959 -0.75326729 0.030844298)
(2.128359 -0.76216958 0.031210998)
(2.1343692 -0.77055613 0.031616045)
(2.283069 -0.81344032 0.033602714)
(2.2893153 -0.8224003 0.033844231)
(2.2953168 -0.8308117 0.034024187)
(2.4450634 -0.87401105 0.036556594)
(2.4512747 -0.88295141 0.036487551)
(2.457489 -0.89142578 0.036468663)
(2.6076306 -0.93445242 0.039315356)
(2.613882 -0.94321011 0.039149433)
(2.6199375 -0.95201437 0.038804834)
)
;

boundaryField
{
    free
    {
        type            calculated;
    }
    bottom
    {
        type            calculated;
    }
    traction
    {
        type            calculated;
    }
}


// ************************************************************************* //
