/*--------------------------------*- C++ -*----------------------------------*\
  =========                 |
  \\      /  F ield         | OpenFOAM: The Open Source CFD Toolbox
   \\    /   O peration     | Website:  https://openfoam.org
    \\  /    A nd           | Version:  6
     \\/     M anipulation  |
\*---------------------------------------------------------------------------*/
FoamFile
{
    version     2.0;
    format      ascii;
    class       pointVectorField;
    location    "3.499959330856806";
    object      u;
}
// * * * * * * * * * * * * * * * * * * * * * * * * * * * * * * * * * * * * * //

dimensions      [0 1 0 0 0 0 0];

internalField   nonuniform List<vector> 
625
(
(0 0 0)
(0 0 0)
(0.21917912 0.034765301 0.030179861)
(0.21638904 -0.039530856 0.039305867)
(0 0 0)
(0 0 0)
(0.20727301 -0.041513572 0.038744583)
(0.20997846 0.032467015 0.030022886)
(0 0 0)
(0 0 0)
(0 0 0)
(0.21821387 0.01530995 0.031538295)
(0.21700541 -0.00226257 0.034697455)
(0.21657831 -0.019915956 0.036799214)
(0.001233811 0.0019152446 0.0013146819)
(0.0020113863 0.0041123977 0.0017374095)
(0.0033817122 0.0058982871 0.0030780086)
(0.0052402493 0.0080258876 0.0045154521)
(0.0077460271 0.0096198642 0.0062741072)
(0.010820538 0.011542178 0.0082840305)
(0.01461107 0.01297474 0.010373522)
(0.018965417 0.014645294 0.012536549)
(0.024161972 0.016092526 0.014721207)
(0.030016431 0.017563506 0.016806613)
(0.036755934 0.019113695 0.018833633)
(0.044386973 0.02057303 0.020611718)
(0.052920174 0.022153668 0.022335602)
(0.062536896 0.023752282 0.02381114)
(0.07314837 0.025406939 0.025120802)
(0.084956114 0.027004768 0.026251284)
(0.097975106 0.028820923 0.027073152)
(0.11196956 0.030394772 0.027997556)
(0.12744568 0.03187512 0.02851614)
(0.14381332 0.03325512 0.029075685)
(0.16137311 0.0343185 0.029533145)
(0.17973303 0.035280738 0.029873233)
(0.19861483 0.035340785 0.030437677)
(-0.0007337711 0.00035832693 -7.5432313e-05)
(0.00047348361 0.00039080279 0.0013082998)
(0.0016850435 4.9079931e-05 0.0025631569)
(0.0041700399 -0.00046118386 0.0049889001)
(0.0066095914 -0.00092476369 0.0070308253)
(0.010182104 -0.0020384033 0.0096777769)
(0.013922502 -0.0028580645 0.01214832)
(0.018646329 -0.004321242 0.014833853)
(0.023827703 -0.0058003354 0.017266962)
(0.029829041 -0.0074411661 0.019741135)
(0.036599092 -0.0094346143 0.021966453)
(0.044152302 -0.011484736 0.024103143)
(0.052666474 -0.013772286 0.025997813)
(0.062089564 -0.016213595 0.027677846)
(0.072584624 -0.018770569 0.029194528)
(0.084104593 -0.021403452 0.030488524)
(0.096845939 -0.024173207 0.031708494)
(0.11062313 -0.026897019 0.03266097)
(0.12574494 -0.029599627 0.033739597)
(0.1417635 -0.032151557 0.034665688)
(0.15911531 -0.034634237 0.035710413)
(0.17727869 -0.036654996 0.036696049)
(0.19626049 -0.038344924 0.037738497)
(0 0 0)
(0 0 0)
(0 0 0)
(0.00048304837 -0.00096061009 0.0011445326)
(0.00076595238 -0.0041594448 0.0030208087)
(0.0012645182 -0.0047983244 0.0045176973)
(0.0023277387 -0.0069049602 0.0067229741)
(0.0043649466 -0.0087044975 0.0092978088)
(0.0066077917 -0.0098496461 0.011609136)
(0.009844194 -0.011591501 0.01454849)
(0.013570435 -0.012793838 0.017122737)
(0.018100495 -0.01428253 0.019886086)
(0.023395438 -0.015581167 0.02245253)
(0.029582831 -0.017141545 0.024907834)
(0.036605708 -0.018543098 0.027250194)
(0.044655976 -0.020241926 0.02930889)
(0.053715272 -0.021937823 0.031180204)
(0.063854363 -0.023805078 0.03281582)
(0.075160822 -0.025826647 0.034230053)
(0.087661213 -0.027948304 0.035415077)
(0.10136298 -0.03015133 0.036387311)
(0.11627525 -0.032463969 0.037210659)
(0.13242436 -0.034706095 0.037802723)
(0.14961886 -0.036931412 0.038329991)
(0.16796376 -0.038758815 0.038616764)
(0.18693518 -0.040656338 0.038915037)
(0.20764405 -0.021960653 0.036533193)
(0.2077475 -0.0046092875 0.034609202)
(0.20897243 0.012665503 0.032923808)
(0.18967716 0.033204039 0.02834127)
(0.17044358 0.032775829 0.027392688)
(0.15240902 0.031725807 0.026549308)
(0.13485607 0.030646014 0.025575451)
(0.11866977 0.028931126 0.024803455)
(0.10358949 0.027056018 0.023933112)
(0.08975033 0.024933914 0.023138962)
(0.077110759 0.022707987 0.022171748)
(0.065668361 0.020382788 0.021176691)
(0.055374343 0.018087199 0.020008562)
(0.046158279 0.015768129 0.018659263)
(0.03792841 0.013626221 0.017134876)
(0.030703344 0.011494295 0.015532408)
(0.024323572 0.0095359837 0.013663135)
(0.018787313 0.0077475257 0.011750074)
(0.014003403 0.0061010553 0.0097411005)
(0.0099340531 0.004695021 0.0076560885)
(0.0065797975 0.0033939573 0.0057508456)
(0.003818008 0.0023679563 0.0037702754)
(0.0016829446 0.0014035358 0.0021808131)
(0.0002534361 0.00084753529 0.00063689554)
(-0.00083943208 0.00023905345 -0.00036066639)
(-0.00069503791 7.4760667e-05 -0.0007186523)
(0 0 0)
(0 0 0)
(0 0 0)
(0 0 0)
(0 0 0)
(0 0 0)
(0.21409753 -0.040301251 0.038856012)
(0.21200934 -0.040940985 0.039211495)
(0.20958946 -0.041633852 0.038924913)
(0.21728355 0.034764068 0.030164499)
(0.21489518 0.033931985 0.030102558)
(0.21265311 0.033630387 0.029945457)
(0.00025443027 0.0014231656 0.0015137804)
(0.001205648 0.003155033 0.0019183553)
(0.0025295507 0.0045175553 0.0034163608)
(0.0044429939 0.0059622492 0.0048011486)
(0.0069951392 0.0071168811 0.0067687579)
(0.010083926 0.0082730885 0.0087760885)
(0.013860459 0.0091627554 0.011004872)
(0.018282163 0.010084367 0.013205464)
(0.023425877 0.01079001 0.015447486)
(0.029294538 0.01154642 0.01758531)
(0.035975253 0.012188911 0.019625448)
(0.043571144 0.012786096 0.021531215)
(0.052077585 0.01340615 0.023257137)
(0.061619237 0.013980589 0.024771796)
(0.072179537 0.014525005 0.026144979)
(0.083943282 0.015098101 0.027255163)
(0.096773728 0.015604164 0.028288906)
(0.11088645 0.016152267 0.029092804)
(0.12631109 0.016506017 0.029767724)
(0.14265877 0.016740908 0.030448698)
(0.16030911 0.016885295 0.03086517)
(0.17871212 0.016868099 0.031295768)
(0.19812803 0.015940443 0.031806633)
(-0.00030639627 0.0012078564 0.0009189686)
(0.00086056611 0.0021430387 0.0017508852)
(0.0020672331 0.0030846712 0.0032061081)
(0.0040618567 0.003947041 0.0048065708)
(0.0067580958 0.0043562654 0.006886765)
(0.0098727801 0.0049154477 0.0089899374)
(0.013745011 0.005088451 0.01128021)
(0.018188904 0.0052526929 0.013589956)
(0.023356959 0.0052572427 0.015879612)
(0.029296382 0.0051034197 0.018109201)
(0.035928526 0.0049625361 0.020208202)
(0.043550322 0.0045639244 0.022172517)
(0.052012761 0.0042363786 0.023901275)
(0.061488041 0.0038196126 0.025515852)
(0.072035467 0.0033153077 0.026925237)
(0.0836767 0.0028568742 0.028116106)
(0.096525317 0.002273479 0.029250614)
(0.11050084 0.0018147258 0.030097636)
(0.12563716 0.0011362408 0.031038899)
(0.14191383 0.00051436238 0.031819511)
(0.15951218 -0.00012069578 0.03244027)
(0.17800946 -0.00095116635 0.033318156)
(0.1976095 -0.0015522267 0.033890075)
(-0.00062902547 0.00086013207 0.00051204592)
(0.00049095426 0.0012336801 0.001864025)
(0.0016437323 0.001756316 0.003020515)
(0.0039293598 0.0019175884 0.0050756623)
(0.0065044735 0.0017648647 0.0071417505)
(0.00967729 0.0017528743 0.0093913388)
(0.013682871 0.0011159036 0.011903315)
(0.018051974 0.00070401107 0.014248076)
(0.023332489 -0.00015435316 0.016742188)
(0.029206773 -0.001108511 0.019020238)
(0.035909235 -0.0020828196 0.021192172)
(0.043528431 -0.0033750999 0.023218682)
(0.051947511 -0.0046112144 0.025042064)
(0.061448148 -0.0060567869 0.026710813)
(0.071902146 -0.0075371027 0.02814336)
(0.083538362 -0.0090766874 0.02943167)
(0.096231201 -0.010658304 0.030526705)
(0.11018999 -0.012174308 0.031546407)
(0.1253249 -0.013797686 0.032433758)
(0.1417157 -0.015181461 0.033213071)
(0.15921168 -0.0167433 0.034063451)
(0.17760627 -0.017898293 0.034866215)
(0.19691379 -0.019055488 0.035810092)
(0 0 0)
(0 0 0)
(0 0 0)
(0 0 0)
(0 0 0)
(0 0 0)
(0 0 0)
(0 0 0)
(0 0 0)
(-0.00019438887 -2.4548989e-05 -0.00015165982)
(0.00017031321 -0.00034399375 5.7868103e-05)
(0.0003131097 -0.00029849981 0.00033549956)
(0.00093223503 -0.0012252217 0.0015287144)
(0.00095055329 -0.0019036534 0.0016896051)
(0.001116896 -0.0024237856 0.0022304595)
(0.0020754901 -0.001479692 0.0028781769)
(0.0021078851 -0.0023363769 0.0031731074)
(0.0019344696 -0.0033908912 0.0039556082)
(0.0041041359 -0.0023872456 0.0052982814)
(0.00371009 -0.0037152842 0.0056269316)
(0.0031807373 -0.0046847801 0.0061306131)
(0.0066517003 -0.0032843885 0.0075474261)
(0.0060817656 -0.0046972888 0.0078028765)
(0.0055435565 -0.0065239762 0.0086280171)
(0.0096569928 -0.0041503936 0.010104207)
(0.0089602616 -0.0059420761 0.010585669)
(0.0079664047 -0.0074327078 0.011123459)
(0.013580244 -0.0054852037 0.012822952)
(0.012579558 -0.0074107252 0.013233028)
(0.011334507 -0.0089294146 0.014007818)
(0.017847812 -0.0066523025 0.01542758)
(0.016631286 -0.0083115444 0.015874479)
(0.015447295 -0.010382963 0.016613804)
(0.023032625 -0.0081445657 0.018051981)
(0.021759863 -0.010213811 0.018606717)
(0.020162548 -0.01184638 0.019372241)
(0.028865641 -0.009721891 0.020552017)
(0.027288094 -0.011411846 0.021101043)
(0.025666302 -0.013238854 0.021936869)
(0.035413317 -0.011494284 0.022824095)
(0.033910431 -0.013296773 0.02362082)
(0.032026169 -0.014957556 0.024353441)
(0.043048318 -0.013484458 0.025091551)
(0.041179354 -0.014952951 0.025680411)
(0.039229551 -0.016528389 0.026699219)
(0.051382011 -0.015479736 0.026972297)
(0.049541631 -0.016990362 0.027792424)
(0.047420629 -0.018467699 0.028690076)
(0.060829152 -0.017813188 0.028777088)
(0.058826669 -0.019104895 0.029551074)
(0.056641551 -0.020388655 0.030523706)
(0.071207624 -0.020123314 0.030270349)
(0.069184423 -0.021294774 0.031116456)
(0.066873326 -0.022442207 0.032135313)
(0.082749794 -0.022660273 0.031617344)
(0.08061987 -0.023644654 0.032503254)
(0.078256584 -0.024680756 0.033507902)
(0.095351392 -0.025184885 0.032812327)
(0.09320523 -0.026094053 0.033633972)
(0.090796897 -0.027012075 0.034684632)
(0.10912541 -0.027727106 0.033768364)
(0.1069785 -0.028614304 0.034654542)
(0.10451739 -0.02938523 0.035655954)
(0.12405851 -0.030447008 0.034788217)
(0.12188278 -0.031099539 0.035544457)
(0.11939037 -0.031821281 0.036503377)
(0.14011727 -0.032834803 0.03554905)
(0.13795843 -0.033569785 0.036288534)
(0.13545795 -0.034217749 0.037155791)
(0.15727709 -0.035296896 0.036396994)
(0.1550581 -0.035916027 0.037090015)
(0.15252854 -0.036446865 0.037758166)
(0.17532578 -0.037267755 0.03720191)
(0.17317127 -0.037892155 0.037698864)
(0.17077999 -0.038574962 0.038170987)
(0.19422825 -0.039183767 0.038053033)
(0.1919226 -0.039717291 0.038283636)
(0.18956768 -0.040232396 0.038598587)
(0.2163962 0.015163197 0.03227852)
(0.21397818 0.014586606 0.032366892)
(0.21172622 0.01399786 0.032513278)
(0.21459595 -0.0028833438 0.034746023)
(0.21268352 -0.0034398632 0.034597627)
(0.21004565 -0.0041220878 0.034547852)
(0.21456481 -0.020722654 0.036701714)
(0.21246264 -0.021273332 0.03674218)
(0.20991124 -0.021721531 0.036737638)
(0.0013466806 0.0014597627 0.00042534417)
(0.00064010334 0.00086250511 -0.00022790258)
(0.00032119758 0.00033311379 -0.00054931471)
(0.0017871448 0.0028731027 0.00089354454)
(0.0010782784 0.0019910858 0.00047527762)
(0.00037481814 0.0012319813 -0.00021875892)
(0.0031138662 0.0047671567 0.0022981839)
(0.0022426703 0.0034382275 0.0015846007)
(0.0015297596 0.0022599081 0.0010227248)
(0.0048049906 0.0062595001 0.0037139843)
(0.0040490142 0.004571555 0.0030676363)
(0.0031059752 0.0030725405 0.0024537076)
(0.0073254268 0.0078804183 0.0055193747)
(0.0063348892 0.0059803214 0.0049082823)
(0.0052604663 0.0043726839 0.0042709617)
(0.010252437 0.0094221541 0.0075743667)
(0.0092130836 0.0073605781 0.0069234814)
(0.0081867695 0.005386529 0.0062397326)
(0.01397263 0.01090692 0.0096811537)
(0.012933371 0.0087149723 0.0090364443)
(0.011650624 0.0067806637 0.0082655408)
(0.018323096 0.012450399 0.011841602)
(0.017068412 0.010305254 0.01121261)
(0.015804152 0.0082490819 0.010382001)
(0.023382711 0.013994793 0.014047346)
(0.022127861 0.011842391 0.013304829)
(0.020750306 0.0097739384 0.012502936)
(0.029240808 0.015507168 0.016103716)
(0.027893839 0.013471012 0.015417969)
(0.026382567 0.011495824 0.014459693)
(0.035879778 0.017216622 0.018158)
(0.034469274 0.015263414 0.017218704)
(0.032897702 0.013269557 0.016415919)
(0.043472682 0.018830904 0.01989164)
(0.041946627 0.017022631 0.019195514)
(0.040246435 0.01519809 0.01801979)
(0.052010048 0.020562573 0.021567488)
(0.05036607 0.018893953 0.020674713)
(0.048591044 0.017281967 0.019637326)
(0.061520764 0.022336916 0.022983877)
(0.059819318 0.020870376 0.022151786)
(0.057990288 0.019329338 0.02102482)
(0.072125333 0.02416596 0.02428903)
(0.070345046 0.022860121 0.023376631)
(0.068392517 0.021456922 0.022202742)
(0.083870459 0.026033444 0.025314875)
(0.082001314 0.024807832 0.02441253)
(0.079941595 0.023644517 0.023215273)
(0.09677519 0.02780902 0.026236507)
(0.094735304 0.026889211 0.02534431)
(0.092682784 0.025738092 0.024165997)
(0.11069782 0.029624707 0.026987056)
(0.1088216 0.02869618 0.026113872)
(0.10658499 0.027737142 0.024915809)
(0.12606522 0.03126788 0.02762217)
(0.1239453 0.03043667 0.026830529)
(0.12165619 0.029608614 0.025720879)
(0.14228698 0.032706131 0.028231622)
(0.14017703 0.032084216 0.027435413)
(0.13787546 0.031233689 0.026382548)
(0.15977518 0.034010376 0.028700619)
(0.15766924 0.033171303 0.027978678)
(0.15518926 0.032554506 0.027236149)
(0.17797384 0.034581352 0.029147862)
(0.1758073 0.034031102 0.028697867)
(0.17337539 0.033423323 0.028047726)
(0.19716197 0.035439859 0.029900545)
(0.19473953 0.034572641 0.029346069)
(0.19256598 0.03401432 0.02908103)
(-0.0006751236 -3.5056557e-05 7.6133946e-05)
(-0.00093463899 -4.8722269e-06 0.00061671471)
(2.1938271e-05 -0.0005336823 0.0020079545)
(0.001407682 -0.0002419916 0.003454709)
(0.0034179974 -4.1008278e-05 0.0052501568)
(0.0061617769 0.00037736763 0.00728386)
(0.009384347 0.0010273174 0.0093811827)
(0.013343254 0.0017603977 0.011524176)
(0.018077669 0.0026441936 0.013693173)
(0.023488393 0.0036782245 0.015738982)
(0.029805416 0.0048343789 0.017707413)
(0.036945932 0.0060533658 0.019487947)
(0.045077576 0.007227612 0.021121271)
(0.054235672 0.0084961033 0.02265446)
(0.064473882 0.0097928748 0.023899792)
(0.075849247 0.010950357 0.025075477)
(0.088448364 0.012019647 0.026094453)
(0.10227571 0.012965723 0.027002947)
(0.11730932 0.013724367 0.027862657)
(0.13359734 0.014184596 0.028647938)
(0.15103148 0.014361428 0.029502203)
(0.16937275 0.014300525 0.030418879)
(0.18882814 0.013582819 0.031457616)
(-0.0010324748 -0.00065869811 0.00058275077)
(-0.00049484282 -0.0014356396 0.0016553064)
(0.00018865209 -0.0024155984 0.0030235093)
(0.0016213213 -0.0026962722 0.0046708522)
(0.0035113137 -0.003137285 0.0065727111)
(0.0061040376 -0.0034418474 0.008882204)
(0.0092320882 -0.0034348002 0.011045212)
(0.013166055 -0.0034488898 0.013451168)
(0.017764543 -0.003333336 0.015719799)
(0.023131714 -0.0030066537 0.017944656)
(0.029372372 -0.0029049281 0.020072684)
(0.036457902 -0.0024303261 0.022009751)
(0.044526734 -0.002274755 0.023854743)
(0.053664916 -0.0018907773 0.025404792)
(0.06386523 -0.0016651725 0.026820309)
(0.075245827 -0.0015477963 0.02805307)
(0.087822412 -0.0014435732 0.029137955)
(0.10164707 -0.0014942299 0.030040852)
(0.11671156 -0.0016972574 0.030906231)
(0.13299716 -0.0020480908 0.031605773)
(0.15049671 -0.0024021803 0.032416512)
(0.16887526 -0.0031386663 0.033007971)
(0.18884719 -0.0038514789 0.033732037)
(-0.00071887283 -0.0011948519 0.0012685076)
(3.3878329e-05 -0.0025165949 0.0022418988)
(0.00057491865 -0.0043881652 0.0040466994)
(0.0016821234 -0.0046194588 0.0056605404)
(0.0036237339 -0.0061761288 0.0080295373)
(0.0061755879 -0.006873378 0.010288812)
(0.0091554406 -0.0075175845 0.012789443)
(0.013098404 -0.0082954349 0.015278636)
(0.017615534 -0.0088222204 0.01774192)
(0.022937095 -0.009464177 0.020181464)
(0.029136797 -0.0099413886 0.02241437)
(0.03618057 -0.010603209 0.024590815)
(0.044217966 -0.011115331 0.026487682)
(0.053338308 -0.01185552 0.028230195)
(0.063462763 -0.012588121 0.02977896)
(0.074816292 -0.013429013 0.031098955)
(0.087367404 -0.014381659 0.032267586)
(0.10112944 -0.015419295 0.033216761)
(0.11615296 -0.016556219 0.034077334)
(0.13242076 -0.017725165 0.034772368)
(0.14975 -0.018902928 0.03541106)
(0.16837044 -0.020091798 0.035831189)
(0.18754461 -0.020988532 0.036469998)
(0.00044509383 0.00054765628 0.00055482438)
(-1.3682704e-05 0.00034785203 4.8299283e-05)
(-0.00016583799 0.00016174003 -0.00010528695)
(0.00110362 0.0022607533 0.0013032496)
(0.00072012544 0.0014184741 0.0008679735)
(8.3161622e-05 0.00068444402 0.00062606164)
(0.0023953671 0.0032196958 0.0027449976)
(0.0016287787 0.0018844788 0.0022705469)
(0.0011417207 0.00092285739 0.0019715202)
(0.0041677607 0.0042763142 0.0041865506)
(0.0035690753 0.002826434 0.0038007496)
(0.0027139697 0.0012929995 0.00358525)
(0.0066502458 0.005281139 0.0061961794)
(0.0057279425 0.0034189561 0.0057563472)
(0.0048155749 0.001778508 0.005531491)
(0.0096489962 0.0061289244 0.0082210297)
(0.0086416765 0.0042689153 0.0078876629)
(0.0076846466 0.0023754906 0.0074299268)
(0.013327218 0.0070006427 0.010534679)
(0.01229796 0.0049793522 0.0099673236)
(0.01109506 0.0030481838 0.0097621284)
(0.017683524 0.0078951811 0.012711087)
(0.016407011 0.0058722462 0.012305548)
(0.015181947 0.0038085204 0.011862194)
(0.022742075 0.0086208621 0.015025111)
(0.021431854 0.006624243 0.014514026)
(0.020067912 0.004631259 0.014132365)
(0.028547618 0.0095150152 0.017113988)
(0.027120713 0.0075242619 0.016627348)
(0.025623501 0.0055185479 0.016195738)
(0.035186392 0.010223879 0.019173567)
(0.033651582 0.008355572 0.018731397)
(0.032055188 0.0065827264 0.018253319)
(0.042690357 0.011009361 0.021080502)
(0.041097773 0.0093301298 0.020511478)
(0.039348684 0.0075271132 0.020012983)
(0.051165006 0.01179234 0.022792223)
(0.049428226 0.01021451 0.022227307)
(0.047638029 0.0086803303 0.021713965)
(0.060606483 0.012530729 0.024307022)
(0.058817637 0.01120133 0.023742035)
(0.056918158 0.0096607478 0.023208953)
(0.071129243 0.013325831 0.025635666)
(0.069269133 0.012044239 0.025056066)
(0.067256521 0.010788774 0.024496659)
(0.082806682 0.014027648 0.026788177)
(0.080853298 0.012998444 0.026168366)
(0.078760016 0.01182043 0.025655916)
(0.095628717 0.014777625 0.027693519)
(0.093543878 0.013796515 0.027201259)
(0.091415026 0.012762396 0.026627279)
(0.10949861 0.015384006 0.028617934)
(0.10757173 0.014468373 0.028013784)
(0.10529499 0.013591844 0.027527728)
(0.12479462 0.015852637 0.029279455)
(0.12267484 0.015166412 0.028826767)
(0.1203274 0.014353944 0.028312692)
(0.14100189 0.016274094 0.029949419)
(0.13890659 0.015536477 0.029509434)
(0.13656427 0.014781477 0.029024332)
(0.15850225 0.016461681 0.030444178)
(0.15640563 0.01567806 0.030161679)
(0.15396629 0.015067922 0.029840917)
(0.17687977 0.01628473 0.031015792)
(0.17462402 0.015788765 0.031018086)
(0.1721787 0.01511732 0.030588068)
(0.19607969 0.015725217 0.031689651)
(0.19377183 0.015094609 0.031647311)
(0.19149342 0.014449595 0.031635233)
(-3.7404626e-05 0.00035768013 0.00028212019)
(-0.00031602747 0.00021470683 4.9289214e-05)
(-0.00050057703 3.0329517e-05 5.7683135e-05)
(0.00071710373 0.0012832173 0.001239124)
(0.0004730134 0.00047038123 0.0011918481)
(0.00012594502 -4.175983e-05 0.0013136741)
(0.0020778088 0.0015306747 0.0027928429)
(0.0017106904 0.00040819882 0.0028574479)
(0.0011331521 -0.0005803938 0.0027811252)
(0.0038271784 0.0021510681 0.004450247)
(0.0033962447 0.00054735919 0.0044540625)
(0.0026054344 -0.00092794191 0.0044244707)
(0.006437005 0.0024175834 0.0065929316)
(0.0056974773 0.00056105584 0.0066618845)
(0.0047108107 -0.00080115477 0.0064488674)
(0.0093186501 0.0027305429 0.0087702962)
(0.0085610045 0.00076227787 0.0088047338)
(0.0075461365 -0.0010973077 0.0087446185)
(0.013126664 0.0029173658 0.011049378)
(0.012163692 0.00071671146 0.01111581)
(0.010879736 -0.0010639593 0.011024809)
(0.017430851 0.0029714382 0.013450828)
(0.016336286 0.00090257865 0.013606504)
(0.014927551 -0.00099032191 0.013433784)
(0.022467923 0.0030630015 0.015760598)
(0.02125005 0.00088252974 0.015807209)
(0.019772575 -0.0010510296 0.015736603)
(0.028276529 0.0029968526 0.018013693)
(0.027012611 0.00096760833 0.018201336)
(0.025265938 -0.00078911934 0.01802205)
(0.034932701 0.0028907277 0.020177085)
(0.033395805 0.00098545618 0.020250836)
(0.031680302 -0.00081122161 0.020110122)
(0.042383679 0.0027916153 0.022126847)
(0.040873977 0.00099088209 0.022226176)
(0.038938934 -0.00059132937 0.022121516)
(0.05084096 0.002594465 0.023866529)
(0.049161511 0.00095353616 0.024050841)
(0.047143759 -0.0005565029 0.023901533)
(0.060223202 0.0023509189 0.025482618)
(0.058507327 0.00086088826 0.025618485)
(0.056363786 -0.00046220636 0.02552472)
(0.070734409 0.0020862223 0.026890004)
(0.068897959 0.00075697191 0.027082246)
(0.066715553 -0.00042632301 0.026895979)
(0.082304464 0.0017475448 0.02808238)
(0.080467425 0.0005757485 0.028230127)
(0.078102256 -0.00045560211 0.028125997)
(0.09506957 0.0013739405 0.029182632)
(0.093098807 0.00032848085 0.029375203)
(0.090768648 -0.00060711455 0.029210887)
(0.10900839 0.00094014391 0.030085423)
(0.10704474 2.8173448e-05 0.030240061)
(0.1045994 -0.00076890551 0.030092201)
(0.12418205 0.0003598397 0.030997885)
(0.12211689 -0.00038394535 0.031066797)
(0.11959917 -0.001085436 0.030958151)
(0.14046199 -0.0001032049 0.031813243)
(0.13825476 -0.00080333742 0.031780656)
(0.13592313 -0.0015329623 0.031671569)
(0.15790282 -0.00075147416 0.032437991)
(0.15585046 -0.0013080124 0.032478746)
(0.15323757 -0.0019679016 0.032466101)
(0.17616593 -0.0014819807 0.033250399)
(0.17388754 -0.002046592 0.033232169)
(0.17145479 -0.0027843267 0.033018146)
(0.19558063 -0.0020919555 0.033832235)
(0.1935192 -0.0026729194 0.033862417)
(0.19104309 -0.0031933415 0.033762222)
(-0.00036521171 -2.6982013e-05 0.00017435592)
(-0.00038860782 -0.00013351804 0.0004295375)
(-0.00031244573 -0.00040668876 0.00049632971)
(0.00076849519 4.9256111e-05 0.0016828598)
(0.00067615777 -0.00018248242 0.001617388)
(0.00053904181 -0.0013115405 0.0019565149)
(0.0017895977 0.00014551864 0.0030331442)
(0.0016084317 -0.0012187056 0.0033098047)
(0.0013202818 -0.0025626846 0.0034859173)
(0.0039054898 -0.00013956165 0.004982689)
(0.0032654 -0.0011444133 0.0050657385)
(0.0028331654 -0.002968108 0.00534544)
(0.0062585763 -0.00029765696 0.0072469862)
(0.0056541649 -0.0020969995 0.0074856265)
(0.0049470518 -0.0038187639 0.0077297222)
(0.0093590448 -0.0007085185 0.0094772546)
(0.0083982287 -0.0022809458 0.0096604732)
(0.0076084585 -0.0045592279 0.0099107017)
(0.013114406 -0.0012621175 0.012105597)
(0.01214766 -0.0031209002 0.01238315)
(0.010961971 -0.0052152865 0.012580274)
(0.017379558 -0.0017441682 0.014508252)
(0.016110896 -0.0036330636 0.014763943)
(0.014911698 -0.0058711187 0.015005174)
(0.022554483 -0.0025748126 0.017064993)
(0.021220013 -0.0043575916 0.017329635)
(0.019762774 -0.0065163746 0.017557105)
(0.028297408 -0.0033032934 0.019403195)
(0.026767917 -0.0051181131 0.019675014)
(0.025174763 -0.0072623363 0.019973831)
(0.034912725 -0.0042095075 0.02162392)
(0.033340913 -0.0059345688 0.021984446)
(0.031589922 -0.0078906667 0.02222589)
(0.042423648 -0.0052813256 0.023705605)
(0.040688303 -0.0068501187 0.024065705)
(0.038777475 -0.0087312089 0.024373148)
(0.050778698 -0.0063473064 0.025568108)
(0.048955757 -0.0078293213 0.02594489)
(0.046945874 -0.0094910367 0.026294857)
(0.060206891 -0.0075949354 0.027258452)
(0.058279025 -0.0088742825 0.02768487)
(0.056171754 -0.010382277 0.028002107)
(0.070631816 -0.0088661427 0.02871498)
(0.068627603 -0.010027366 0.02913782)
(0.066454403 -0.011390577 0.029496884)
(0.082191087 -0.010216253 0.030001212)
(0.080136523 -0.011279836 0.030434429)
(0.077837651 -0.012386155 0.030816403)
(0.094912246 -0.011657001 0.031104592)
(0.092716585 -0.012510636 0.031554802)
(0.090464614 -0.013558588 0.031937565)
(0.10873944 -0.01305201 0.03201778)
(0.10664176 -0.013943853 0.032492523)
(0.10425781 -0.01474774 0.032872251)
(0.12387148 -0.014580829 0.032901206)
(0.12156242 -0.015255005 0.033360896)
(0.11922447 -0.016010905 0.033710167)
(0.13996264 -0.015989311 0.033647047)
(0.13787244 -0.016630293 0.034045156)
(0.13547917 -0.017309685 0.034425425)
(0.15724851 -0.017338564 0.034332873)
(0.15512621 -0.018038519 0.034783846)
(0.15259642 -0.018634373 0.035043066)
(0.17564168 -0.018702624 0.03519101)
(0.17346649 -0.019311985 0.035423879)
(0.17109564 -0.019733632 0.035666568)
(0.19471065 -0.019761323 0.03593178)
(0.19247638 -0.020203219 0.03607243)
(0.19013336 -0.020902963 0.036072239)
)
;

boundaryField
{
    free
    {
        type            calculated;
    }
    bottom
    {
        type            calculated;
    }
    traction
    {
        type            calculated;
    }
}


// ************************************************************************* //
