/*--------------------------------*- C++ -*----------------------------------*\
  =========                 |
  \\      /  F ield         | OpenFOAM: The Open Source CFD Toolbox
   \\    /   O peration     | Website:  https://openfoam.org
    \\  /    A nd           | Version:  6
     \\/     M anipulation  |
\*---------------------------------------------------------------------------*/
FoamFile
{
    version     2.0;
    format      ascii;
    class       pointScalarField;
    location    "4.39993707241143461";
    object      p;
}
// * * * * * * * * * * * * * * * * * * * * * * * * * * * * * * * * * * * * * //

dimensions      [1 -1 -2 0 0 0 0];

internalField   nonuniform List<scalar> 
625
(
1112603.9
-1739245.2
11123.051
15978.95
2126484.9
-3388403.8
11998.316
1036.798
858308.48
-158561.2
-135688.5
-10794.391
4790.9332
9155.4222
477653.35
509356.14
525878.06
505412.57
460266.01
454485.47
408971.12
382130.49
363106.74
329813.34
303232.05
267196.97
242937.07
214021.61
187148.38
162802.31
139567.82
113318.27
93779.944
74223.777
54360.048
36728.638
25724.554
-598165.64
-473940.83
-536169.37
-445893.91
-418541.28
-414805.46
-351049.4
-341628.25
-311126.02
-279035.49
-258010.43
-223212.81
-203368.79
-173548.16
-152525.48
-128148.15
-105301.08
-87951.12
-66878.943
-53683.303
-38799.727
-18949.785
-6506.8081
1174489.6
-214624.19
-324402.72
-619261.59
-743235.67
-547317.6
-507449.22
-592277.68
-429253.08
-490818.95
-432410.29
-384952.61
-357307.83
-322614.76
-289777.31
-259994.57
-225127.68
-195285.77
-167507.58
-137419.95
-112883.29
-88540.253
-63856.88
-41038.123
-26168.998
-3596.871
14893.865
454.81992
-1739.8865
24612.038
30663.185
50773.594
67089.701
91048.095
114082.6
139239.96
167296.02
191726.65
225196.99
258996.28
295633.98
314847.6
353908.99
383104.81
420334.77
453347.32
465778.51
561893.59
498198.67
638122.18
556378.24
596523.32
1190390.9
1219794.6
1124920.1
-1563394.4
-2105021.6
-2154769.5
20278.831
19521.084
21202.157
-2001.5121
4589.0132
-961.63695
272133.38
332183.33
318449.05
292998.81
277903.29
265090.13
243304.6
230161.74
212432.08
189364.14
170855.63
159647.42
143152.05
125439.86
112093.85
94481.094
81428.968
68212.94
50596.26
39191.101
27052.631
17452.498
15916.324
-107427.8
-82872.064
-90183.81
-43254.828
-63604.782
-36808.242
-43727.401
-34682.747
-28141.943
-23969.622
-19884.354
-14377.107
-13448.207
-8721.9603
-5182.5573
-3820.9165
3793.022
1564.5223
6499.5535
9720.0061
8994.1442
9578.4312
7744.7376
-427570.99
-286669.58
-332758.89
-262182.77
-301089.01
-244423.62
-248753.37
-214834.08
-193174.21
-178626.6
-158178.34
-141675.9
-124159.03
-106338.6
-90832.627
-74227.362
-60419.195
-49132.851
-33182.102
-26705.359
-15479.445
-10063.79
1950.5526
686390.66
728052.47
844958.68
-53040.546
-70273.9
-172960.7
-359344.5
-156453.88
-101902.7
-968318.07
-964708
-940325.84
-700372.54
-708642.55
-759252.55
-590809.81
-574051.41
-617583.85
-498879.55
-484493.88
-505380.51
-477897.04
-472414.24
-500679
-432225.28
-417791.72
-429611.94
-410897.45
-401556.15
-394203.1
-375700.1
-357013.28
-377083.71
-343066.68
-333526.58
-345625.18
-310215.85
-300316.53
-314457.21
-277305.62
-272744.74
-286592.96
-255136.1
-241311.5
-250762.02
-219652.35
-216545.27
-226560.67
-196698.94
-186675.07
-199395.98
-166618.67
-160913.48
-171070.58
-141510.05
-135966.27
-144879.86
-117020.04
-111961.54
-118851.07
-89535.116
-89706.431
-94400.209
-70549.722
-69513.313
-73081.573
-50090.132
-50396.437
-52084.409
-30267.324
-31025.476
-31293.892
-16448.022
-17527.966
-19238.712
-5880.1237
-2891.5599
-3732.7011
-11188.666
-14006.294
-13327.751
8743.4321
3936.8556
4974.1842
13995.928
15880.079
15422.418
611819.61
586631.02
650304.83
638129.19
523614.41
605202.43
602630.85
548727.87
598949.1
548498.91
488746.97
542303.68
526973.48
485272.54
509631.74
484583.3
438126.91
469611.36
458586.23
415819.82
439289.77
423228.12
378232.31
406719.11
392408.07
351609.92
373560.37
350362.74
323521.05
342580.9
318668.72
297358.33
310677.28
295675.93
265979.5
265078.09
259382.33
235775.78
244181.89
232098.36
208929.44
218873.5
201478.36
182858.71
188823.57
173815.42
156124.15
161361.49
141545.31
131569.4
136689.27
118311.07
110399.96
111405.74
93136.173
87433.27
88008.287
70546.974
66517.119
67554.894
49225.235
48696.741
48068.612
33616.847
34231.6
31739.197
25299.572
28488.026
26869.42
279689.6
374834.82
294389.22
330671.79
299576.72
285536.89
275994.74
246841.93
229441.87
204664.55
184431.79
168877.72
156361.07
130440.65
117419.18
99874.202
83239.737
69828.914
55872.515
45453.008
31083.092
24564.356
15038.93
-78151.669
26160.195
9012.0039
31847.667
49123.128
39995.326
35964.909
39923.689
34708.496
32437.377
32067.386
32765.553
23269.953
24492.563
24583.102
19964.58
19206.84
18522.09
15354.461
13118.915
12179.786
10298.806
11262.44
-269310.9
-170720.07
-334704.51
-253180.55
-270567.76
-279716.02
-241414.32
-228823.3
-214574.46
-195074.25
-176652.08
-165298
-144964.24
-128777.25
-111759.47
-96718.332
-81404.794
-65776.925
-52228.423
-41063.703
-26949.841
-12241.829
-9409.8814
407499.79
462936.55
414038.47
316622.93
430414.19
370938.32
269517.47
300163.69
322433.68
249099.36
318894.4
282312.72
254635.04
259956.3
269125.21
235446.29
259438.57
261017.83
206968.67
234928.34
234155.31
208569.84
222732.26
220136.77
177516.96
205298.54
200004.56
173454.51
185603.53
189492.88
160654.68
178231.34
161125.73
140907.71
143971.38
155438.98
126734.17
136678.4
137613.76
113265.96
121857.62
119374.96
99123.259
103730.33
101998.99
85556.153
88991.44
91524.159
72297.17
77203.542
75193.333
64584.054
61056.484
62661.77
48217.079
49141.883
49682.895
40263.034
39937.217
38503.724
27222.391
27863.163
28252.521
21285.523
20348.744
17875.383
1465.2764
7203.6993
7740.3684
-119830.9
-142934.06
-79092.789
-24560.977
-16715.196
-35857.037
-21911.12
-34456.358
-30863.393
-28695.853
-8170.6027
-46658.413
3018.7742
-5717.5097
-10435.373
-20636.012
4605.6921
-21463.077
7318.9608
9125.2246
-11906.416
-3157.339
11443.925
-13047.49
6571.3879
10203.282
-5951.2431
6525.3923
21141.255
-6566.219
14505.099
10474.528
-6261.6854
11563.927
14168.463
1154.6075
11946.91
20258.094
1848.1813
14820.168
17456.444
2023.1807
12274.151
19356.164
3184.9342
15319.869
18485.857
6521.6797
11459.44
19606.235
4940.0303
13236.13
16637.823
5248.8849
11261.545
14268.963
9384.5392
10303.854
14842.341
8580.368
10718.311
11748.546
9435.8496
11296.014
12312.172
7379.4517
12148.798
11505.602
10164.859
-353865.12
-439653.15
-355178.28
-316521.45
-244055.97
-298917.47
-273815.12
-384227.48
-328066.69
-342220.54
-279643.85
-341756.22
-269944.72
-313715.35
-295235.06
-256604.47
-274110.57
-292941.58
-241981.08
-261153.44
-276284.33
-213645.83
-248591.08
-250449.93
-202722.61
-218659.37
-231550.24
-183245.8
-205100.29
-213924.36
-161594.34
-184213.17
-191158.23
-145730.87
-163887.59
-171131.73
-123585.5
-149895.31
-151789.79
-110283.79
-128845.3
-133847.01
-92483.227
-112216.88
-116622.49
-79640.904
-94783.092
-99013.489
-64569.323
-78673.918
-83477.598
-50905.411
-63861.699
-67219.002
-39859.302
-48494.29
-50571.375
-29128.193
-35431.21
-37563.46
-21968.992
-24332.342
-27605.224
-5429.0344
-10957.853
-10882.804
-2583.0906
-6458.8933
-4230.7494
)
;

boundaryField
{
    free
    {
        type            calculated;
    }
    bottom
    {
        type            calculated;
    }
    traction
    {
        type            calculated;
    }
}


// ************************************************************************* //
