/*--------------------------------*- C++ -*----------------------------------*\
  =========                 |
  \\      /  F ield         | OpenFOAM: The Open Source CFD Toolbox
   \\    /   O peration     | Website:  https://openfoam.org
    \\  /    A nd           | Version:  6
     \\/     M anipulation  |
\*---------------------------------------------------------------------------*/
FoamFile
{
    version     2.0;
    format      ascii;
    class       pointVectorField;
    location    "1.40014894";
    object      u;
}
// * * * * * * * * * * * * * * * * * * * * * * * * * * * * * * * * * * * * * //

dimensions      [0 1 0 0 0 0 0];

internalField   nonuniform List<vector> 
625
(
(0 0 0)
(0 0 0)
(1.3340796 2.4017129e-05 0.045115498)
(1.2841146 -0.31159423 0.042609858)
(0 0 0)
(0 0 0)
(1.2846661 -0.31856108 0.041832457)
(1.3344634 -0.0072902994 0.044816897)
(0 0 0)
(0 0 0)
(0 0 0)
(1.321111 -0.078646741 0.043570632)
(1.3083526 -0.15543674 0.043810216)
(1.2963725 -0.23253107 0.043019723)
(0.0047420521 0.014368479 0.013487601)
(0.015400654 0.029960748 0.013672865)
(0.034637959 0.043592633 0.015453862)
(0.060706848 0.056787394 0.016037531)
(0.092797013 0.066974668 0.017170299)
(0.13125939 0.076698369 0.018454089)
(0.17417033 0.083284759 0.01996551)
(0.22189112 0.088930953 0.02154316)
(0.27379038 0.092366046 0.023470506)
(0.32916459 0.094215024 0.025101513)
(0.38794004 0.09475803 0.027042264)
(0.44966443 0.093548576 0.028660869)
(0.51400688 0.091255829 0.030460739)
(0.58079964 0.087643668 0.032103621)
(0.64966087 0.082948918 0.033702444)
(0.72059559 0.077157258 0.035178374)
(0.79317535 0.070560868 0.036595054)
(0.86729938 0.062959895 0.038027949)
(0.94298346 0.054339252 0.039234641)
(1.0195777 0.045150744 0.040534125)
(1.0973253 0.035009172 0.041772092)
(1.175686 0.02445451 0.042955775)
(1.2542509 0.012711596 0.044426347)
(-0.0022278874 -0.011062569 -0.015514774)
(0.011360143 -0.022217216 -0.011117594)
(0.027445847 -0.035764494 -0.012317241)
(0.053042082 -0.048723392 -0.0081441915)
(0.081906688 -0.05988363 -0.0062416277)
(0.11852873 -0.073652182 -0.0029379554)
(0.15777141 -0.08468571 -0.00026968559)
(0.20333148 -0.097699154 0.003288884)
(0.25176889 -0.11016411 0.0059024102)
(0.30443171 -0.12236161 0.0092327165)
(0.36037661 -0.13550973 0.012075748)
(0.41927587 -0.14817211 0.015054522)
(0.48103241 -0.161381 0.017801202)
(0.54524838 -0.17466381 0.020431984)
(0.61183442 -0.18813938 0.022941934)
(0.68042392 -0.20175218 0.025285429)
(0.75107955 -0.21559624 0.027620534)
(0.82322057 -0.22947761 0.029624697)
(0.8972754 -0.24346492 0.031881986)
(0.97235501 -0.25734797 0.033884766)
(1.0489597 -0.27138144 0.036054207)
(1.1264345 -0.2850064 0.038066695)
(1.2047532 -0.2984196 0.040097432)
(0 0 0)
(0 0 0)
(0 0 0)
(0.0032235649 -0.0077227351 0.011404174)
(0.013751177 -0.032030896 0.013965237)
(0.031233881 -0.038557697 0.012532111)
(0.054486166 -0.054456326 0.012314029)
(0.085710916 -0.069961379 0.014519499)
(0.11995522 -0.080014252 0.013801158)
(0.16022595 -0.095404436 0.016622258)
(0.2046152 -0.10680469 0.017365661)
(0.25312939 -0.11990897 0.019261724)
(0.30544914 -0.13234624 0.021010383)
(0.36115285 -0.14518249 0.022748289)
(0.41989425 -0.1577158 0.024759755)
(0.48147299 -0.17066477 0.026471233)
(0.54567744 -0.18360221 0.028249731)
(0.61207153 -0.19665962 0.029979897)
(0.68069649 -0.21006988 0.031618314)
(0.75122279 -0.22347105 0.033166738)
(0.82350672 -0.23710277 0.034630064)
(0.89736183 -0.2508957 0.036073882)
(0.97267901 -0.26464187 0.037349944)
(1.0491535 -0.27851962 0.038654485)
(1.1268352 -0.29203054 0.039816886)
(1.2050587 -0.305695 0.041032801)
(1.2970833 -0.23967467 0.042558547)
(1.3086609 -0.16273177 0.04357574)
(1.321387 -0.086298389 0.044799602)
(1.2549038 0.0055215247 0.042164813)
(1.1758696 0.017025583 0.040134667)
(1.0977655 0.027505715 0.038180904)
(1.0199769 0.037738092 0.036010022)
(0.94337366 0.046785334 0.034007284)
(0.86791602 0.055067676 0.031879576)
(0.79384701 0.062411301 0.029821575)
(0.72130969 0.068838918 0.027563795)
(0.65054029 0.074200262 0.025324556)
(0.58171009 0.078669024 0.022888731)
(0.51499926 0.081834927 0.020320766)
(0.45062227 0.084153405 0.017453449)
(0.38903858 0.084902045 0.014909353)
(0.33025714 0.084504082 0.011802463)
(0.27477225 0.082722281 0.0087582605)
(0.22293413 0.079365611 0.0056707508)
(0.17515211 0.074821468 0.0023131708)
(0.13180212 0.068000127 -0.00033336915)
(0.094113358 0.060276209 -0.0038065981)
(0.060951091 0.0497518 -0.0058409361)
(0.035056898 0.039498879 -0.0093732052)
(0.014795972 0.025891944 -0.010644654)
(0.0077864975 0.013193984 -0.0088606101)
(0 0 0)
(0 0 0)
(0 0 0)
(0 0 0)
(0 0 0)
(0 0 0)
(1.2841743 -0.31360444 0.042081652)
(1.2844674 -0.31553236 0.042386846)
(1.2843923 -0.31738141 0.042058853)
(1.334707 -0.0013359392 0.045057575)
(1.334692 -0.0033510015 0.044939772)
(1.3348955 -0.0049434931 0.044773493)
(-0.0019491459 0.0084717823 0.0098379992)
(0.010026693 0.016835179 0.0077528653)
(0.02845683 0.024201509 0.009596522)
(0.054299153 0.030710629 0.010175329)
(0.086308727 0.035700816 0.011732144)
(0.12417503 0.039617306 0.013241986)
(0.16677195 0.041625533 0.015150749)
(0.214188 0.042704632 0.017068871)
(0.26548005 0.042097992 0.019080055)
(0.32037647 0.040474559 0.021157923)
(0.37866571 0.037589249 0.023215311)
(0.43995286 0.033424665 0.025259737)
(0.50385156 0.02844408 0.027245103)
(0.57016711 0.02231796 0.029110038)
(0.63862966 0.015401877 0.030952385)
(0.70913383 0.0076333472 0.032618532)
(0.78131053 -0.00091182204 0.034324758)
(0.85518435 -0.010073507 0.035817603)
(0.93059948 -0.020090561 0.037290285)
(1.006937 -0.030612566 0.038818004)
(1.0846028 -0.041752164 0.040106773)
(1.1628098 -0.053290985 0.041464781)
(1.2417212 -0.06603241 0.042908579)
(-0.0050552973 0.0024778485 0.00063242972)
(0.0081718212 0.003033048 0.00036252741)
(0.025714697 0.0045873803 0.0023814638)
(0.051054566 0.0052064826 0.0036159942)
(0.083076221 0.0037007048 0.0057357482)
(0.12005608 0.0026136071 0.0077247396)
(0.16215559 -0.00018212931 0.0099409769)
(0.20886621 -0.0036824476 0.012250761)
(0.25936008 -0.0080060423 0.014633859)
(0.31390626 -0.013549974 0.017133545)
(0.37131162 -0.019537279 0.019344525)
(0.43204104 -0.026758536 0.021817475)
(0.49523935 -0.034498843 0.023965232)
(0.56100348 -0.042931981 0.02613994)
(0.62891359 -0.05214357 0.028212756)
(0.6988766 -0.061779039 0.030078877)
(0.77064484 -0.072186043 0.032070623)
(0.84405457 -0.082814441 0.033673295)
(0.91884302 -0.094169069 0.035558536)
(0.99489399 -0.10581896 0.037234189)
(1.0723023 -0.11788616 0.038775761)
(1.1504424 -0.1303357 0.040574004)
(1.2296409 -0.14288529 0.042074178)
(-0.0059903774 -0.0039787358 -0.0057014751)
(0.0076568141 -0.0085190971 -0.0040734784)
(0.024025521 -0.013171189 -0.0038339547)
(0.050327289 -0.019222621 -0.0016019752)
(0.080990713 -0.02653256 0.00036230263)
(0.11724563 -0.032378658 0.002590574)
(0.15909596 -0.040941515 0.0053437554)
(0.20454985 -0.048320442 0.0078233687)
(0.25472276 -0.057173007 0.010702)
(0.30810603 -0.066402789 0.013279949)
(0.36501889 -0.075699514 0.015924799)
(0.42500481 -0.086129826 0.018564773)
(0.48749036 -0.096458314 0.020952716)
(0.5526469 -0.10756989 0.023412199)
(0.61987185 -0.11894343 0.025623997)
(0.68930704 -0.13072774 0.027797097)
(0.76042634 -0.14284776 0.029831609)
(0.83339777 -0.15515661 0.031800341)
(0.90782879 -0.16789027 0.033719443)
(0.98374523 -0.18063079 0.035479147)
(1.060773 -0.19377769 0.037348675)
(1.1386868 -0.20668276 0.039157671)
(1.2174109 -0.21974086 0.041061854)
(0 0 0)
(0 0 0)
(0 0 0)
(0 0 0)
(0 0 0)
(0 0 0)
(0 0 0)
(0 0 0)
(0 0 0)
(0.0044159918 -0.0042994412 -0.0065386195)
(0.0062617528 -0.0062864831 -0.0021883681)
(0.0062272667 -0.0051505051 0.0035996579)
(0.01804747 -0.027311834 -0.0058209547)
(0.018671369 -0.028595788 -0.00051911057)
(0.019380608 -0.02857839 0.007073295)
(0.033494934 -0.037077282 -0.0057762953)
(0.035898374 -0.036737194 6.97829e-05)
(0.036168037 -0.039622429 0.0073575695)
(0.057763748 -0.051126722 -0.0024073547)
(0.059357131 -0.053290052 0.0021352048)
(0.058248159 -0.052984532 0.0076779709)
(0.087627362 -0.064231484 -0.00095400609)
(0.088732578 -0.065152134 0.0030312404)
(0.0894227 -0.068862986 0.0094238808)
(0.12182603 -0.075871652 0.001430264)
(0.12379168 -0.078228218 0.0060367767)
(0.12320227 -0.079172999 0.01017376)
(0.16238123 -0.089086848 0.0044587464)
(0.16347823 -0.091665849 0.0076591487)
(0.16286509 -0.092723481 0.012839285)
(0.20638321 -0.10115457 0.0068012736)
(0.20736621 -0.10237684 0.010113667)
(0.20748442 -0.10585825 0.014245207)
(0.25491388 -0.11348117 0.009675613)
(0.2560864 -0.11662279 0.012641228)
(0.25562317 -0.11817435 0.016388181)
(0.30724075 -0.1261967 0.012426216)
(0.30792489 -0.12802096 0.01498112)
(0.30777243 -0.1305782 0.018492843)
(0.36258731 -0.13861494 0.014929107)
(0.36358382 -0.14133008 0.017603055)
(0.36325683 -0.14348559 0.020451933)
(0.42154581 -0.15176378 0.017768846)
(0.42206951 -0.15365516 0.019652399)
(0.42189231 -0.15594826 0.022756679)
(0.48292941 -0.1643684 0.020146851)
(0.48352233 -0.16670648 0.022272005)
(0.48321101 -0.16903415 0.024646174)
(0.54705737 -0.17779194 0.022695817)
(0.54747045 -0.17991394 0.024381342)
(0.54731116 -0.18200181 0.026600715)
(0.61336049 -0.19095455 0.024880832)
(0.61381815 -0.19303267 0.026498511)
(0.6135674 -0.19506786 0.028530765)
(0.68188719 -0.20452716 0.027098135)
(0.68220641 -0.20650788 0.028540949)
(0.68202433 -0.20851357 0.030292184)
(0.75223674 -0.21812686 0.029173163)
(0.75258477 -0.22008948 0.030394834)
(0.75240572 -0.22202064 0.032016247)
(0.8243841 -0.23178093 0.031063059)
(0.82469761 -0.23382687 0.032215505)
(0.82452963 -0.23564583 0.033609449)
(0.89808265 -0.24580769 0.033096199)
(0.89838531 -0.24761634 0.034004671)
(0.89822732 -0.24943993 0.035194352)
(0.97320528 -0.25949611 0.034835867)
(0.97348402 -0.26146124 0.035651127)
(0.97334508 -0.26324531 0.036631624)
(1.0495468 -0.27346431 0.036717046)
(1.0497587 -0.27528144 0.037415403)
(1.049653 -0.27697187 0.038081909)
(1.126892 -0.28697281 0.038514916)
(1.1271456 -0.28886364 0.038957238)
(1.1271196 -0.29074591 0.039394219)
(1.205038 -0.30057523 0.040341067)
(1.2051579 -0.30234616 0.040529282)
(1.2052467 -0.30407776 0.040792022)
(1.3217908 -0.080174107 0.044249642)
(1.3218046 -0.081955003 0.044301045)
(1.3219187 -0.083820631 0.044421848)
(1.3083444 -0.15727753 0.043819407)
(1.3088203 -0.15913566 0.043617655)
(1.3085555 -0.16099067 0.043539012)
(1.2966765 -0.23465874 0.042872415)
(1.2970081 -0.23651008 0.042838855)
(1.2968735 -0.23814226 0.042820415)
(0.010643456 0.012423946 0.0069557723)
(0.010886101 0.012401375 0.0017426679)
(0.011651911 0.012337143 -0.0027611832)
(0.021204928 0.027402482 0.0067645151)
(0.020939691 0.027285389 0.0017344959)
(0.020606476 0.02626997 -0.0058545725)
(0.040256065 0.042197795 0.0092735358)
(0.040298672 0.041516579 0.00288854)
(0.04054938 0.040934873 -0.0033077283)
(0.065126385 0.054295288 0.0098851606)
(0.066503148 0.052798428 0.0044808115)
(0.065668809 0.051348473 -0.0016181317)
(0.097972607 0.065234788 0.011536452)
(0.098379253 0.063607943 0.0065960743)
(0.097778799 0.062731402 0.001138918)
(0.13502905 0.074164617 0.013320401)
(0.13597452 0.071733907 0.0088807528)
(0.13591414 0.069899764 0.0037357119)
(0.17825523 0.08082644 0.015266482)
(0.17904497 0.078584411 0.011218823)
(0.17854444 0.076749546 0.0062148343)
(0.22559351 0.086019113 0.017229725)
(0.22604529 0.083757494 0.013605453)
(0.22599252 0.081782465 0.0091376427)
(0.27701602 0.089553896 0.019518242)
(0.27775576 0.087166524 0.015975274)
(0.27756253 0.084944859 0.012028906)
(0.33221543 0.09141772 0.021588361)
(0.33287189 0.088987749 0.018481445)
(0.33266676 0.086831921 0.014770789)
(0.39060855 0.092033897 0.023909933)
(0.39136422 0.089465348 0.020674025)
(0.39122658 0.087039892 0.017686861)
(0.45224186 0.090895916 0.025781286)
(0.45277381 0.088312492 0.023517888)
(0.45259117 0.086164883 0.019904265)
(0.51634307 0.08856638 0.027835048)
(0.51682329 0.086133672 0.025303629)
(0.51671454 0.084155499 0.022608988)
(0.58290594 0.085136481 0.029669863)
(0.58335973 0.082810607 0.027605009)
(0.58334527 0.080607991 0.025021007)
(0.65161436 0.080534038 0.031571636)
(0.6520688 0.07822323 0.029574652)
(0.65196855 0.076133257 0.027224794)
(0.72234422 0.074919618 0.033177714)
(0.72268148 0.072655995 0.031441852)
(0.72262442 0.070679442 0.029316919)
(0.79474992 0.068249623 0.034904921)
(0.7950457 0.066244344 0.033318181)
(0.79503643 0.064199043 0.03139641)
(0.86864327 0.060820798 0.036400317)
(0.86908169 0.058722157 0.034973547)
(0.86897142 0.056799493 0.033253961)
(0.94416072 0.052438412 0.037872974)
(0.94437143 0.050401095 0.036694382)
(0.94429593 0.048556222 0.035212367)
(1.0205698 0.043242216 0.039350067)
(1.0208477 0.041421891 0.038294031)
(1.0207755 0.039473069 0.037000583)
(1.0982262 0.033382495 0.04073933)
(1.0984305 0.031257988 0.039851339)
(1.0982873 0.029526485 0.038984598)
(1.1762889 0.022404575 0.042132146)
(1.176524 0.020612071 0.041577525)
(1.1764553 0.018845313 0.040848623)
(1.2553033 0.011362859 0.043849084)
(1.2552331 0.009318289 0.043252277)
(1.2554257 0.0074943826 0.042925791)
(8.7845132e-05 0.0038610191 -0.0053825965)
(0.010599756 0.016364459 -0.0056702842)
(0.028810341 0.017959418 -0.0024004983)
(0.05536163 0.024787234 -0.0014847099)
(0.087266365 0.028199471 0.00085054775)
(0.12528935 0.030849958 0.0036545559)
(0.16786023 0.032784349 0.0060087575)
(0.21504678 0.032997065 0.0087351181)
(0.26648044 0.032362569 0.01148985)
(0.32130743 0.03053334 0.014179063)
(0.37968427 0.027804252 0.016779131)
(0.44075611 0.024008813 0.01941919)
(0.50457423 0.019066867 0.021749189)
(0.57086147 0.013276573 0.024297534)
(0.63931368 0.0067955948 0.026415324)
(0.70965915 -0.00065220091 0.028591138)
(0.78184345 -0.0089250895 0.030665911)
(0.85562323 -0.017877225 0.032598795)
(0.93078309 -0.027598919 0.034560192)
(1.0072254 -0.038074986 0.03640431)
(1.0847375 -0.049202318 0.038319827)
(1.1629351 -0.06085073 0.040273798)
(1.2420049 -0.073407284 0.042326733)
(-0.0045012222 0.0020759462 0.00057201262)
(0.0086156625 0.0022483326 0.00099911427)
(0.02705629 -0.0011716378 0.0023723474)
(0.053598938 -0.00088033966 0.0033974489)
(0.084393686 -0.0031893131 0.0048503346)
(0.1220691 -0.0059746017 0.0072839194)
(0.16352755 -0.0090253421 0.0091256955)
(0.21031448 -0.012995226 0.011585618)
(0.26073451 -0.017857614 0.013882743)
(0.31500553 -0.022969256 0.016234416)
(0.37242399 -0.029495675 0.018709736)
(0.4329675 -0.035962586 0.020907574)
(0.49604165 -0.043772988 0.023322436)
(0.56179346 -0.051793545 0.025439419)
(0.62961755 -0.060532801 0.027450022)
(0.69948892 -0.07007082 0.0295008)
(0.7712044 -0.079966665 0.031379366)
(0.84457366 -0.090506279 0.033161048)
(0.91940314 -0.10160979 0.034972019)
(0.99554474 -0.11315431 0.036600114)
(1.072933 -0.12503017 0.038426659)
(1.150921 -0.13744045 0.039973316)
(1.230476 -0.15025802 0.04170219)
(-0.0053268419 -0.0051420943 0.0058546688)
(0.010414071 -0.0083403554 0.0052620179)
(0.027585692 -0.021385277 0.0092067171)
(0.051912218 -0.022617044 0.0076985808)
(0.083341606 -0.033884375 0.010391355)
(0.11969423 -0.041239101 0.011370279)
(0.16039115 -0.048710906 0.013194485)
(0.20646102 -0.05792733 0.015072253)
(0.25601861 -0.066495337 0.016976159)
(0.30930489 -0.075860716 0.019136852)
(0.36612481 -0.085285772 0.021044262)
(0.42572588 -0.095413177 0.023208524)
(0.488242 -0.10553124 0.02514251)
(0.55328053 -0.11639651 0.027060251)
(0.62038362 -0.12738712 0.028964239)
(0.68974015 -0.13885821 0.030731863)
(0.76092491 -0.1506701 0.032458509)
(0.83378791 -0.16278006 0.034050524)
(0.90822838 -0.17526431 0.035646951)
(0.98404772 -0.18792338 0.037157836)
(1.0609802 -0.20078477 0.038648172)
(1.1390841 -0.2138408 0.039946336)
(1.2177577 -0.22668195 0.041553398)
(0.0026833354 0.0039324823 0.0045152285)
(0.0021703218 0.0042523625 0.0016066238)
(0.0033490207 0.0040974481 -0.0013358613)
(0.015103185 0.01611161 0.0039432604)
(0.016358582 0.015666776 0.00045830333)
(0.015363914 0.01470589 -0.003579223)
(0.03374663 0.022442205 0.0056645165)
(0.033806401 0.020435137 0.0024771679)
(0.034135482 0.020243647 -0.00040614137)
(0.058985013 0.028661791 0.0065170891)
(0.060791638 0.028104008 0.0036799476)
(0.059655125 0.025806784 0.00091555255)
(0.091196886 0.033722652 0.0083072529)
(0.091688492 0.03149395 0.0056641569)
(0.091577526 0.029800027 0.0036147676)
(0.12828946 0.036778371 0.010103594)
(0.12921153 0.03521269 0.0080726849)
(0.12904583 0.032989267 0.0050868328)
(0.17073608 0.038860305 0.012466997)
(0.17186472 0.03690786 0.0098717829)
(0.17129196 0.034620746 0.0081844043)
(0.21770193 0.039920238 0.014376317)
(0.21835192 0.037725698 0.012563488)
(0.21812235 0.035248419 0.010375806)
(0.26871909 0.039119668 0.016898868)
(0.26951725 0.037009911 0.015021642)
(0.26931212 0.034509162 0.013215625)
(0.3233729 0.037737254 0.018974155)
(0.32409061 0.035254567 0.017301879)
(0.32379557 0.032635668 0.015684137)
(0.38147384 0.034636588 0.021296697)
(0.38207108 0.032207082 0.019979517)
(0.38189907 0.029955213 0.018412814)
(0.4423582 0.030643498 0.023540584)
(0.44305279 0.028327836 0.02206289)
(0.44279856 0.025852585 0.02066963)
(0.50612594 0.025704314 0.025671913)
(0.50660388 0.023456263 0.024367821)
(0.50647499 0.021221514 0.023096139)
(0.57216029 0.019717617 0.027735413)
(0.57268263 0.017625543 0.026598782)
(0.57252912 0.015159681 0.025365999)
(0.64048493 0.012981094 0.029644762)
(0.64091759 0.010719677 0.028574653)
(0.64077607 0.0086083374 0.027507314)
(0.71075713 0.0052493529 0.031539091)
(0.71117317 0.0032835358 0.030536914)
(0.71104722 0.0011233447 0.029558069)
(0.78286373 -0.0030592212 0.0331817)
(0.7831439 -0.0051196613 0.032405334)
(0.78305161 -0.0071872598 0.031488535)
(0.85640023 -0.012211395 0.034966246)
(0.85683686 -0.014264683 0.034121622)
(0.85668732 -0.016203454 0.033364265)
(0.93159785 -0.022076694 0.036532757)
(0.93187598 -0.023926582 0.035878143)
(0.93173981 -0.025854071 0.035187555)
(1.0077934 -0.032432918 0.038085842)
(1.0080779 -0.034399684 0.037551171)
(1.0079769 -0.036320527 0.03691567)
(1.0852592 -0.043513569 0.03954925)
(1.085517 -0.045533186 0.039186571)
(1.0854264 -0.047338434 0.038753229)
(1.1633812 -0.055227384 0.04106779)
(1.1635516 -0.056994683 0.04103785)
(1.1634393 -0.058821155 0.040515261)
(1.2421575 -0.067558196 0.042733936)
(1.2422434 -0.06941853 0.042627564)
(1.2423486 -0.07131838 0.042564119)
(-0.00095918992 0.00087675356 -0.00030045223)
(-0.00061593098 0.002007448 -0.0006318629)
(9.157759e-05 0.0012317436 0.00034522669)
(0.012241427 0.0029567042 -0.00092222722)
(0.01343454 0.002436537 -0.00043520342)
(0.012911968 0.0014429309 -0.00023001031)
(0.030869578 0.0026288028 0.0013504395)
(0.032304656 0.0015229661 0.0026541625)
(0.031694891 0.0010653865 0.0019953785)
(0.055751065 0.0027302487 0.0024359976)
(0.057756565 0.0012721637 0.0029679432)
(0.056524427 -0.001155385 0.0026028723)
(0.087581999 0.0017307762 0.0047677123)
(0.088793665 -0.00058719561 0.0057337762)
(0.087845407 -0.0013353489 0.0044659461)
(0.12373473 -0.00012659367 0.00687164)
(0.12561356 -0.0023096801 0.0073324827)
(0.1247223 -0.0045353915 0.0068381294)
(0.16590315 -0.0026863738 0.0089240071)
(0.16715978 -0.0056340683 0.0095449929)
(0.16628569 -0.00742836 0.008911397)
(0.2121004 -0.0065794389 0.011560609)
(0.21335421 -0.0090631771 0.01231876)
(0.2124922 -0.011115498 0.011406169)
(0.26231034 -0.010862564 0.013931376)
(0.2634146 -0.013844855 0.014209155)
(0.26293008 -0.016121761 0.013693955)
(0.3164592 -0.016340877 0.016413216)
(0.31767394 -0.019134849 0.01706888)
(0.31681177 -0.021083359 0.016217896)
(0.37385433 -0.02262145 0.018934544)
(0.37451792 -0.025217168 0.019174613)
(0.37418608 -0.027549271 0.018553348)
(0.43416044 -0.02944036 0.021298625)
(0.43512876 -0.032177068 0.021533054)
(0.43452551 -0.034185174 0.020999949)
(0.49732015 -0.037172236 0.023530689)
(0.49796943 -0.039678382 0.023898124)
(0.49746826 -0.041837711 0.02326977)
(0.56277103 -0.045500174 0.025726699)
(0.56343489 -0.048077331 0.025923201)
(0.56301791 -0.050122024 0.02552367)
(0.63059622 -0.054534056 0.027835523)
(0.63112933 -0.056928258 0.028128646)
(0.63079921 -0.058897262 0.027525796)
(0.70032765 -0.064161795 0.029778578)
(0.70088006 -0.066481168 0.029916536)
(0.70047885 -0.06835486 0.029543158)
(0.7719477 -0.074337703 0.031711271)
(0.77236978 -0.076551274 0.031920922)
(0.77209307 -0.078462864 0.031474743)
(0.84517355 -0.085072701 0.033501454)
(0.84561495 -0.087174638 0.03360653)
(0.84534875 -0.088966011 0.033230851)
(0.91994201 -0.09633948 0.035339711)
(0.92031319 -0.098287861 0.035337403)
(0.9200139 -0.10005715 0.035058481)
(0.99596071 -0.10789187 0.037095626)
(0.99616209 -0.10975361 0.036969248)
(0.99611579 -0.11165114 0.03671361)
(1.0731247 -0.1199068 0.038666756)
(1.0735451 -0.12174563 0.038640188)
(1.073249 -0.12351608 0.038514908)
(1.1510302 -0.13222451 0.040420178)
(1.1511757 -0.13397287 0.04032965)
(1.1510528 -0.13591531 0.040020943)
(1.2300225 -0.14473296 0.041955924)
(1.2303581 -0.14657949 0.041937743)
(1.2303101 -0.14830516 0.041779984)
(-0.0017129234 -0.0027677126 -0.0031234908)
(-0.0019725964 -0.0031110805 0.0011283705)
(-0.00070973105 -0.0032264697 0.0028784421)
(0.013811967 -0.0093428261 -0.0016910672)
(0.015538501 -0.0072950846 0.00080689171)
(0.014639839 -0.0090885682 0.0034629069)
(0.029928142 -0.014871978 -0.0011372428)
(0.031381788 -0.018212685 0.0022030246)
(0.031455653 -0.019121966 0.0051493593)
(0.055901934 -0.022446732 0.00031632339)
(0.056423094 -0.021925623 0.0028586532)
(0.056740142 -0.024142625 0.0055277741)
(0.085873285 -0.02858096 0.002764522)
(0.087252919 -0.031416679 0.0054011756)
(0.087325296 -0.032423703 0.0076260273)
(0.12208802 -0.036124372 0.0043405777)
(0.12265968 -0.037572703 0.0064214296)
(0.12313827 -0.040067988 0.0086936079)
(0.1631726 -0.044145578 0.0071854445)
(0.16416574 -0.046189327 0.009546949)
(0.16402618 -0.048111468 0.011123506)
(0.20832318 -0.051775786 0.0094898241)
(0.20886254 -0.054187994 0.011197821)
(0.20918408 -0.056386012 0.012894664)
(0.25814438 -0.060852795 0.012158061)
(0.25885414 -0.062876255 0.013848424)
(0.25890661 -0.06511984 0.01524371)
(0.31120539 -0.069683761 0.014683017)
(0.31164725 -0.071994099 0.016117684)
(0.31175158 -0.074426364 0.017501602)
(0.36775843 -0.079150465 0.017161956)
(0.36836075 -0.081596514 0.018566822)
(0.36841769 -0.083738536 0.019658995)
(0.42746349 -0.08932571 0.019730226)
(0.42786014 -0.091513212 0.020910484)
(0.42783086 -0.09388106 0.021922063)
(0.48969311 -0.099578532 0.022004665)
(0.49004156 -0.10192051 0.023052579)
(0.49008132 -0.10408542 0.024074686)
(0.55460788 -0.11056309 0.02435527)
(0.55492395 -0.11265129 0.025359282)
(0.55494046 -0.11484951 0.026111896)
(0.62167874 -0.12176166 0.026495057)
(0.62194093 -0.12389261 0.027337777)
(0.62197893 -0.12600229 0.028069471)
(0.6908694 -0.13338673 0.028568745)
(0.6911222 -0.13545404 0.029314744)
(0.69107916 -0.13739223 0.029971681)
(0.76192002 -0.14540574 0.030512492)
(0.76207346 -0.14728174 0.031219859)
(0.76215485 -0.1493139 0.03176803)
(0.83461438 -0.1575701 0.032333632)
(0.83489549 -0.15964281 0.032951105)
(0.83486398 -0.16142479 0.033435424)
(0.90896153 -0.17024408 0.03418682)
(0.90906289 -0.17201499 0.034703285)
(0.90909111 -0.17386444 0.035109861)
(0.98442179 -0.18289915 0.035907165)
(0.98479582 -0.18478712 0.036302008)
(0.98476623 -0.18660935 0.036701147)
(1.0612327 -0.19574668 0.037578155)
(1.0615184 -0.19769255 0.037985012)
(1.0613824 -0.19942754 0.038254419)
(1.1390761 -0.20883525 0.039417564)
(1.1393049 -0.21070541 0.039600564)
(1.1393779 -0.21233895 0.039802802)
(1.2175717 -0.22173895 0.041136786)
(1.2177921 -0.22344019 0.041228825)
(1.2178039 -0.22536624 0.041176621)
)
;

boundaryField
{
    free
    {
        type            calculated;
    }
    bottom
    {
        type            calculated;
    }
    traction
    {
        type            calculated;
    }
}


// ************************************************************************* //
