/*--------------------------------*- C++ -*----------------------------------*\
  =========                 |
  \\      /  F ield         | OpenFOAM: The Open Source CFD Toolbox
   \\    /   O peration     | Website:  https://openfoam.org
    \\  /    A nd           | Version:  6
     \\/     M anipulation  |
\*---------------------------------------------------------------------------*/
FoamFile
{
    version     2.0;
    format      ascii;
    class       pointScalarField;
    location    "1.899907118473";
    object      p;
}
// * * * * * * * * * * * * * * * * * * * * * * * * * * * * * * * * * * * * * //

dimensions      [1 -1 -2 0 0 0 0];

internalField   nonuniform List<scalar> 
625
(
-150316.07
171997.71
6353.0088
9530.2159
-164875.22
393551.27
6914.2928
-4004.8952
-80175.946
-14809.667
-14904.931
-18434.252
-80.749279
2850.0911
-40644.813
-40535.021
-24863.711
-11700.289
2228.7686
15322.932
27688.317
39516.932
50268.405
59748.053
66380.611
69495.593
74454.895
75441.595
75027.437
73244.358
68944.977
64837.2
57807.741
51392.226
41205.044
31654.751
22402.818
47028.533
25866.93
20563.111
1555.8505
-6708.1164
-16121.401
-28775.185
-34534.224
-44550.745
-50301.303
-55360.407
-58096.171
-62534.602
-62572.831
-62934.615
-61594.203
-57737.843
-56623.444
-49914.57
-46346.681
-41287.674
-26740.669
-15484.192
-64530.254
34175.509
46957.163
60757.203
57601.71
16823.801
8255.6876
-4399.7047
-18073.212
-34624.247
-48770.36
-59189.323
-68126.531
-76092.058
-82398.515
-86885.2
-86758.161
-86804.202
-83707.898
-79085.82
-72432.93
-64281.388
-53935.459
-41781.718
-29147.384
-13446.599
7996.1854
-2985.1024
-7038.6284
23489.024
26145.243
40798.966
46358.742
56314.25
63099.561
67473.919
72230.158
72539.518
74120.76
73724.395
72707.43
63912.854
60397.261
51482.148
43394.186
32774.625
22082.569
9604.8177
687.75014
-14440.329
-25625.675
-35552.209
-136743.54
-134105.67
-122351.2
167382.84
237003.29
242434.94
14522.964
14307.805
15089.704
-8056.7192
-446.10918
-6744.1977
-23411.041
-22399.698
-13952.45
-3939.4115
4195.4401
12262.208
21503.016
28091.053
34185.167
38455.054
41787.519
47447.926
48561.543
49000.923
49055.76
45862.629
44053.139
40057.198
32724.342
26404.017
18888.546
10455.083
11220.281
1779.4732
-3806.9735
-2551.1099
-3364.7393
-2696.3087
-4209.1155
-3562.2561
-4458.0428
-3827.4425
-3659.7295
-3157.4575
-3415.9227
-4155.8367
-4010.8562
-3459.4976
-4725.0503
-1208.8413
-3775.6093
-151.84323
2520.8791
2317.9073
3363.0096
1212.7291
20731.578
2717.3188
4036.3022
-4892.464
-7525.4218
-16106.127
-19415.013
-25030.358
-27545.753
-31170.209
-35265.032
-36767.592
-37417.479
-37639.288
-36847.531
-35531.752
-33196.75
-31067.371
-24867.76
-23677.585
-17471.122
-15711.142
-4008.6279
-60897.733
-53552.119
-53741.37
-8765.2252
-2892.7903
15109.343
20318.152
12311.136
21770.447
78049.28
82463.05
78299.699
39706.805
45801.175
50515.658
15193.932
20630.746
22923.337
520.0292
4266.4547
2596.617
-9646.8455
-7159.3495
-5080.7575
-22579.017
-20921.505
-24279.216
-32388.277
-32041.931
-33135.505
-42854.788
-42334.594
-45739.52
-50966.899
-51354.255
-55515.464
-57173.031
-59098.707
-64295.002
-62418.593
-65546.068
-70580.207
-69465.497
-69776.658
-74392.287
-70560.015
-72349.7
-77990.653
-72200.458
-73021.658
-79338.584
-71279.755
-72321.566
-78490.432
-69195.883
-70004.193
-75927.822
-65379.963
-66078.978
-71190.283
-58747.136
-60588.468
-64966.012
-52655.154
-54130.288
-57663.708
-45248.308
-46141.516
-48215.236
-34560.007
-35884.22
-36273.333
-24823.948
-26078.633
-28563.397
-16494.507
-13798.847
-14167.495
-18746.914
-21497.361
-23673.254
4202.0771
-1475.418
-1311.9951
8175.5943
9264.803
8568.5394
-50945.128
-46821.359
-44671.557
-43359.535
-32450.534
-35347.854
-22785.34
-20605.348
-18463.668
-7616.398
-6101.5688
-3434.3624
7548.9778
4017.3112
8143.051
20662.131
17851.01
22371.308
35409.558
27073.819
32525.59
46938.82
37356.643
43528.795
58023.655
46882.232
52418.719
64449.92
53964.12
59615.896
70612.769
62061.984
67432.962
79957.243
65391.813
67365.975
81974.822
67720.472
72919.453
84048.932
69616.385
75123.461
83505.79
69013.405
74541.86
80651.022
68046.323
72026.012
75755.216
63391.611
68930.502
66884.07
61474.721
63021.302
60690.564
54433.861
55785.153
50602.456
46214.919
47307.646
39094.067
38597.212
38204.749
29294.063
30834.478
26610.007
25529.54
27701.334
27254.276
-7622.8013
-7303.0285
-2438.4662
-398.70848
6245.0751
12436.399
16518.774
21440.994
26053.466
29380.838
32271.832
35395.57
38327.931
36836.917
37741.377
36420.136
34353.912
32064.759
28966.375
26287.94
18468.27
16257.955
7852.1464
11357.901
1898.721
643.12052
420.7695
-2041.9193
-270.57006
-1228.598
-578.74822
158.21484
31.644473
429.01356
692.14279
922.54227
1160.2876
2853.5182
2554.4526
3451.3923
4724.9204
4901.0689
5029.5718
5257.9616
5010.4242
6421.3496
30848.388
21071.792
26821.315
9314.567
3435.8921
-5657.6026
-15992.845
-21094.766
-29174.683
-34903.779
-39664.615
-44627.482
-46537.509
-48057.986
-47726.959
-47225.719
-44960.06
-41130.292
-36861.102
-32617.35
-24929
-15405.812
-14087.727
-40743.905
-36396.421
-26866.979
-17218.401
-21640.562
-14647.727
-9431.988
-9361.6975
-6540.8178
-2410.0487
-2611.6744
652.23586
3483.1302
9155.9711
7495.5552
13462.209
14086.555
12848.136
16580.002
20790.313
20630.352
22688.19
28329.073
24698.84
27897.18
31970.336
28942.576
31601.236
36285.44
34235.608
38298.429
42771.213
34203.332
37028.116
39992.867
39027.155
38476.631
44522.852
39858.543
39501.085
44455.603
40037.689
38319.043
44350.836
38943.352
38189.678
41474.783
38899.58
34529.569
40780.304
36397.522
35799.386
35632.359
33870.212
29009.415
31509.397
28646.52
26181.084
26917.322
25110.997
19324.336
20420.824
19851.932
15323.78
13581.199
11980.944
-4744.234
2615.6766
3251.7262
-215.85299
10470.172
9769.8728
-6921.3559
-7055.2502
1761.4943
-6645.0049
-3519.6989
714.02868
-4457.6469
-4428.8897
2619.5612
-3972.585
-4063.9464
-1834.0127
-2673.5907
-4693.4569
-1024.7988
-1910.4972
-2638.5597
-2288.2375
-25.965248
-2031.2903
-4485.4217
171.87787
-1794.273
-4275.1258
1883.5553
516.86405
-5533.2089
2284.3824
-1786.4465
-5710.6726
2488.2876
154.19199
-4654.554
3304.4037
2384.7798
-5750.5733
4401.7554
1820.0021
-5807.881
3470.1814
3304.7508
-6008.2961
5314.8584
3214.4748
-4451.9295
2808.5299
4833.978
-4889.834
3895.9675
4461.4893
-5060.3222
2024.1266
3160.0811
-2378.0193
982.68289
4590.2079
-730.64257
1930.6995
3245.4958
-691.88878
2946.3316
5128.7571
117.7357
5980.8506
6408.4981
4928.4992
17705.844
36585.933
30456.094
14388.849
15839.996
21018.793
6208.0543
21943.332
17720.541
5955.4503
3643.7108
7405.2447
-7626.5665
644.96969
-1279.246
-9691.5875
-8304.566
-8733.491
-16005.225
-15297.389
-16463.997
-22131.114
-22541.322
-24208.763
-25533.89
-28396.523
-30101.492
-32128.826
-34375.735
-35787.787
-33715.662
-37275.611
-40994.902
-35729.643
-40634.809
-44220.186
-36693.831
-44725.972
-46719.237
-38348.56
-45467.806
-47976.549
-37453.375
-45772.108
-48101.683
-37284.34
-45223.194
-46698.095
-34835.898
-43209.277
-44656.759
-31371.278
-40629.735
-41029.838
-29202.009
-36071.866
-35203.4
-24320.909
-29791.531
-30717.792
-21591.065
-24885.423
-25494.57
-10149.06
-16568.505
-14763.161
-7422.9975
-11868.462
-9146.2484
)
;

boundaryField
{
    free
    {
        type            calculated;
    }
    bottom
    {
        type            calculated;
    }
    traction
    {
        type            calculated;
    }
}


// ************************************************************************* //
