/*--------------------------------*- C++ -*----------------------------------*\
  =========                 |
  \\      /  F ield         | OpenFOAM: The Open Source CFD Toolbox
   \\    /   O peration     | Website:  https://openfoam.org
    \\  /    A nd           | Version:  6
     \\/     M anipulation  |
\*---------------------------------------------------------------------------*/
FoamFile
{
    version     2.0;
    format      ascii;
    class       pointVectorField;
    location    "1.899907118473";
    object      u;
}
// * * * * * * * * * * * * * * * * * * * * * * * * * * * * * * * * * * * * * //

dimensions      [0 1 0 0 0 0 0];

internalField   nonuniform List<vector> 
625
(
(0 0 0)
(0 0 0)
(0.16701166 0.038314895 -0.00068512037)
(0.16330571 -0.048123974 0.0010611288)
(0 0 0)
(0 0 0)
(0.16145886 -0.051767143 0.000371208)
(0.16508183 0.034229599 -0.00079336325)
(0 0 0)
(0 0 0)
(0 0 0)
(0.16578004 0.01578318 -0.0012210203)
(0.16428795 -0.0047482124 0.00012451877)
(0.16368464 -0.025374872 0.00036275902)
(-0.0016491619 -0.0030668575 -0.0022570463)
(-0.0044187523 -0.0052990568 -0.0023743309)
(-0.0080866684 -0.0070296197 -0.0023273692)
(-0.012319307 -0.0078410696 -0.002547587)
(-0.016629083 -0.0080444135 -0.0027466922)
(-0.020796409 -0.0073821497 -0.0030788436)
(-0.024264649 -0.0061064966 -0.0035150369)
(-0.026933493 -0.0040354104 -0.0038772955)
(-0.028347983 -0.0015189902 -0.0042562499)
(-0.02826829 0.0016228377 -0.0046158338)
(-0.026562911 0.005120147 -0.0048611235)
(-0.022927427 0.0089397625 -0.0051435188)
(-0.017313023 0.012997285 -0.0051640148)
(-0.0095955897 0.017057145 -0.0051837099)
(0.00023550131 0.021148912 -0.0050104417)
(0.012199105 0.024940127 -0.0047676754)
(0.02618754 0.028719794 -0.0044599003)
(0.042070968 0.031814603 -0.0038893581)
(0.059900178 0.034525582 -0.0034694459)
(0.079067186 0.03669143 -0.0028207444)
(0.099738174 0.038189435 -0.0022100932)
(0.12124251 0.039301509 -0.0016010574)
(0.14336625 0.039148455 -0.00069509861)
(-0.00044909927 0.0019493695 0.0025243924)
(-0.0039683221 0.0034772551 0.0011672023)
(-0.0077266059 0.0045867774 0.0003438297)
(-0.012087843 0.0050108212 -0.0010978499)
(-0.016606468 0.0047643858 -0.0024519425)
(-0.020892251 0.0040265078 -0.003826954)
(-0.024429634 0.0026559391 -0.0052005607)
(-0.027237511 0.00083362796 -0.006477543)
(-0.028701244 -0.0014455149 -0.0076442392)
(-0.028780727 -0.0040914655 -0.0086580756)
(-0.027197027 -0.0071045196 -0.009483889)
(-0.023735558 -0.01033884 -0.0099789345)
(-0.018268843 -0.013857996 -0.010331484)
(-0.010841188 -0.017471915 -0.010385409)
(-0.0012550659 -0.021211552 -0.0101838)
(0.010372185 -0.024945223 -0.0097096941)
(0.024067933 -0.028722988 -0.008975139)
(0.039642224 -0.032510085 -0.0080872562)
(0.057099773 -0.035872871 -0.0068382735)
(0.075966447 -0.039226562 -0.0055571562)
(0.096396006 -0.042192288 -0.0039922062)
(0.11781082 -0.044681054 -0.0024903119)
(0.14005144 -0.046665998 -0.00096902585)
(0 0 0)
(0 0 0)
(0 0 0)
(-0.0016835987 0.0017362556 -0.0020870472)
(-0.004962921 0.0059212636 -0.0020981159)
(-0.0085847704 0.0061017967 -0.0016357616)
(-0.013175767 0.0075126498 -0.0015914689)
(-0.017633007 0.0075628769 -0.0018922717)
(-0.021960316 0.0068296564 -0.0019883949)
(-0.025484462 0.0055433219 -0.0022947396)
(-0.028168579 0.0035408732 -0.002609636)
(-0.02972816 0.00092723397 -0.002854259)
(-0.029793477 -0.0020728402 -0.0031407542)
(-0.028182619 -0.0056440881 -0.0033638129)
(-0.024824305 -0.0094077926 -0.0034045998)
(-0.019403175 -0.013594976 -0.0034973017)
(-0.012043816 -0.017841068 -0.0034163648)
(-0.0025555867 -0.022256905 -0.0032522902)
(0.0089624309 -0.026651841 -0.0029817004)
(0.022522618 -0.030990935 -0.0026347533)
(0.037996538 -0.035149454 -0.0022039996)
(0.055234205 -0.039084561 -0.0016991033)
(0.074148703 -0.042662136 -0.0012007498)
(0.094377717 -0.045892002 -0.00064824517)
(0.11591 -0.04837026 -0.00017309429)
(0.13802351 -0.050684333 0.00034211452)
(0.16202753 -0.029153205 4.7069988e-05)
(0.16225951 -0.008858438 9.1232955e-05)
(0.16380331 0.011283661 0.00028996483)
(0.14165576 0.035245959 -0.002866634)
(0.11902505 0.035091463 -0.004332424)
(0.097607822 0.034199491 -0.0057772743)
(0.07667854 0.033132254 -0.0073567716)
(0.057386287 0.031275809 -0.0086318555)
(0.039618493 0.029030848 -0.0098470735)
(0.023678525 0.026358181 -0.010724099)
(0.0096896372 0.023364306 -0.011461349)
(-0.0022254614 0.020124402 -0.011865124)
(-0.012007171 0.016758453 -0.012032456)
(-0.019594 0.013280587 -0.011906299)
(-0.025177358 0.0099728572 -0.011625653)
(-0.028593133 0.006693705 -0.010837901)
(-0.030173012 0.003682251 -0.010013006)
(-0.030047984 0.0010110615 -0.0089397501)
(-0.028420903 -0.0012541485 -0.0076806647)
(-0.025561592 -0.0031087627 -0.0063063488)
(-0.021791817 -0.0042991356 -0.0048508083)
(-0.01739194 -0.0051722024 -0.003279349)
(-0.012732608 -0.0051461649 -0.0018833669)
(-0.0081333009 -0.0048409679 -0.0003598498)
(-0.0041507006 -0.003646914 0.00084893501)
(-0.0017113274 -0.0024121526 0.0014068947)
(0 0 0)
(0 0 0)
(0 0 0)
(0 0 0)
(0 0 0)
(0 0 0)
(0.16283033 -0.049420984 0.00051245614)
(0.16255225 -0.05047477 0.00087105529)
(0.16191091 -0.051530513 0.00057397019)
(0.16695625 0.037866499 -0.0006893384)
(0.1664269 0.036643872 -0.00080400575)
(0.16599935 0.035920012 -0.00089738308)
(-0.00061010574 -0.0014110774 -0.0017097016)
(-0.0038742318 -0.0024707755 -0.0013029486)
(-0.0076412515 -0.0034375468 -0.0016909246)
(-0.012220176 -0.0039680378 -0.0020789945)
(-0.016775849 -0.0041199624 -0.002532415)
(-0.021240074 -0.0038969791 -0.0031152835)
(-0.024935491 -0.0032369553 -0.0036998038)
(-0.027829606 -0.0022290143 -0.0042853717)
(-0.029425569 -0.00094151545 -0.004860273)
(-0.029558508 0.00071835183 -0.0053678678)
(-0.028034602 0.0025405565 -0.0057635678)
(-0.024451448 0.0045556921 -0.0060466137)
(-0.018960588 0.006625115 -0.0061930318)
(-0.011306772 0.0087206647 -0.0062462964)
(-0.0015434812 0.010728109 -0.0060565782)
(0.010403977 0.012638539 -0.0058881646)
(0.024311607 0.014267001 -0.0053406601)
(0.040312914 0.01575696 -0.004919632)
(0.058182025 0.016785159 -0.0042882332)
(0.07742127 0.017442233 -0.0035008582)
(0.098231771 0.017778417 -0.0028472185)
(0.11988289 0.017766027 -0.0020911944)
(0.1426144 0.016631717 -0.0012327617)
(-0.00027247167 -0.00046083897 -0.00027361011)
(-0.0034714922 -0.00067524981 -0.00062165296)
(-0.0074463804 -0.0011464695 -0.0012244641)
(-0.011968861 -0.0013471817 -0.0019178638)
(-0.01670863 -0.0015903303 -0.0026693719)
(-0.021164412 -0.0016384101 -0.0035409477)
(-0.024978208 -0.001680532 -0.0043743432)
(-0.027929878 -0.0015784905 -0.0051913442)
(-0.02959074 -0.0014481194 -0.0059752143)
(-0.02976387 -0.0012122943 -0.0065410909)
(-0.028269731 -0.00095387226 -0.0071568794)
(-0.024803145 -0.0006980356 -0.0074703226)
(-0.019387105 -0.00041025237 -0.0077039044)
(-0.011815749 -0.00015947613 -0.0077061089)
(-0.0021206479 -1.5849819e-05 -0.0075145425)
(0.0097246857 6.746444e-05 -0.0072247774)
(0.023672146 -6.492943e-05 -0.0065471755)
(0.0395022 -0.00017430852 -0.0060511395)
(0.057108043 -0.00064541819 -0.0050419594)
(0.076271127 -0.0012231927 -0.0041005701)
(0.097085414 -0.001930279 -0.00318568)
(0.11888809 -0.0029259505 -0.0019701879)
(0.14184253 -0.0037915786 -0.0010212236)
(2.535384e-05 0.00030254991 0.00066678179)
(-0.0034823514 0.00042012126 0.00017344679)
(-0.0073035936 0.00076976754 -0.00048605874)
(-0.012035545 0.00076771531 -0.0014507342)
(-0.016710087 0.00071376026 -0.0024571757)
(-0.021197357 0.00029015311 -0.003568749)
(-0.025016364 -0.00027038982 -0.0045934465)
(-0.027967111 -0.0010285778 -0.0056706274)
(-0.029629627 -0.0020042979 -0.0065439694)
(-0.029882593 -0.0030965045 -0.0073946371)
(-0.028354422 -0.0042878664 -0.0080647952)
(-0.02493405 -0.0056658898 -0.0084969131)
(-0.019544789 -0.0071082594 -0.0087728661)
(-0.011998334 -0.0086656762 -0.0088112742)
(-0.0023988964 -0.010319652 -0.0086324757)
(0.0094470443 -0.012042681 -0.00824144)
(0.023155744 -0.01382788 -0.0076242621)
(0.039038193 -0.01561809 -0.0068728648)
(0.056598262 -0.017499963 -0.0058575862)
(0.07597163 -0.019262098 -0.0048803891)
(0.096673436 -0.021172996 -0.0036512705)
(0.11835317 -0.022697358 -0.002404653)
(0.14094827 -0.024227684 -0.0010321855)
(0 0 0)
(0 0 0)
(0 0 0)
(0 0 0)
(0 0 0)
(0 0 0)
(0 0 0)
(0 0 0)
(0 0 0)
(-0.0015351918 0.0009123375 0.0010279849)
(-0.0019807165 0.0013354105 0.00035811351)
(-0.0020548278 0.0012181087 -0.00060341078)
(-0.0049970091 0.0045661756 0.00056790272)
(-0.0052368977 0.004928033 -0.00019791538)
(-0.005461496 0.005230868 -0.0011248786)
(-0.0082121427 0.0052166523 -0.00026288441)
(-0.0086558959 0.0054199105 -0.00068796447)
(-0.0088682096 0.0061416051 -0.0012779729)
(-0.012513175 0.0059475964 -0.0012478146)
(-0.01284954 0.0065987535 -0.0013631603)
(-0.012907611 0.0070622657 -0.0014649962)
(-0.016747328 0.0057924999 -0.0022862374)
(-0.016902971 0.0063144269 -0.002090922)
(-0.017390528 0.0071207145 -0.0019923592)
(-0.020678556 0.0050130228 -0.0033899543)
(-0.021013354 0.0057256902 -0.0029689539)
(-0.021161493 0.0063767615 -0.0024240689)
(-0.024134232 0.0036335881 -0.0044830705)
(-0.024199907 0.0042105028 -0.0037556544)
(-0.024724273 0.0050730164 -0.0029779245)
(-0.026640602 0.0017560928 -0.0055070735)
(-0.026774983 0.0024384273 -0.0046258746)
(-0.027155273 0.0030868619 -0.0035792113)
(-0.02795725 -0.00064594229 -0.0064555816)
(-0.02800821 -0.00014263223 -0.0053463995)
(-0.028468354 0.00052467357 -0.0040364397)
(-0.027909226 -0.0034186053 -0.0072796105)
(-0.027920479 -0.0029589288 -0.0060093261)
(-0.028411293 -0.0024210477 -0.0044881004)
(-0.026217675 -0.0066350257 -0.0079465135)
(-0.026118247 -0.0062957466 -0.0064329209)
(-0.026667964 -0.0058681113 -0.0048631387)
(-0.022556344 -0.010200484 -0.0083558453)
(-0.02263877 -0.0098608812 -0.0068773247)
(-0.023224993 -0.0095027033 -0.004983971)
(-0.017187488 -0.013762126 -0.0086202324)
(-0.017145882 -0.013679015 -0.0070159318)
(-0.017734035 -0.013609269 -0.0051695685)
(-0.0096632847 -0.017693108 -0.0086236086)
(-0.0096671419 -0.017739787 -0.0070336884)
(-0.010288763 -0.017746877 -0.0051064497)
(-0.00014881314 -0.021624178 -0.008423705)
(-0.00016579427 -0.021825116 -0.0068398603)
(-0.0008124366 -0.021997991 -0.0049160008)
(0.011447563 -0.025636091 -0.0079962243)
(0.011365809 -0.02595597 -0.0064434587)
(0.010713717 -0.026291457 -0.0045912279)
(0.024962167 -0.029581567 -0.0073382491)
(0.024880382 -0.030029862 -0.0059178204)
(0.024208204 -0.030525711 -0.0041438497)
(0.040373249 -0.033273193 -0.0065329937)
(0.04030348 -0.034004792 -0.0052118955)
(0.039610817 -0.034591537 -0.0035722831)
(0.057608639 -0.037041506 -0.0054996977)
(0.057443958 -0.037718947 -0.0043437822)
(0.056735746 -0.038438383 -0.0028982224)
(0.076380628 -0.0402805 -0.0044094412)
(0.076177011 -0.041175523 -0.0034067826)
(0.075485847 -0.041991401 -0.0022068267)
(0.096544465 -0.043378503 -0.0031927711)
(0.096254315 -0.044289124 -0.0023275262)
(0.095559787 -0.045092904 -0.001433498)
(0.11777386 -0.04584589 -0.0019268929)
(0.11748564 -0.046808287 -0.001332494)
(0.11690027 -0.047834921 -0.00075035968)
(0.13984562 -0.048076093 -0.00063823281)
(0.13938657 -0.048993066 -0.00037120443)
(0.13887845 -0.049864249 -4.352744e-07)
(0.16582035 0.01516201 -0.00045065473)
(0.16524956 0.014167023 -0.00037066416)
(0.16478789 0.013132812 -0.00016942668)
(0.16369746 -0.0058662015 0.00017724177)
(0.1636251 -0.0068267107 3.3009982e-06)
(0.16275757 -0.0079463268 -3.470044e-05)
(0.16349607 -0.026719094 0.00024922524)
(0.16325734 -0.027673278 0.00023908142)
(0.1624775 -0.028525936 0.00027908882)
(-0.0026712416 -0.0026805172 -0.0010640856)
(-0.0025649035 -0.0026563783 -0.0002842669)
(-0.002531782 -0.0025813735 0.0005426047)
(-0.0051999072 -0.0049296127 -0.0012925617)
(-0.0050852645 -0.0045473396 -0.00057297962)
(-0.0050091424 -0.0043927627 0.00036305096)
(-0.0085998852 -0.0065453183 -0.0017167982)
(-0.0086495176 -0.0061900587 -0.0011464774)
(-0.0086053976 -0.0058588629 -0.00071926645)
(-0.012589678 -0.0073283703 -0.0021914711)
(-0.012747858 -0.0068019436 -0.0019908187)
(-0.012687761 -0.0062841291 -0.0018727796)
(-0.016730817 -0.0075178495 -0.002785534)
(-0.016877293 -0.0068564695 -0.002855457)
(-0.017026184 -0.0062379275 -0.003088504)
(-0.020681013 -0.0067672243 -0.003413049)
(-0.02089444 -0.0060820085 -0.003857899)
(-0.021106024 -0.005498945 -0.0044091121)
(-0.023980735 -0.0055016019 -0.0041852922)
(-0.024260736 -0.004810364 -0.0047666832)
(-0.024529267 -0.0041519899 -0.0056241352)
(-0.026502173 -0.0035155414 -0.0048011117)
(-0.026771412 -0.0028318592 -0.0056854986)
(-0.027157538 -0.002242335 -0.0068037284)
(-0.027753018 -0.0010049549 -0.0054469092)
(-0.028053484 -0.00040691615 -0.0065425455)
(-0.028512974 0.0001527351 -0.0078911346)
(-0.027615607 0.0019805963 -0.0060013093)
(-0.027924916 0.0025664783 -0.007272161)
(-0.028502215 0.0030207336 -0.0088305841)
(-0.025889044 0.0054711637 -0.0063605291)
(-0.026074328 0.0057902547 -0.0080340371)
(-0.026672227 0.0060801503 -0.0095095096)
(-0.022031242 0.0091193023 -0.0068566951)
(-0.022481257 0.009329551 -0.0082202029)
(-0.023185781 0.00960218 -0.010271401)
(-0.016434424 0.012977766 -0.0069580966)
(-0.016803166 0.013053553 -0.00859881)
(-0.017527114 0.013239193 -0.010467188)
(-0.0086836803 0.01692363 -0.0070197597)
(-0.0090950281 0.016866545 -0.0086316079)
(-0.0098339247 0.016822933 -0.010567072)
(0.0011230207 0.020830632 -0.0068674033)
(0.00070843657 0.020619872 -0.0084941117)
(-5.2256347e-05 0.020400287 -0.010410428)
(0.013054813 0.02459181 -0.0066009862)
(0.012647875 0.024117396 -0.008163699)
(0.011820673 0.023856661 -0.010047521)
(0.027016185 0.027955069 -0.006123562)
(0.02645789 0.02757829 -0.0076291239)
(0.02575407 0.027018811 -0.0093808382)
(0.042683508 0.031140567 -0.0055819004)
(0.042423293 0.030422166 -0.0069448244)
(0.041580433 0.029844702 -0.0086106119)
(0.060413184 0.033798984 -0.0049071483)
(0.059946363 0.032983649 -0.0060798686)
(0.059145459 0.032291697 -0.007538299)
(0.079435356 0.035857304 -0.00407286)
(0.079038747 0.035084601 -0.0051523588)
(0.078300952 0.034194863 -0.0064315328)
(0.099963648 0.037516633 -0.0032879619)
(0.099626703 0.036379721 -0.0041876341)
(0.098767616 0.035581283 -0.0050223342)
(0.12134523 0.038104385 -0.0024392431)
(0.12096023 0.037226291 -0.002981682)
(0.12027803 0.036327192 -0.0036820721)
(0.14375467 0.038795928 -0.0012687381)
(0.14315678 0.03752532 -0.0018397182)
(0.14274778 0.036584361 -0.0021250694)
(-0.00054805701 -0.0002097514 0.00066112821)
(-0.0038912766 -0.0010164811 -0.00014543631)
(-0.0077764613 -0.00084563362 -0.0010363713)
(-0.012728861 -0.0010652123 -0.0019599975)
(-0.017473576 -0.00087592974 -0.0030897692)
(-0.022112203 -0.0004607395 -0.0042387362)
(-0.026113685 9.068724e-05 -0.0053524866)
(-0.029140457 0.00096900291 -0.0064191426)
(-0.030901455 0.001952436 -0.0073943484)
(-0.031209904 0.0031390283 -0.0082261831)
(-0.029692297 0.0044577851 -0.0089333564)
(-0.026415262 0.0058434955 -0.0093616928)
(-0.020961221 0.0071763445 -0.0096987433)
(-0.013438265 0.0085915422 -0.0096877088)
(-0.0037245497 0.0099211565 -0.0095524978)
(0.0081095152 0.011095371 -0.0091290118)
(0.022058772 0.012120016 -0.0085235926)
(0.037979673 0.012924181 -0.0077168861)
(0.0556978 0.013514931 -0.0067304101)
(0.075108496 0.01372903 -0.0056528371)
(0.095892182 0.013688111 -0.0043940996)
(0.11767094 0.013350815 -0.0030537865)
(0.14057254 0.012417306 -0.0015739561)
(-0.00037038099 -4.316099e-05 -0.00036395964)
(-0.0040919469 0.00034544387 -0.00053540588)
(-0.0080452511 0.00082860614 -0.0010969195)
(-0.013022472 0.0010241375 -0.0018171599)
(-0.017645048 0.0011009068 -0.0025178169)
(-0.022362385 0.0012209668 -0.0034012053)
(-0.026251902 0.0011252366 -0.004209679)
(-0.029273874 0.0010969102 -0.005035722)
(-0.031024355 0.00092049299 -0.005810683)
(-0.031306627 0.00079717507 -0.0064419167)
(-0.02982277 0.00046521787 -0.006977027)
(-0.026513987 0.00028655582 -0.007354134)
(-0.021112539 -0.0001539888 -0.0075665662)
(-0.013615881 -0.00049543085 -0.0075812688)
(-0.003958504 -0.0010174076 -0.0074477469)
(0.0078367678 -0.0015871511 -0.0071000731)
(0.021688207 -0.0022261857 -0.0065869427)
(0.037536788 -0.0029811038 -0.0059454143)
(0.055207775 -0.0038091202 -0.0051167543)
(0.07450603 -0.0047813306 -0.0042586543)
(0.095300556 -0.0055917588 -0.0031544069)
(0.1170031 -0.0067982117 -0.002213068)
(0.14039344 -0.0078444863 -0.0011591384)
(-0.00032687877 0.00074084774 -0.0011567437)
(-0.0043795719 0.0014266652 -0.0012041203)
(-0.008262111 0.0030858685 -0.0019205841)
(-0.012949192 0.0029627337 -0.0018096901)
(-0.017680827 0.003533472 -0.0023943959)
(-0.022242207 0.0032043631 -0.0028682104)
(-0.026119878 0.0026512601 -0.0033097395)
(-0.029126943 0.0017931402 -0.0038906103)
(-0.030817169 0.00057257975 -0.00433885)
(-0.031081006 -0.00092103285 -0.0047425624)
(-0.029593202 -0.0025943042 -0.0051052359)
(-0.026301789 -0.0045595744 -0.0052792372)
(-0.020935456 -0.0065714337 -0.0053825985)
(-0.013477481 -0.0088222233 -0.0053494294)
(-0.0039258491 -0.011125247 -0.0051577693)
(0.0077625914 -0.013474588 -0.0048417756)
(0.021525297 -0.015864688 -0.0043991014)
(0.037239808 -0.018230243 -0.0038558356)
(0.054771989 -0.020529179 -0.0032107634)
(0.073985909 -0.022691801 -0.0024908798)
(0.094510889 -0.024699786 -0.0017457691)
(0.11643215 -0.026538184 -0.0011238065)
(0.13887367 -0.027881407 -0.00020058962)
(-0.0011037281 -0.0004720231 -0.00070319257)
(-0.0010640898 -0.00050358009 -0.00033456617)
(-0.0011520139 -0.000373255 0.00014557748)
(-0.0044517351 -0.0022287824 -0.00084524626)
(-0.0046322425 -0.0018972639 -0.00048912554)
(-0.0044399556 -0.0016532056 -4.5857581e-05)
(-0.0080894446 -0.0029110528 -0.0013076698)
(-0.0081252474 -0.002430232 -0.0011613808)
(-0.0081657278 -0.0019748339 -0.0010727379)
(-0.012425021 -0.0034274712 -0.0019147817)
(-0.012649587 -0.0029202638 -0.001969171)
(-0.012621806 -0.0022280055 -0.0019194211)
(-0.016862266 -0.0034826604 -0.002561647)
(-0.01696692 -0.0028190614 -0.0027439108)
(-0.017223495 -0.0021024137 -0.0029509547)
(-0.021024955 -0.0032088655 -0.0033832466)
(-0.021255593 -0.0024943623 -0.0037240319)
(-0.021481425 -0.0017549627 -0.0040094396)
(-0.024631652 -0.0025197511 -0.0041095384)
(-0.024816722 -0.0018741753 -0.0046391164)
(-0.025121201 -0.0010912145 -0.0050303432)
(-0.02733335 -0.0015605405 -0.0048852397)
(-0.027539892 -0.00086830552 -0.0054936085)
(-0.027941956 -0.00021934291 -0.006050258)
(-0.028788379 -0.00029040691 -0.005593464)
(-0.029015474 0.00029199506 -0.0063259669)
(-0.029467295 0.00094248102 -0.0069487372)
(-0.028835027 0.0012735369 -0.0062430601)
(-0.029015178 0.0017706654 -0.0070218228)
(-0.029567382 0.0022138151 -0.0077438448)
(-0.027127747 0.0029223564 -0.0067770534)
(-0.027340523 0.0032709385 -0.0075933497)
(-0.027965308 0.0037625172 -0.0083288359)
(-0.023562433 0.0047853301 -0.0070993236)
(-0.023776996 0.0050873009 -0.0080295866)
(-0.024515911 0.0052236996 -0.0088670616)
(-0.018014708 0.0067166059 -0.0073034492)
(-0.018291833 0.0068378299 -0.0082419601)
(-0.018949148 0.006947515 -0.0090701935)
(-0.010379042 0.0086329147 -0.0073575321)
(-0.010655659 0.008646156 -0.0082908671)
(-0.011379493 0.0084773626 -0.0091284904)
(-0.00063977722 0.010508573 -0.007225547)
(-0.00091668173 0.010284471 -0.008114145)
(-0.0016779319 0.010050428 -0.0089611774)
(0.011252362 0.012209598 -0.0068914602)
(0.010931399 0.011901184 -0.0078117815)
(0.010159333 0.011450645 -0.0085615374)
(0.025178609 0.013778808 -0.006526116)
(0.024752158 0.013268226 -0.0072241608)
(0.02402258 0.012673827 -0.0080072341)
(0.040845553 0.015050184 -0.0057613498)
(0.040661201 0.014325062 -0.0065911775)
(0.039850614 0.013668211 -0.0072112516)
(0.058593541 0.015986643 -0.0051002747)
(0.058213204 0.01529822 -0.0056971802)
(0.057410079 0.014455099 -0.0063132442)
(0.077657701 0.016661896 -0.0042455466)
(0.077347052 0.015737374 -0.0047523296)
(0.076624497 0.014821267 -0.0052931384)
(0.098294123 0.016945242 -0.0034125359)
(0.097998118 0.015874689 -0.0037244276)
(0.097240421 0.014956246 -0.0040856129)
(0.1199116 0.016685206 -0.0024550947)
(0.11946224 0.015808541 -0.0024560135)
(0.11877806 0.014754895 -0.0028985412)
(0.14239895 0.015946014 -0.0013579621)
(0.14192501 0.014899305 -0.0013889514)
(0.14145089 0.013843379 -0.0013841719)
(-0.00084602201 -0.00015746207 -8.9673878e-05)
(-0.00094073366 -0.00030168585 4.6753331e-07)
(-0.0011213877 -8.0525117e-05 -0.00018752033)
(-0.0041602446 -0.00040750983 -0.00042671584)
(-0.0043820291 -0.00022746682 -0.00036798332)
(-0.0043039569 0.00028901314 -0.00037770747)
(-0.0079677592 -0.00068241042 -0.0010535419)
(-0.0081056904 -0.00023017111 -0.0012126504)
(-0.0082086773 0.00032165067 -0.0010884364)
(-0.012350703 -0.00067011698 -0.0018232567)
(-0.012637112 -0.00018612126 -0.0018003624)
(-0.01269585 0.00063954261 -0.001721954)
(-0.01687638 -0.00091944839 -0.0026538688)
(-0.017016447 -0.00024484315 -0.0026705848)
(-0.017239013 0.00054216742 -0.002575896)
(-0.021125684 -0.00088853001 -0.0035480345)
(-0.021324793 -0.00020237506 -0.0035108665)
(-0.02155667 0.00063262772 -0.0034532214)
(-0.024789665 -0.00093713877 -0.0044473785)
(-0.024850402 -0.00027696903 -0.0044149979)
(-0.025279926 0.00057715022 -0.0043194352)
(-0.02753979 -0.00090734346 -0.0053349079)
(-0.027610671 -0.00022992296 -0.0052137683)
(-0.028120384 0.00054482705 -0.0051696497)
(-0.029071548 -0.00080051216 -0.0061148932)
(-0.029095816 -0.00026696766 -0.0060005356)
(-0.029666129 0.00043388483 -0.0059778371)
(-0.0291586 -0.00073415359 -0.0068162533)
(-0.029118819 -0.00023920549 -0.0066437751)
(-0.029841766 0.00041464482 -0.0066371059)
(-0.02746649 -0.00056183042 -0.0073403444)
(-0.027544044 -0.00022140326 -0.0071772706)
(-0.028215504 0.00020612522 -0.0072217926)
(-0.024019742 -0.00044331061 -0.0077437154)
(-0.023997228 -0.00027370482 -0.007587474)
(-0.024806942 0.00010156166 -0.0075668895)
(-0.018511106 -0.00032939845 -0.0079997327)
(-0.018525351 -0.00028605677 -0.0077376366)
(-0.019365188 -0.00014929904 -0.0077947586)
(-0.010956654 -0.00027546118 -0.0080001435)
(-0.010942899 -0.00043355255 -0.0077727199)
(-0.011860997 -0.00041879164 -0.0078241805)
(-0.0012489529 -0.00028481053 -0.0078343679)
(-0.0013138594 -0.0005924561 -0.007553521)
(-0.0021861356 -0.0007543518 -0.007668105)
(0.01051965 -0.00040298151 -0.0074685968)
(0.010497123 -0.00087274586 -0.0072462567)
(0.0095212652 -0.0012071873 -0.0073126267)
(0.024342402 -0.00064389018 -0.006903635)
(0.024210344 -0.0012655396 -0.0066161908)
(0.023344342 -0.0017507432 -0.0067671689)
(0.040118871 -0.0010199061 -0.0061837574)
(0.04000482 -0.0017441788 -0.0059716059)
(0.039080838 -0.0023586355 -0.0061075813)
(0.057717999 -0.001616808 -0.005242836)
(0.057489654 -0.0023680519 -0.0051497546)
(0.056581693 -0.003097616 -0.0052297044)
(0.076862929 -0.0022042325 -0.0042011235)
(0.076500012 -0.0030750431 -0.0042000659)
(0.075834149 -0.0039914502 -0.0043128833)
(0.097430888 -0.0030131658 -0.0032505117)
(0.097222545 -0.0038447119 -0.0032131304)
(0.096330295 -0.0048202572 -0.0031963524)
(0.11894716 -0.0039660821 -0.00207066)
(0.1185081 -0.0048765519 -0.0020563799)
(0.11783582 -0.0060011788 -0.0022484794)
(0.1416701 -0.0048339947 -0.001077162)
(0.14145178 -0.0058150061 -0.0010366509)
(0.14076108 -0.0067452062 -0.0011370213)
(-0.00070521242 0.00023482172 0.00039182444)
(-0.00063847871 0.00038604454 -0.00022352596)
(-0.00091367451 0.00047295137 -0.00056068076)
(-0.0044141679 0.00096476616 3.1771747e-05)
(-0.0047253033 0.00099446839 -0.00039717178)
(-0.0047476715 0.0013017958 -0.00070988463)
(-0.0079946208 0.0014799552 -0.00063386852)
(-0.0081638582 0.0021969446 -0.0008860065)
(-0.0084422838 0.0025590035 -0.0012425221)
(-0.012473919 0.001774295 -0.0014283186)
(-0.01266833 0.002288836 -0.0015647794)
(-0.012956371 0.0027701604 -0.0016560293)
(-0.016879727 0.0016467154 -0.0023378088)
(-0.017040647 0.0024463849 -0.0022904461)
(-0.017399856 0.0029410821 -0.0022281575)
(-0.021128199 0.0013732891 -0.0033064935)
(-0.021279125 0.0021458813 -0.0031159774)
(-0.021670662 0.0026827155 -0.0029343321)
(-0.024714694 0.00074399995 -0.0042529005)
(-0.024808882 0.0015221017 -0.0039304833)
(-0.02529431 0.0020829956 -0.003585315)
(-0.02742816 -7.0395594e-05 -0.0052074975)
(-0.027591196 0.0006844523 -0.0047263148)
(-0.028059937 0.0011786723 -0.0042723453)
(-0.028913538 -0.0011432295 -0.0060176383)
(-0.029021577 -0.00043886491 -0.0054781859)
(-0.029555686 5.7020399e-05 -0.0049178274)
(-0.028961437 -0.0023390951 -0.0067941257)
(-0.029105289 -0.0017451185 -0.0061221323)
(-0.029650843 -0.0014177594 -0.0054312099)
(-0.027347804 -0.003740947 -0.0073921159)
(-0.027446238 -0.0033105801 -0.0066183157)
(-0.028000767 -0.0029940016 -0.0059095043)
(-0.023830833 -0.0053057971 -0.0077845665)
(-0.023959932 -0.0049511564 -0.0069926626)
(-0.024586031 -0.0048264518 -0.0062068106)
(-0.018388153 -0.0069545518 -0.0080499853)
(-0.018542067 -0.0068172943 -0.0071795283)
(-0.01915458 -0.0067883878 -0.0063366388)
(-0.010842575 -0.0087519926 -0.0080640082)
(-0.011033541 -0.0087350642 -0.0071722023)
(-0.011648823 -0.008853893 -0.0063590643)
(-0.0012223745 -0.010626975 -0.0079079253)
(-0.0014580269 -0.01077075 -0.0070187623)
(-0.002040787 -0.011062198 -0.0061899469)
(0.010488385 -0.012542309 -0.007511712)
(0.010242084 -0.012903324 -0.0066571581)
(0.0096083285 -0.013270745 -0.005852672)
(0.024228595 -0.014587158 -0.006966489)
(0.023897756 -0.014985433 -0.0061262671)
(0.023326626 -0.015542766 -0.0053825523)
(0.039834685 -0.016515062 -0.0062645837)
(0.039595072 -0.017212506 -0.0054837938)
(0.038968473 -0.017788764 -0.0047745718)
(0.057340248 -0.018603382 -0.0053385338)
(0.056919626 -0.019261384 -0.0046352642)
(0.056345382 -0.020002773 -0.0040395165)
(0.076234278 -0.020492721 -0.0043836229)
(0.076038363 -0.021278623 -0.0038032789)
(0.075428356 -0.022101426 -0.0032151977)
(0.096618548 -0.022289316 -0.0033224957)
(0.096383967 -0.023265777 -0.0027614633)
(0.09567382 -0.024126199 -0.0023492617)
(0.11826613 -0.02404691 -0.0020458797)
(0.11795846 -0.025021137 -0.0017545601)
(0.11739348 -0.025787051 -0.0014282387)
(0.14058963 -0.025480959 -0.00088638159)
(0.14017579 -0.026311295 -0.00071306931)
(0.13966081 -0.027405189 -0.00068608253)
)
;

boundaryField
{
    free
    {
        type            calculated;
    }
    bottom
    {
        type            calculated;
    }
    traction
    {
        type            calculated;
    }
}


// ************************************************************************* //
