/*--------------------------------*- C++ -*----------------------------------*\
  =========                 |
  \\      /  F ield         | OpenFOAM: The Open Source CFD Toolbox
   \\    /   O peration     | Website:  https://openfoam.org
    \\  /    A nd           | Version:  6
     \\/     M anipulation  |
\*---------------------------------------------------------------------------*/
FoamFile
{
    version     2.0;
    format      ascii;
    class       pointScalarField;
    location    "3.499959330856806";
    object      p;
}
// * * * * * * * * * * * * * * * * * * * * * * * * * * * * * * * * * * * * * //

dimensions      [1 -1 -2 0 0 0 0];

internalField   nonuniform List<scalar> 
625
(
75356.015
17587.57
6710.7594
7966.3465
6722.8282
-217738.29
5432.9742
-3547.4863
78494.706
62828.626
57191.451
-17139.163
663.06757
2991.1609
33457.6
34215.091
33896.659
32482.311
28088.367
28650.615
26338.645
25397.007
26085.771
25342.326
26947.698
26540.45
28442.093
30448.711
30854.929
33698.287
33842.219
35958.862
34487.317
34334.226
30592.292
26917.034
20231.452
-85.275706
898.1282
-6050.7958
-5877.9023
-11121.407
-15679.272
-18866.732
-23271.439
-26907.608
-30765.934
-35238.298
-36020.672
-39738.118
-41248.456
-42894.631
-43452.82
-42965.811
-43068.388
-40408.134
-37261.363
-36305.588
-24843.655
-14495.54
3694.7565
-48313.659
-75179.388
-37682.145
-42359.523
-30901.998
-29014.779
-34311.775
-26307.273
-30779.177
-28625.405
-26348.153
-27254.375
-28295.374
-29252.243
-31893.016
-32467.825
-34022.797
-36019.52
-36931.598
-36798.544
-36686.495
-33939.193
-29972.848
-22111.603
-13173.714
6756.3099
-1424.414
-6745.445
23022.552
25160.525
37115.824
40887.208
47753.192
51306.113
53216.078
55291.055
53411.464
53462.009
52472.407
48798.76
45331.576
42626.787
37831.317
34300.311
30173.504
23807.479
22532.276
12567.466
16683.73
3618.6119
3858.4336
72075.714
29061.624
16645.361
8845.1411
-51604.81
-49673.368
12399.399
11318.781
12462.216
-6539.2548
25.18217
-6457.8075
30057.361
32450.026
30408.116
26024.09
25038.576
22720.93
20849.899
19624.602
18816.137
17696.602
16649.33
18088.914
18724.102
19162.114
20028.99
20958.448
20428.153
21152.965
18990.019
16932.43
13582.139
7751.887
10105.977
15365.571
18375.576
11649.565
10680.373
5954.9067
3292.6232
-85.515644
-2631.3814
-4239.4953
-7322.5847
-7502.6739
-9676.831
-10761.958
-11127.863
-11271.91
-10779.778
-10092.13
-8323.3222
-5404.9861
-1589.1735
-490.3792
2264.7261
1255.195
8102.5496
11406.649
1254.6282
4125.4644
-6534.0499
-7307.0292
-13534.846
-15199.958
-18768.25
-21483.287
-24772.716
-27826.909
-29249.096
-30273.012
-30820.187
-30473.452
-30682.424
-26576.824
-23581.052
-20803.734
-14873.838
-13668.919
-3425.4306
42525.376
26869.867
17761.05
28282.226
4498.9222
-12983.246
12937.582
6801.6159
-20983.735
-16962.114
-31918.036
-28630.096
-9306.6641
-20982.351
-27947.981
-15335.791
-24382.792
-30069.643
-12615.238
-17692.23
-25106.362
-16762.425
-22827.185
-28791.565
-18579.484
-21473.138
-23307.985
-22634.588
-22933.093
-24997.961
-25385.524
-23379.147
-25909.608
-28155.861
-25597.002
-27101.5
-30896.947
-27131.958
-28368.414
-33043.432
-30280.788
-29544.538
-37067.397
-30904.912
-31041.133
-39562.934
-33503.163
-33410.97
-42504.602
-35227.004
-36143.959
-43236.238
-36753.671
-37443.64
-44583.363
-38040.799
-38877.778
-44383.356
-38418.419
-39348.814
-42363.782
-37993.777
-39181.371
-39418.25
-36916.509
-37477.082
-36558.206
-34549.77
-34481.391
-30264.472
-29664.39
-28560.449
-22956.771
-23712.934
-24917.557
-16991.857
-13933.914
-13621.223
-17644.12
-20550.606
-24053.741
4744.8408
-933.30144
-1121.5231
7302.7862
8099.8528
6630.0712
33083.495
19059.493
17399.586
32875.958
18006.818
13297.522
33616.083
22169.028
17980.04
31320.494
21289.833
19590.5
31436.309
24494.643
22096.63
31656.572
24309.727
24802.833
31050.934
26525.333
27235.687
31548.652
27345.803
30444.398
32562.895
29175.095
33695.123
33247.122
31278.771
36862.219
33810.921
33289.478
39408.958
36174.751
36088.028
40133.906
38833.053
36627.91
43863.954
40519.719
38468.692
47035.005
42373.66
39705.955
47742.46
43792.205
40801.988
48325.405
43958.177
40253.73
48662.838
40537.15
41268.304
46721.299
40904.592
38862.698
43918.125
36581.772
35333.524
39470.657
31759.029
32586.849
34280.64
25363.278
27975.529
24863.602
24629.24
26599.235
27410.434
-14688.792
-927.16074
1386.2653
7310.3332
11445.521
14030.351
17839.697
20263.882
23436.604
25921.199
27459.974
31900.279
32884.587
32236.61
33268.451
32681.595
31240.377
29646.17
27304.951
24372.359
17627.937
14854.021
6453.4355
-23776.254
-15514.063
-9431.7261
-7276.9343
-991.97385
-1039.878
2726.3028
5291.1865
6734.1987
9611.0432
9935.1453
11594.586
11213.705
12683.379
12246.157
11881.571
11433.968
10935.267
10120.342
8622.4165
7685.5517
5747.0762
5706.303
-35380.597
-27127.951
-24853.851
-20611.582
-17343.747
-17951.773
-12496.991
-12468.16
-10627.059
-9971.8566
-9696.9303
-10212.231
-10430.405
-11078.617
-12735.955
-13481.494
-15094.148
-15547.246
-16168.478
-16219.22
-14385.599
-10026.8
-11191.771
30890.798
22543.778
2873.4196
25978.391
18228.869
8976.2583
20554.464
19186.393
10001.353
20820.935
18231.28
9291.5565
20389.177
18606.409
13726.731
19836.009
19182.16
15598.169
17162.165
20238.475
18676.812
18480.197
21647.14
20757.295
16496.635
22646.386
23011.495
17615.372
23368.374
24927.21
19243.207
24417.088
27641.164
18560.425
25835.851
28214.579
19004.661
26680.395
30159.398
18872.15
28003.943
30973.198
20224.967
28353.632
31108.205
20336.476
27702.083
31774.909
19649.6
28626.508
30684.371
22683.2
26592.879
29247.591
19271.795
24953.612
25696
19693.385
22699.098
23468.765
15433.231
17649.206
18246.603
13314.607
11496.265
12135.001
-3911.7501
3018.9653
3725.3422
20573.533
-4986.331
-10375.107
14926.524
4452.6716
-5692.2934
12038.885
2587.2176
-7991.2372
9656.373
2424.3182
-4119.2748
7707.8002
3916.1753
-3139.4996
4392.8079
3503.2429
-1002.1169
4885.8757
4379.5034
-1121.4619
2437.7892
3223.0044
-140.28189
977.81229
3402.5559
1180.5442
319.25658
3660.009
1118.3102
-1320.3469
3276.0316
2103.3274
-1536.9528
2554.7061
2849.3598
-2091.0141
2171.6561
2163.1139
-1799.7195
3093.9314
2797.552
-1863.4435
2216.7988
2113.6432
-1954.4409
2760.4242
2257.0865
-1244.2465
3349.5148
1630.5481
-1231.4242
2640.2206
501.65101
-1546.0849
1878.933
1112.1351
-1761.4086
2247.1161
1432.0498
-426.13257
1767.5676
596.76133
1455.8438
4229.8277
1967.9677
4743.4152
5799.5181
5034.4392
1856.8111
-11869.794
-23802.172
4155.7606
-3292.679
-15933.471
1265.4032
-12234.07
-16169.859
-5989.5747
-8869.309
-16384.926
-5731.9979
-10939.569
-14432.615
-6827.3633
-11749.027
-14830.223
-9025.4391
-13162.162
-14390.298
-11703.704
-15888.358
-12421.656
-14356.016
-14923.09
-13375.803
-16779.491
-17743.105
-12949.415
-17973.119
-18120.198
-13945.122
-19854.286
-20472.063
-14841.781
-20521.352
-21569.737
-14754.342
-22398.913
-22738.103
-16316.312
-23014.582
-24263.961
-17261.358
-23728.259
-24318.931
-18439.009
-22270.804
-25550.029
-18743.938
-23145.089
-24701.847
-19395.36
-21812.282
-23642.586
-18201.084
-19159.113
-20001.668
-17205.246
-18209.554
-17841.195
-15873.516
-8967.7001
-12949.703
-10455.589
-5957.0411
-9054.0953
-7058.3793
)
;

boundaryField
{
    free
    {
        type            calculated;
    }
    bottom
    {
        type            calculated;
    }
    traction
    {
        type            calculated;
    }
}


// ************************************************************************* //
