/*--------------------------------*- C++ -*----------------------------------*\
  =========                 |
  \\      /  F ield         | OpenFOAM: The Open Source CFD Toolbox
   \\    /   O peration     | Website:  https://openfoam.org
    \\  /    A nd           | Version:  6
     \\/     M anipulation  |
\*---------------------------------------------------------------------------*/
FoamFile
{
    version     2.0;
    format      ascii;
    class       labelList;
    note        "nPoints:625  nCells:2304  nFaces:5024  nInternalFaces:4192";
    location    "constant/polyMesh";
    object      neighbour;
}
// * * * * * * * * * * * * * * * * * * * * * * * * * * * * * * * * * * * * * //


4192
(
2
12
2
3
589
13
588
5
15
593
5
6
16
592
8
18
594
8
9
595
20
11
21
597
11
598
23
14
14
15
25
26
17
27
17
18
29
20
30
20
21
32
23
33
23
35
26
36
612
26
27
614
38
29
615
29
30
40
616
41
32
618
32
33
43
619
44
35
621
35
46
622
47
38
48
38
39
50
41
51
41
42
53
44
56
44
45
55
47
59
47
58
50
636
50
51
61
637
62
53
65
53
54
64
640
641
56
68
644
56
57
643
67
59
69
645
59
646
70
62
72
62
63
73
65
77
65
66
76
68
78
68
69
80
71
81
71
83
74
86
74
75
661
85
662
77
89
663
77
78
664
88
80
92
80
81
91
667
668
83
669
83
94
670
95
86
96
86
87
97
89
99
89
90
101
92
102
92
93
103
95
105
95
106
98
108
98
99
685
109
686
101
113
101
102
112
688
689
104
116
104
105
691
115
692
107
119
107
694
118
695
110
110
111
121
122
113
123
113
114
124
116
126
116
117
127
119
129
119
130
122
132
708
122
123
709
134
125
137
125
126
712
136
713
128
140
128
129
715
139
716
131
143
131
718
142
719
134
146
134
135
145
137
147
137
138
149
140
150
140
141
152
143
153
143
155
146
156
732
146
147
157
734
149
161
149
150
160
736
737
152
164
152
153
163
739
740
155
167
155
166
742
743
158
170
158
159
169
161
171
161
162
172
164
174
164
165
175
167
177
167
178
170
180
756
170
171
182
758
173
185
173
174
760
184
761
176
188
176
177
763
187
764
179
191
179
767
190
765
182
194
182
183
193
185
195
185
186
196
188
198
188
189
199
191
201
191
202
194
204
780
194
195
205
782
197
209
197
198
785
208
783
200
212
200
201
788
211
786
203
215
203
791
214
789
206
218
206
207
217
209
219
209
210
220
212
222
212
213
223
215
225
215
227
218
228
804
218
219
230
806
221
233
221
222
809
232
807
224
236
224
225
812
235
810
227
239
227
238
814
813
230
240
230
231
241
233
243
233
234
245
236
246
236
237
247
239
249
239
250
242
828
242
243
254
252
830
245
257
245
246
256
833
831
248
258
248
249
836
260
834
251
261
251
838
262
837
254
266
254
255
265
257
267
257
258
269
260
260
261
272
270
263
263
275
273
266
276
852
266
267
277
854
269
279
269
270
280
857
855
272
858
272
273
283
859
284
275
287
275
286
862
863
278
290
278
279
289
281
281
282
292
291
284
294
284
285
295
287
297
287
298
290
300
876
290
291
302
878
293
305
293
294
880
304
879
296
306
296
297
883
308
882
299
309
299
886
311
885
302
314
302
303
313
305
315
305
306
316
308
308
309
319
320
311
311
322
323
314
324
900
314
315
325
902
317
327
317
318
905
329
903
320
330
906
320
321
331
908
323
333
909
323
334
911
326
338
326
327
337
329
329
330
340
341
332
342
332
333
344
335
347
335
346
338
348
924
338
339
350
926
341
351
927
341
342
352
929
344
930
344
345
356
932
354
347
357
933
347
359
935
350
360
350
351
361
353
365
353
354
364
356
356
357
367
368
359
371
359
370
362
948
362
363
373
374
949
365
375
953
365
366
376
952
368
378
956
368
369
379
955
371
381
957
371
382
959
374
384
374
375
385
377
389
377
378
388
380
390
380
381
391
383
393
383
394
386
396
386
387
973
398
974
389
399
975
389
390
401
977
392
978
392
393
403
402
979
395
981
395
406
405
982
398
398
399
409
410
401
411
401
402
412
404
416
404
405
415
407
417
407
419
410
422
996
410
411
421
998
413
999
413
414
424
423
1000
416
428
1004
416
417
427
1003
419
1007
419
430
1006
431
422
432
422
423
433
425
435
425
426
437
428
438
428
429
440
431
441
431
442
434
446
434
435
1022
445
1020
437
1025
437
438
448
1024
449
440
450
440
441
451
1027
1028
443
455
443
1030
454
1031
446
456
446
447
457
449
459
449
450
460
452
452
453
463
464
455
465
455
466
458
468
458
459
1046
470
1044
461
473
461
462
1048
472
1049
464
476
1052
464
465
1051
475
467
477
467
1054
479
1055
470
470
471
482
480
473
483
473
474
484
476
486
476
477
487
479
479
490
491
482
1068
482
483
493
1069
494
485
497
485
486
1072
496
1073
488
498
488
489
1076
499
1074
491
503
1079
491
502
1078
494
504
494
495
505
497
507
497
498
508
500
500
501
511
510
503
513
503
515
506
516
506
507
1093
518
1094
509
521
509
510
1096
520
1097
512
522
512
513
1099
524
1100
515
525
515
526
1102
1103
518
518
519
529
530
521
531
521
522
532
524
524
525
535
536
527
527
538
539
530
542
1118
530
531
541
1117
533
543
533
534
1120
545
1119
536
546
1122
536
537
547
1123
539
551
1125
539
1126
550
542
552
542
543
553
545
545
546
556
555
548
560
548
549
559
551
561
551
562
554
564
554
555
1141
566
1140
557
1143
557
558
568
569
1144
560
570
1146
560
561
571
1148
563
573
563
1151
575
1149
566
566
567
569
569
570
572
572
573
575
575
578
1164
578
579
589
590
1165
581
591
1167
581
582
592
1169
584
596
1170
584
585
595
1172
587
599
1173
587
598
1175
590
600
590
591
601
593
603
593
594
605
596
606
596
597
607
599
609
599
610
602
614
602
603
1189
613
1190
605
1191
605
606
617
1193
615
608
618
608
609
1196
620
1194
611
621
611
1199
623
1197
614
624
614
615
625
617
617
618
628
629
620
620
621
631
632
623
623
634
635
626
636
626
627
1213
638
1214
629
639
1215
629
630
641
1217
632
642
1220
632
633
643
1219
635
647
1223
635
646
1222
638
638
639
649
650
641
653
641
642
652
644
654
644
645
655
647
657
647
658
650
660
1238
650
651
661
1237
653
665
1241
653
654
664
1240
656
1242
656
657
668
666
1243
659
669
659
1246
671
1247
662
674
662
663
673
665
677
665
666
676
668
680
668
669
679
671
671
682
683
674
684
1262
674
675
685
1261
677
687
1265
677
678
1264
689
680
690
1268
680
681
691
1267
683
693
1271
683
694
1270
686
698
686
687
697
689
701
689
690
700
692
704
692
693
703
695
707
695
706
698
710
1286
698
699
709
1285
701
711
1289
701
702
712
1288
704
714
1290
704
705
715
1292
707
717
1293
707
718
1295
710
720
710
711
721
713
725
713
714
724
716
728
716
717
727
719
731
719
730
722
734
722
723
1309
733
1310
725
735
1311
725
726
737
1313
728
738
1314
728
729
740
1316
731
741
1317
731
743
1319
734
744
734
735
745
737
749
737
738
748
740
752
740
741
751
743
753
743
755
746
758
746
747
1333
757
1334
749
759
1335
749
750
760
1337
752
762
1338
752
753
763
1340
755
1341
755
766
1342
767
758
768
758
759
769
761
771
761
762
773
764
774
764
765
776
767
777
767
778
770
782
770
771
1357
781
1358
773
1359
773
774
784
1360
785
776
1362
776
777
787
1363
788
779
791
779
1366
790
1367
782
792
782
783
793
785
795
785
786
796
788
798
788
789
799
791
801
791
802
794
806
794
795
1382
805
1380
797
809
797
798
1384
808
1385
800
812
800
801
1387
811
1388
803
813
803
1390
815
1391
806
816
806
807
817
809
819
809
810
820
812
822
812
813
823
815
815
826
827
818
828
818
819
1406
829
1404
821
831
821
822
1408
832
1409
824
836
824
825
1411
835
1412
827
839
1415
827
838
1414
830
830
831
841
840
833
833
834
844
843
836
846
836
837
847
839
851
839
850
842
854
842
843
1430
853
1428
845
855
845
846
1432
856
1433
848
858
848
849
1435
860
1436
851
861
1437
851
1438
863
854
864
854
855
866
857
857
858
868
869
860
860
861
871
872
863
875
863
874
866
878
866
867
877
1454
1452
869
881
1455
869
870
1456
880
872
884
1458
872
873
883
1459
875
887
1463
875
886
1462
878
888
878
879
889
881
891
881
882
892
884
894
884
885
895
887
897
887
898
890
902
890
891
1478
901
1476
893
905
893
894
1480
904
1481
896
908
896
897
1483
907
1484
899
911
899
1486
910
1487
902
912
902
903
913
905
915
905
906
916
908
918
908
909
920
911
921
911
923
914
926
914
915
1502
925
1500
917
929
917
918
1504
928
1505
920
930
920
921
931
1507
1508
923
935
923
934
1510
1511
926
936
926
927
937
929
941
929
930
940
932
932
933
943
944
935
945
935
946
938
948
938
939
1526
950
1524
941
951
1527
941
942
1528
952
944
954
1530
944
945
1531
955
947
959
947
1534
958
1535
950
950
951
961
962
953
963
953
954
965
956
966
956
957
968
959
969
959
970
962
972
1548
962
963
973
1550
965
1551
965
966
976
1552
977
968
1554
968
969
980
1556
978
971
981
971
1558
983
1557
974
984
974
975
986
977
987
977
978
988
980
980
981
991
992
983
983
994
995
986
1572
986
987
997
1573
998
989
999
989
990
1576
1001
1575
992
1002
1578
992
993
1003
1580
995
1005
1581
995
1007
1583
998
1008
998
999
1009
1001
1001
1002
1012
1013
1004
1016
1004
1005
1015
1007
1019
1007
1018
1010
1022
1010
1011
1597
1021
1598
1013
1023
1599
1013
1014
1025
1601
1016
1026
1602
1016
1017
1028
1604
1019
1029
1607
1019
1030
1606
1022
1032
1022
1023
1033
1025
1037
1025
1026
1036
1028
1040
1028
1029
1039
1031
1043
1031
1042
1034
1046
1034
1035
1622
1045
1620
1037
1047
1625
1037
1038
1048
1624
1040
1050
1626
1040
1041
1051
1628
1043
1053
1629
1043
1054
1631
1046
1056
1046
1047
1057
1049
1059
1049
1050
1060
1052
1062
1052
1053
1064
1055
1065
1055
1066
1058
1068
1058
1059
1646
1070
1644
1061
1647
1061
1062
1072
1071
1649
1064
1650
1064
1065
1075
1652
1076
1067
1653
1067
1078
1077
1655
1070
1070
1071
1081
1082
1073
1085
1073
1074
1084
1076
1088
1076
1077
1087
1079
1091
1079
1090
1082
1092
1668
1082
1083
1093
1670
1085
1095
1671
1085
1086
1096
1673
1088
1098
1674
1088
1089
1676
1099
1091
1101
1677
1091
1103
1679
1094
1106
1094
1095
1105
1097
1107
1097
1098
1108
1100
1110
1100
1101
1111
1103
1113
1103
1114
1106
1116
1692
1106
1107
1117
1694
1109
1695
1109
1110
1120
1121
1697
1112
1698
1112
1113
1123
1124
1700
1115
1703
1115
1126
1127
1702
1118
1128
1118
1119
1129
1121
1131
1121
1122
1132
1124
1134
1124
1125
1136
1127
1137
1127
1139
1130
1716
1130
1131
1141
1142
1717
1133
1143
1133
1134
1721
1145
1719
1136
1148
1136
1137
1147
1723
1722
1139
1151
1139
1150
1726
1725
1142
1142
1143
1145
1145
1146
1148
1148
1149
1151
1151
1154
1164
1154
1155
1742
1166
1740
1157
1745
1157
1158
1168
1744
1169
1160
1746
1160
1161
1171
1747
1172
1163
1749
1163
1174
1750
1175
1166
1166
1167
1177
1178
1169
1179
1169
1170
1180
1172
1182
1172
1173
1183
1175
1185
1175
1186
1178
1188
1764
1178
1179
1189
1766
1181
1191
1181
1182
1768
1192
1767
1184
1196
1184
1185
1771
1195
1770
1187
1199
1187
1774
1198
1773
1190
1202
1190
1191
1201
1193
1193
1194
1204
1203
1196
1208
1196
1197
1207
1199
1211
1199
1210
1202
1212
1788
1202
1203
1213
1790
1205
1217
1205
1206
1793
1216
1791
1208
1218
1794
1208
1209
1795
1219
1211
1221
1799
1211
1798
1222
1214
1226
1214
1215
1225
1217
1229
1217
1218
1228
1220
1230
1220
1221
1232
1223
1235
1223
1234
1226
1236
1812
1226
1227
1237
1814
1229
1239
1817
1229
1230
1816
1240
1232
1818
1232
1233
1244
1819
1242
1235
1245
1823
1235
1246
1822
1238
1248
1238
1239
1249
1241
1253
1241
1242
1252
1244
1244
1245
1255
1256
1247
1259
1247
1258
1250
1838
1250
1251
1261
1260
1837
1253
1263
1841
1253
1254
1264
1840
1256
1266
1842
1256
1257
1267
1844
1259
1269
1845
1259
1270
1847
1262
1274
1262
1263
1273
1265
1277
1265
1266
1276
1268
1278
1268
1269
1280
1271
1281
1271
1283
1274
1284
1860
1274
1275
1285
1862
1277
1287
1863
1277
1278
1288
1865
1280
1866
1280
1281
1291
1868
1292
1283
1869
1283
1294
1871
1295
1286
1298
1286
1287
1297
1289
1299
1289
1290
1301
1292
1302
1292
1293
1303
1295
1305
1295
1306
1298
1308
1884
1298
1299
1309
1886
1301
1887
1301
1302
1312
1889
1313
1304
1316
1304
1305
1892
1315
1890
1307
1319
1307
1895
1318
1893
1310
1322
1310
1311
1321
1313
1323
1313
1314
1324
1316
1326
1316
1317
1327
1319
1329
1319
1330
1322
1332
1908
1322
1323
1333
1910
1325
1337
1325
1326
1913
1336
1911
1328
1340
1328
1329
1916
1339
1914
1331
1341
1331
1919
1343
1917
1334
1346
1334
1335
1345
1337
1347
1337
1338
1349
1340
1350
1340
1341
1352
1343
1343
1354
1353
1346
1356
1932
1346
1347
1357
1934
1349
1359
1349
1350
1361
1936
1935
1352
1362
1352
1353
1364
1939
1940
1355
1943
1355
1366
1365
1942
1358
1368
1358
1359
1370
1361
1361
1362
1372
1373
1364
1364
1365
1375
1376
1367
1379
1367
1378
1370
1958
1370
1371
1381
1957
1382
1373
1383
1961
1373
1374
1384
1960
1376
1386
1962
1376
1377
1387
1963
1379
1389
1965
1379
1390
1966
1382
1392
1382
1383
1393
1385
1397
1385
1386
1396
1388
1398
1388
1389
1399
1391
1401
1391
1402
1394
1406
1394
1395
1981
1405
1982
1397
1407
1985
1397
1398
1408
1984
1400
1986
1400
1401
1411
1410
1987
1403
1989
1403
1414
1413
1990
1406
1416
1406
1407
1417
1409
1421
1409
1410
1420
1412
1424
1412
1413
1423
1415
1425
1415
1426
1418
1430
1418
1419
2006
1429
2004
1421
1431
2009
1421
1422
1432
2008
1424
1434
2012
1424
1425
1435
2011
1427
2015
1427
1438
1439
2014
1430
1440
1430
1431
1441
1433
1443
1433
1434
1444
1436
1446
1436
1437
1447
1439
1451
1439
1450
1442
1452
1442
1443
2029
1453
2030
1445
2033
1445
1446
1456
1457
2032
1448
2036
1448
1449
1459
1460
2035
1451
1461
2037
1451
2038
1462
1454
1454
1455
1465
1464
1457
1469
1457
1458
1468
1460
1472
1460
1461
1471
1463
1475
1463
1474
1466
1478
1466
1467
2053
1477
2054
1469
1479
2055
1469
1470
2056
1480
1472
1482
2058
1472
1473
2059
1483
1475
1485
2061
1475
1486
2063
1478
1488
1478
1479
1489
1481
1493
1481
1482
1492
1484
1496
1484
1485
1495
1487
1497
1487
1498
1490
1502
1490
1491
2078
1501
2076
1493
1503
2079
1493
1494
1504
2081
1496
1506
2082
1496
1497
1508
2084
1499
2085
1499
1511
1509
2087
1502
1512
1502
1503
1513
1505
1515
1505
1506
1516
1508
1518
1508
1509
1519
1511
1523
1511
1522
1514
1526
1514
1515
2101
1525
2102
1517
2103
1517
1518
1528
1529
2105
1520
2106
1520
1521
1531
1532
2108
1523
1533
2109
1523
1534
2111
1526
1536
1526
1527
1537
1529
1539
1529
1530
1540
1532
1542
1532
1533
1543
1535
1547
1535
1546
1538
1550
1538
1539
2126
1549
2124
1541
1551
1541
1542
2128
1553
2129
1544
1554
1544
1545
2131
1555
2132
1547
1559
2135
1547
1558
2134
1550
1560
1550
1551
1561
1553
1553
1554
1564
1565
1556
1556
1557
1567
1566
1559
1569
1559
1570
1562
1572
1562
1563
2150
1574
2148
1565
1577
2153
1565
1566
1576
2152
1568
1580
1568
1569
2155
1579
2156
1571
1583
1571
2158
1582
2159
1574
1574
1575
1585
1586
1577
1587
1577
1578
1589
1580
1590
1580
1581
1592
1583
1595
1583
1594
1586
1596
2172
1586
1587
1597
2174
1589
1601
1589
1590
1600
2176
2177
1592
1604
1592
1593
1603
2179
2180
1595
1605
2181
1595
2182
1606
1598
1608
1598
1599
1610
1601
1613
1601
1602
1612
1604
1614
1604
1605
1616
1607
1617
1607
1619
1610
2196
1610
1611
1621
2197
1622
1613
1623
2199
1613
1614
2200
1624
1616
1628
1616
1617
1627
2203
2204
1619
2205
1619
1630
2206
1631
1622
1632
1622
1623
1633
1625
1635
1625
1626
1637
1628
1638
1628
1629
1639
1631
1641
1631
1642
1634
1646
1634
1635
2221
1645
2222
1637
2223
1637
1638
1648
2224
1647
1640
1650
1640
1641
2227
1651
2228
1643
1653
1643
2230
1654
2231
1646
1656
1646
1647
1657
1649
1649
1650
1660
1659
1652
1652
1653
1663
1662
1655
1655
1666
1665
1658
1670
1658
1659
2245
1669
2246
1661
1673
1661
1662
2248
1672
2249
1664
1676
1664
1665
2251
1675
2252
1667
1679
1667
2254
1678
2255
1670
1680
1670
1671
1681
1673
1683
1673
1674
1684
1676
1686
1676
1677
1687
1679
1691
1679
1690
1682
1694
1682
1683
2269
1693
2270
1685
1695
1685
1686
2272
1696
2273
1688
1698
1688
1689
2275
1699
2276
1691
1701
2277
1691
2278
1703
1694
1704
1694
1695
1705
1697
1697
1698
1708
1707
1700
1700
1701
1711
1710
1703
1713
1703
1715
1706
1716
1706
1707
2294
1718
2292
1709
1721
1709
1710
2296
1720
2297
1712
1722
1712
1713
2299
1724
2300
1715
2301
1715
1727
2303
1725
1718
1718
1719
1721
1721
1722
1724
1724
1725
1727
1727
1730
1742
1730
1731
1741
1733
1743
1733
1734
1745
1736
1746
1736
1737
1748
1739
1749
1739
1751
1742
1752
1742
1743
1754
1745
1755
1745
1746
1756
1748
1748
1749
1759
1760
1751
1751
1762
1763
1754
1766
1754
1755
1765
1757
1757
1758
1768
1769
1760
1772
1760
1761
1771
1763
1775
1763
1774
1766
1776
1766
1767
1778
1769
1779
1769
1770
1780
1772
1784
1772
1773
1783
1775
1787
1775
1786
1778
1790
1778
1779
1789
1781
1793
1781
1782
1792
1784
1796
1784
1785
1795
1787
1797
1787
1798
1790
1800
1790
1791
1801
1793
1805
1793
1794
1804
1796
1806
1796
1797
1807
1799
1811
1799
1810
1802
1814
1802
1803
1813
1805
1815
1805
1806
1816
1808
1818
1808
1809
1820
1811
1821
1811
1822
1814
1826
1814
1815
1825
1817
1829
1817
1818
1828
1820
1820
1821
1832
1830
1823
1833
1823
1835
1826
1836
1826
1827
1838
1829
1839
1829
1830
1840
1832
1832
1833
1843
1844
1835
1835
1846
1847
1838
1848
1838
1839
1850
1841
1851
1841
1842
1853
1844
1854
1844
1845
1855
1847
1857
1847
1858
1850
1850
1851
1861
1862
1853
1853
1854
1864
1865
1856
1866
1856
1857
1867
1859
1869
1859
1870
1862
1872
1862
1863
1873
1865
1875
1865
1866
1876
1868
1868
1869
1879
1878
1871
1871
1882
1881
1874
1886
1874
1875
1885
1877
1887
1877
1878
1888
1880
1892
1880
1881
1891
1883
1895
1883
1894
1886
1896
1886
1887
1898
1889
1889
1890
1900
1899
1892
1902
1892
1893
1903
1895
1905
1895
1906
1898
1910
1898
1899
1909
1901
1913
1901
1902
1912
1904
1916
1904
1905
1915
1907
1919
1907
1918
1910
1920
1910
1911
1922
1913
1923
1913
1914
1924
1916
1928
1916
1917
1927
1919
1931
1919
1930
1922
1934
1922
1923
1933
1925
1935
1925
1926
1937
1928
1938
1928
1929
1940
1931
1941
1931
1943
1934
1946
1934
1935
1945
1937
1937
1938
1948
1949
1940
1952
1940
1941
1951
1943
1955
1943
1954
1946
1956
1946
1947
1958
1949
1959
1949
1950
1960
1952
1964
1952
1953
1963
1955
1967
1955
1966
1958
1970
1958
1959
1969
1961
1973
1961
1962
1972
1964
1974
1964
1965
1976
1967
1977
1967
1979
1970
1980
1970
1971
1981
1973
1983
1973
1974
1984
1976
1986
1976
1977
1988
1979
1989
1979
1991
1982
1992
1982
1983
1994
1985
1995
1985
1986
1996
1988
1988
1989
1999
2000
1991
1991
2002
2003
1994
1994
1995
2005
2006
1997
1997
1998
2008
2007
2000
2010
2000
2001
2011
2003
2013
2003
2015
2006
2018
2006
2007
2017
2009
2021
2009
2010
2020
2012
2024
2012
2013
2023
2015
2027
2015
2026
2018
2028
2018
2019
2029
2021
2031
2021
2022
2033
2024
2034
2024
2025
2036
2027
2039
2027
2038
2030
2042
2030
2031
2041
2033
2045
2033
2034
2044
2036
2048
2036
2037
2047
2039
2049
2039
2050
2042
2052
2042
2043
2053
2045
2057
2045
2046
2056
2048
2060
2048
2049
2059
2051
2063
2051
2062
2054
2064
2054
2055
2066
2057
2067
2057
2058
2068
2060
2070
2060
2061
2072
2063
2073
2063
2075
2066
2066
2067
2077
2078
2069
2081
2069
2070
2080
2072
2084
2072
2073
2083
2075
2085
2075
2086
2078
2090
2078
2079
2089
2081
2091
2081
2082
2093
2084
2094
2084
2085
2095
2087
2087
2098
2097
2090
2100
2090
2091
2101
2093
2103
2093
2094
2104
2096
2106
2096
2097
2107
2099
2111
2099
2110
2102
2112
2102
2103
2114
2105
2105
2106
2116
2117
2108
2108
2109
2119
2120
2111
2123
2111
2122
2114
2114
2115
2125
2126
2117
2127
2117
2118
2128
2120
2130
2120
2121
2131
2123
2133
2123
2134
2126
2136
2126
2127
2138
2129
2141
2129
2130
2140
2132
2142
2132
2133
2143
2135
2145
2135
2146
2138
2150
2138
2139
2149
2141
2151
2141
2142
2152
2144
2144
2145
2155
2154
2147
2147
2158
2157
2150
2160
2150
2151
2161
2153
2163
2153
2154
2164
2156
2168
2156
2157
2167
2159
2171
2159
2170
2162
2174
2162
2163
2173
2165
2165
2166
2177
2175
2168
2178
2168
2169
2180
2171
2183
2171
2182
2174
2184
2174
2175
2186
2177
2189
2177
2178
2188
2180
2192
2180
2181
2191
2183
2193
2183
2194
2186
2196
2186
2187
2198
2189
2201
2189
2190
2200
2192
2202
2192
2193
2204
2195
2205
2195
2207
2198
2198
2199
2209
2210
2201
2211
2201
2202
2212
2204
2216
2204
2205
2215
2207
2207
2218
2219
2210
2220
2210
2211
2221
2213
2223
2213
2214
2225
2216
2226
2216
2217
2227
2219
2229
2219
2230
2222
2234
2222
2223
2233
2225
2225
2226
2236
2237
2228
2238
2228
2229
2239
2231
2241
2231
2242
2234
2244
2234
2235
2245
2237
2247
2237
2238
2248
2240
2240
2241
2251
2250
2243
2243
2254
2253
2246
2258
2246
2247
2257
2249
2259
2249
2250
2260
2252
2264
2252
2253
2263
2255
2267
2255
2266
2258
2268
2258
2259
2269
2261
2261
2262
2272
2271
2264
2274
2264
2265
2275
2267
2279
2267
2278
2270
2280
2270
2271
2282
2273
2285
2273
2274
2284
2276
2288
2276
2277
2287
2279
2289
2279
2291
2282
2282
2283
2293
2294
2285
2295
2285
2286
2296
2288
2298
2288
2289
2299
2291
2301
2291
2302
2294
2294
2295
2297
2297
2298
2300
2300
2301
2303
2303
)


// ************************************************************************* //
