/*--------------------------------*- C++ -*----------------------------------*\
  =========                 |
  \\      /  F ield         | OpenFOAM: The Open Source CFD Toolbox
   \\    /   O peration     | Website:  https://openfoam.org
    \\  /    A nd           | Version:  6
     \\/     M anipulation  |
\*---------------------------------------------------------------------------*/
FoamFile
{
    version     2.0;
    format      ascii;
    class       pointVectorField;
    location    "3.799814236946284";
    object      u;
}
// * * * * * * * * * * * * * * * * * * * * * * * * * * * * * * * * * * * * * //

dimensions      [0 1 0 0 0 0 0];

internalField   nonuniform List<vector> 
625
(
(0 0 0)
(0 0 0)
(0.33632967 0.032091789 -0.050000504)
(0.33102205 -0.07070304 -0.045562548)
(0 0 0)
(0 0 0)
(0.32832427 -0.055546289 -0.046263476)
(0.33353933 0.046918246 -0.050239731)
(0 0 0)
(0 0 0)
(0 0 0)
(0.33470044 0.0054915955 -0.049801048)
(0.33287901 -0.019172182 -0.047837571)
(0.33185589 -0.043946742 -0.046924915)
(0.00041995222 0.0018840578 0.0017307427)
(0.001415977 0.0039520954 0.0020653962)
(0.0039255416 0.0059442021 0.0021415847)
(0.007503709 0.0080734783 0.0019590481)
(0.012323122 0.0099167547 0.00168008)
(0.018259904 0.011897345 0.001158099)
(0.025429226 0.013640387 0.00037931746)
(0.033677658 0.015474481 -0.00054991321)
(0.043209177 0.017149422 -0.0018367855)
(0.053905848 0.018816936 -0.0033203695)
(0.065846567 0.020518784 -0.0051603626)
(0.079084089 0.022100651 -0.0073851303)
(0.093561873 0.023763942 -0.0097650107)
(0.10940534 0.025348482 -0.01252024)
(0.12653328 0.026944903 -0.015506022)
(0.14505595 0.028369084 -0.018721132)
(0.16497059 0.029982905 -0.022307047)
(0.18600556 0.0311896 -0.025773064)
(0.20860006 0.032289753 -0.029690241)
(0.23216648 0.033153461 -0.033541532)
(0.25695283 0.033652525 -0.03749941)
(0.2825241 0.034005025 -0.041568)
(0.30861626 0.033389707 -0.045371685)
(-0.00010887614 -0.0016490517 -0.0018733803)
(0.0014274662 -0.0036589202 -0.0017633075)
(0.0040988812 -0.0061173737 -0.0015730506)
(0.0077069274 -0.0085683278 -0.0016211246)
(0.012543813 -0.011234938 -0.001661696)
(0.018533771 -0.01391685 -0.0019504619)
(0.025606228 -0.016815086 -0.0024660708)
(0.033829258 -0.019709837 -0.00322087)
(0.043205779 -0.022807796 -0.0042682897)
(0.053764008 -0.025930378 -0.0056184231)
(0.065430024 -0.029188576 -0.0073074895)
(0.078406888 -0.032552435 -0.0091764766)
(0.092583496 -0.036000008 -0.011452269)
(0.10799322 -0.03949944 -0.013971761)
(0.12475396 -0.043080664 -0.016724851)
(0.14275748 -0.046640895 -0.019718809)
(0.16217199 -0.050278512 -0.02283329)
(0.18279255 -0.053852342 -0.026189068)
(0.2048471 -0.057287163 -0.029459285)
(0.22790581 -0.06061212 -0.032857711)
(0.25232934 -0.063774172 -0.036155655)
(0.27762237 -0.066494515 -0.039502378)
(0.30375064 -0.068846297 -0.042797604)
(0 0 0)
(0 0 0)
(0 0 0)
(0.00024371673 -0.0010080992 0.0017342207)
(0.0011520565 -0.0040495628 0.002480672)
(0.0032907925 -0.0055309026 0.0024718266)
(0.0067404956 -0.0076273781 0.0025394521)
(0.011233566 -0.0096854177 0.0025511104)
(0.016722115 -0.011434988 0.0021157607)
(0.023647586 -0.01355951 0.0017528482)
(0.031532421 -0.015413448 0.0010015556)
(0.040639679 -0.017442528 2.5846751e-05)
(0.05095914 -0.019393208 -0.0012973849)
(0.062510471 -0.021588431 -0.0028973521)
(0.075262747 -0.023725763 -0.004733769)
(0.089367553 -0.026143604 -0.0069762041)
(0.10470579 -0.02857384 -0.0094641457)
(0.12141483 -0.031212308 -0.012267014)
(0.13944377 -0.033987327 -0.015294848)
(0.1588312 -0.036869259 -0.018589835)
(0.17955106 -0.039850368 -0.022083803)
(0.201544 -0.042893576 -0.025726775)
(0.22484463 -0.045890745 -0.029586519)
(0.24920313 -0.048842051 -0.033493538)
(0.27473213 -0.051385048 -0.037612167)
(0.30083761 -0.053973182 -0.041702619)
(0.32934343 -0.028849301 -0.04730215)
(0.33000934 -0.0043569335 -0.048010706)
(0.3318671 0.019994839 -0.04849561)
(0.30607348 0.048340852 -0.047565619)
(0.27958954 0.048612687 -0.044147786)
(0.25428965 0.048177484 -0.040633832)
(0.22944826 0.047672281 -0.037265375)
(0.20598384 0.046446808 -0.033698198)
(0.18368193 0.044947889 -0.030241985)
(0.16269939 0.043090559 -0.026725351)
(0.1430458 0.040987359 -0.023403369)
(0.1247467 0.038653922 -0.020158863)
(0.10780578 0.036169788 -0.017130562)
(0.092196698 0.033546833 -0.01436822)
(0.077840835 0.030878524 -0.01187057)
(0.064861204 0.028107537 -0.0095764369)
(0.053048936 0.025319441 -0.0077169397)
(0.04250975 0.022520188 -0.0060638441)
(0.033137346 0.019765175 -0.0047712597)
(0.024973766 0.016977268 -0.0037219219)
(0.017881458 0.014327238 -0.0029904865)
(0.012181433 0.011575769 -0.0023933695)
(0.0073549921 0.0089994459 -0.0020859834)
(0.0038617081 0.0064485265 -0.0019621188)
(0.0014544273 0.0039844303 -0.0017318793)
(0.00083203452 0.0017556648 -0.0012861908)
(0 0 0)
(0 0 0)
(0 0 0)
(0 0 0)
(0 0 0)
(0 0 0)
(0.33031598 -0.067216394 -0.046054658)
(0.32983397 -0.063565407 -0.045719476)
(0.32900366 -0.059967078 -0.046043882)
(0.3360535 0.036352728 -0.050046431)
(0.33526639 0.039814548 -0.050140469)
(0.33463187 0.04379669 -0.050310772)
(-0.00043344778 0.0011453907 0.0012582134)
(0.00063278727 0.0021264145 0.001280396)
(0.00311413 0.0030770632 0.0012823783)
(0.0066629337 0.0039888564 0.0011637168)
(0.011503724 0.0047915153 0.00087636945)
(0.017383655 0.0055727969 0.0004020463)
(0.024567646 0.006223553 -0.00028935182)
(0.032779027 0.0068523845 -0.0012322276)
(0.042277098 0.0073401745 -0.0024318837)
(0.052902547 0.0078789657 -0.0039408433)
(0.064750604 0.0082933074 -0.0057608817)
(0.07794101 0.0086901105 -0.0078342738)
(0.092333258 0.0090464247 -0.010230019)
(0.10808053 0.0093581265 -0.012923647)
(0.12511781 0.0095934483 -0.015826048)
(0.14355532 0.0098154371 -0.019058108)
(0.16325758 0.0099275586 -0.022389809)
(0.18437844 0.010019133 -0.025957773)
(0.20689164 0.009867362 -0.029687979)
(0.23041851 0.0095470673 -0.033390953)
(0.25526211 0.0090875645 -0.037372836)
(0.28086386 0.0084300924 -0.041321388)
(0.30747032 0.0068214907 -0.045172958)
(-0.00077737327 0.00019136808 0.00015246645)
(0.0004603046 0.00013756303 8.0595125e-05)
(0.0030430198 1.5108593e-05 0.00016294624)
(0.0066167137 -0.0001695853 3.2987187e-05)
(0.011466598 -0.00059080719 -0.00017249308)
(0.017418477 -0.00094270749 -0.00061740532)
(0.024526513 -0.0015134765 -0.0012648446)
(0.032770355 -0.0020525539 -0.0021623508)
(0.042213876 -0.0027682006 -0.0033488204)
(0.05282115 -0.003462178 -0.0047803455)
(0.064620674 -0.0042535624 -0.0065372335)
(0.077722075 -0.0051893616 -0.0085639576)
(0.092027116 -0.0060722169 -0.010939555)
(0.10766117 -0.0070287592 -0.013522362)
(0.1246046 -0.0080554245 -0.016383541)
(0.14288825 -0.0090758552 -0.019494084)
(0.16255509 -0.01020038 -0.0227049)
(0.18348314 -0.011237503 -0.026219716)
(0.20568675 -0.012500405 -0.029652534)
(0.22909777 -0.013740908 -0.033242844)
(0.25387269 -0.015026792 -0.036995885)
(0.27955246 -0.016505468 -0.040488975)
(0.30634902 -0.017794618 -0.044280686)
(-0.00081005718 -0.00080407232 -0.00068248919)
(0.00052190396 -0.0017211385 -0.00068778793)
(0.0031436324 -0.0029399299 -0.00058375274)
(0.0067270284 -0.0042940024 -0.00063520997)
(0.0116166 -0.0057664774 -0.00081879863)
(0.017509354 -0.0073429228 -0.0011735265)
(0.024649087 -0.0090020509 -0.0017640477)
(0.032853487 -0.010755564 -0.0025982709)
(0.042268966 -0.012620327 -0.0036936306)
(0.05279924 -0.014597858 -0.0050780706)
(0.06459213 -0.01657172 -0.0068183018)
(0.077600524 -0.018694671 -0.0088013958)
(0.091842588 -0.02083299 -0.01108872)
(0.10739815 -0.023052835 -0.013644076)
(0.12421435 -0.025300089 -0.01646597)
(0.14242465 -0.027590458 -0.01948189)
(0.16186641 -0.029863009 -0.022731215)
(0.18275171 -0.032094607 -0.026050823)
(0.20489101 -0.03439684 -0.029521325)
(0.22839672 -0.036477558 -0.033097537)
(0.25301582 -0.038714625 -0.036606273)
(0.27858178 -0.040554824 -0.040155706)
(0.30505324 -0.042408159 -0.043570786)
(0 0 0)
(0 0 0)
(0 0 0)
(0 0 0)
(0 0 0)
(0 0 0)
(0 0 0)
(0 0 0)
(0 0 0)
(0.00064883395 -0.00069046032 -0.00061354859)
(0.00080412835 -0.0008842175 9.0662258e-05)
(0.00066078586 -0.00063089875 0.00078193007)
(0.0022976888 -0.0038531165 -0.00070298874)
(0.0023393985 -0.0038170573 0.00031533773)
(0.00214492 -0.0035261111 0.001458519)
(0.0047269514 -0.0060849403 -0.00036307453)
(0.0047005862 -0.0058412901 0.00060344601)
(0.004392087 -0.005517974 0.0016766718)
(0.0082847166 -0.0084636754 -0.00040134915)
(0.0083298161 -0.0080824695 0.00062312253)
(0.0077689119 -0.0076395422 0.0016966844)
(0.013166876 -0.010987257 -0.00041856474)
(0.012946171 -0.010523564 0.00061489775)
(0.012379115 -0.0098615167 0.0016955198)
(0.018964569 -0.013515557 -0.00069694299)
(0.018707678 -0.012652885 0.00038059671)
(0.018149918 -0.0119824 0.0013957112)
(0.026020678 -0.016089495 -0.0011624911)
(0.025731245 -0.015279248 -0.00014098709)
(0.024916827 -0.014072332 0.00099407009)
(0.034166691 -0.018806205 -0.0019024909)
(0.033740531 -0.017526633 -0.00085167484)
(0.033010782 -0.016398034 0.00024400098)
(0.043517386 -0.021557183 -0.002924115)
(0.043047433 -0.020181211 -0.0018664897)
(0.042217261 -0.018677402 -0.00073536901)
(0.053954082 -0.024386519 -0.004252979)
(0.053446525 -0.022713815 -0.003186408)
(0.052575181 -0.020967215 -0.0020515343)
(0.065626649 -0.027388528 -0.0059290864)
(0.065153637 -0.025419064 -0.0047345428)
(0.06421099 -0.023410643 -0.0036703145)
(0.078641888 -0.030506302 -0.0077843222)
(0.077948985 -0.028126216 -0.0067850474)
(0.076989256 -0.025867054 -0.0055067756)
(0.092721208 -0.033578586 -0.010079972)
(0.09212747 -0.031116589 -0.0089529651)
(0.091137737 -0.02863747 -0.0077833901)
(0.10820228 -0.036899747 -0.012571449)
(0.10752488 -0.03412839 -0.011491781)
(0.10653344 -0.031362289 -0.010289936)
(0.12488988 -0.040194486 -0.015368256)
(0.12423701 -0.037224254 -0.01429803)
(0.12322277 -0.034241316 -0.01309633)
(0.14294223 -0.043624926 -0.018387024)
(0.14225848 -0.040414799 -0.017315662)
(0.14125478 -0.037260207 -0.016137596)
(0.16225307 -0.047009451 -0.02156488)
(0.16158304 -0.043675859 -0.020583308)
(0.16059299 -0.040365517 -0.019417616)
(0.18286692 -0.050358496 -0.024967725)
(0.18224468 -0.046996582 -0.023989501)
(0.18126179 -0.043508219 -0.022886647)
(0.20475779 -0.053853031 -0.028335527)
(0.20414321 -0.050228567 -0.027502958)
(0.20316228 -0.046673549 -0.026477343)
(0.22786672 -0.056989334 -0.031929725)
(0.22727453 -0.05343687 -0.031151312)
(0.22632323 -0.049796122 -0.030257154)
(0.25210432 -0.060142558 -0.03545497)
(0.25147792 -0.056487836 -0.03474708)
(0.25053459 -0.052725187 -0.034065264)
(0.27729172 -0.062839865 -0.039006655)
(0.27673151 -0.059165464 -0.038504739)
(0.27592461 -0.055550597 -0.038046318)
(0.30331507 -0.065413462 -0.042503598)
(0.30261365 -0.061650813 -0.042288685)
(0.30186886 -0.057872224 -0.041992339)
(0.33450653 0.0096166717 -0.04909561)
(0.33369394 0.013330483 -0.049033579)
(0.33303815 0.017026643 -0.048902042)
(0.3320763 -0.015515634 -0.047809623)
(0.33175895 -0.011785659 -0.047982727)
(0.33071508 -0.0081745394 -0.04806065)
(0.33143602 -0.040495218 -0.047046861)
(0.33094684 -0.03675566 -0.047041017)
(0.32998993 -0.032908884 -0.047060411)
(0.0010872727 0.0014712524 0.00089527828)
(0.0012836212 0.0015651023 0.00027428069)
(0.0012435311 0.0016845238 -0.00037882504)
(0.0023034226 0.0037053215 0.0011740126)
(0.0022998742 0.0039260177 0.00028961153)
(0.0023665828 0.0038491656 -0.00080462357)
(0.0047599246 0.0059344201 0.0012789424)
(0.0049121571 0.0061029498 0.00025312572)
(0.0047912592 0.006346108 -0.00085819464)
(0.0083132426 0.0081631937 0.0010963027)
(0.008430695 0.0084618511 0.00011531767)
(0.0083313142 0.0087189951 -0.0010334132)
(0.013121053 0.010231019 0.00082066007)
(0.013251469 0.010705612 -0.00015639438)
(0.013008982 0.011249499 -0.0012989974)
(0.019007618 0.012455634 0.00032961819)
(0.019093007 0.013058548 -0.00066940935)
(0.018935144 0.013652764 -0.0018715819)
(0.026159422 0.014415043 -0.00043252566)
(0.026214723 0.015267944 -0.0013577092)
(0.025994007 0.016083167 -0.0025687131)
(0.03442721 0.016455634 -0.00138733)
(0.034422544 0.017562135 -0.0023503097)
(0.034176048 0.018605391 -0.0036019977)
(0.043920857 0.018441695 -0.0026516323)
(0.043870365 0.019773009 -0.0036414589)
(0.043624396 0.021076906 -0.0048580436)
(0.054588745 0.020357908 -0.0041892369)
(0.054547689 0.022002018 -0.0051746182)
(0.054197412 0.023586336 -0.0065023788)
(0.066479663 0.022436172 -0.00600636)
(0.066431773 0.024304308 -0.007191899)
(0.06607196 0.026056242 -0.0083197191)
(0.079723324 0.024289036 -0.0082769764)
(0.079536249 0.026428948 -0.0091805834)
(0.079098385 0.028499285 -0.010674966)
(0.094197592 0.026208079 -0.010706699)
(0.093960441 0.028584764 -0.011787604)
(0.093498896 0.030991332 -0.013106364)
(0.1099788 0.028053406 -0.013502274)
(0.10971067 0.030697729 -0.014522948)
(0.10922044 0.033284303 -0.01589315)
(0.12709572 0.029880453 -0.016494531)
(0.12676528 0.032763364 -0.017560174)
(0.12620621 0.035537517 -0.018933537)
(0.14556202 0.031635719 -0.019800429)
(0.14518648 0.034612407 -0.020835855)
(0.14455164 0.037697231 -0.022206515)
(0.16537232 0.03319864 -0.023259716)
(0.1648436 0.036531084 -0.024262482)
(0.1642457 0.039646448 -0.025577035)
(0.18633529 0.034691118 -0.026889508)
(0.18598975 0.038017354 -0.02786082)
(0.18524172 0.041362408 -0.029166043)
(0.2088229 0.035941139 -0.03066604)
(0.20825515 0.039383816 -0.03153266)
(0.20748473 0.042861085 -0.032716691)
(0.23224748 0.036866976 -0.034450785)
(0.23170425 0.040530558 -0.03530951)
(0.23094474 0.043984645 -0.036411955)
(0.25694998 0.037613402 -0.038384921)
(0.25642911 0.04104693 -0.039146556)
(0.25550596 0.044744438 -0.039920214)
(0.28236637 0.037547328 -0.042325032)
(0.28178484 0.041295568 -0.042806913)
(0.28094377 0.04498229 -0.04347583)
(0.30878077 0.037732354 -0.045952134)
(0.30795354 0.041147036 -0.046518702)
(0.30737324 0.044878421 -0.046808885)
(-0.00027596032 0.00065004464 -0.00084464023)
(0.00066211468 0.0026577721 -0.00093296277)
(0.0029011384 0.0036501172 -0.00085715821)
(0.0063711718 0.0051202748 -0.0010421793)
(0.01109957 0.006611173 -0.0013922222)
(0.016824637 0.0081571866 -0.0018417301)
(0.023796091 0.0096686865 -0.0025787105)
(0.031881981 0.011330482 -0.0035584492)
(0.041207497 0.012895743 -0.0048022961)
(0.051646449 0.014518252 -0.006337647)
(0.063401907 0.016111057 -0.0081832528)
(0.076317617 0.01766558 -0.010338731)
(0.090564073 0.018993614 -0.012763731)
(0.10612735 0.020343946 -0.015412698)
(0.12300346 0.021557444 -0.018388359)
(0.14123459 0.022538603 -0.021496769)
(0.16083774 0.023328065 -0.024808531)
(0.18179791 0.023877433 -0.028232238)
(0.20403842 0.024177442 -0.031739324)
(0.22759193 0.024081491 -0.035309935)
(0.25229226 0.023674033 -0.038826675)
(0.27788836 0.022964198 -0.042282118)
(0.30458158 0.021578039 -0.045596045)
(-0.0010067453 0.00026776283 0.00017282564)
(0.0002498543 0.00052655252 0.00021612794)
(0.0025483308 0.00040961284 0.00027165158)
(0.0060386181 0.00084040404 5.7822755e-05)
(0.01063563 0.00098390398 -0.00011233096)
(0.016328258 0.0014769673 -0.00060690099)
(0.023244363 0.001745482 -0.001196773)
(0.031275901 0.0022277787 -0.002126581)
(0.040512634 0.0025855933 -0.0032999034)
(0.050919636 0.0030297146 -0.0047526977)
(0.062603393 0.0032813139 -0.006547894)
(0.075467502 0.0036642158 -0.0085691107)
(0.089657575 0.0037355049 -0.010902179)
(0.10517696 0.0038903328 -0.013565589)
(0.12200398 0.0038042536 -0.016429296)
(0.14022056 0.0035665257 -0.019546378)
(0.15977161 0.003207765 -0.022819688)
(0.18070271 0.0026387711 -0.026300606)
(0.2029458 0.0018810616 -0.029828533)
(0.22645849 0.00088285339 -0.033508358)
(0.25120611 -9.1862999e-05 -0.037097247)
(0.27679969 -0.001532634 -0.040863838)
(0.30400508 -0.0029410285 -0.044538986)
(-0.00092894691 -0.00082465522 0.00090246788)
(0.0004501743 -0.0015633945 0.0010320939)
(0.0027026754 -0.0026531726 0.0014118012)
(0.0059924004 -0.0034158834 0.0012236247)
(0.010584763 -0.0041667328 0.0011798578)
(0.016216471 -0.0049959942 0.00075470518)
(0.023071191 -0.0057660001 0.00024617541)
(0.030977131 -0.0064346053 -0.00063294615)
(0.040205264 -0.0072409674 -0.0016831898)
(0.050531121 -0.0080496421 -0.0030772389)
(0.06213929 -0.0088757767 -0.0047574196)
(0.07493498 -0.0098819436 -0.0066832141)
(0.089079942 -0.010838176 -0.0090107937)
(0.10452646 -0.012058994 -0.011531756)
(0.12127035 -0.013332582 -0.014357402)
(0.13940913 -0.014763623 -0.0174182)
(0.15890104 -0.016337238 -0.02067755)
(0.17974247 -0.018037264 -0.024151652)
(0.20190174 -0.019860921 -0.027726913)
(0.22537778 -0.021732237 -0.031453041)
(0.24991312 -0.023626396 -0.035231824)
(0.27574554 -0.025555584 -0.039222337)
(0.30210524 -0.027164911 -0.042974737)
(8.53826e-05 0.0005498418 0.00057862238)
(0.00014531425 0.00065873662 0.00024666076)
(0.00016797235 0.00065709266 -0.00016968763)
(0.0013923579 0.0020257542 0.00079069133)
(0.0015306622 0.0021976937 0.00023764803)
(0.0014349861 0.0022313546 -0.00045013193)
(0.0038831689 0.0031255415 0.00073884302)
(0.0040593023 0.0032131387 0.00017357017)
(0.0038431156 0.0035042155 -0.0003760539)
(0.0074605522 0.0041088943 0.00062280375)
(0.0075296524 0.0045418724 7.5692229e-05)
(0.0073137167 0.0047684665 -0.00049599478)
(0.012250321 0.005182304 0.00038202162)
(0.012340983 0.0056419988 -0.00016611574)
(0.01205709 0.0061246626 -0.00074521761)
(0.018169692 0.0060733338 -0.00012560135)
(0.018142781 0.0068133445 -0.00066009343)
(0.017887078 0.0074219307 -0.001259614)
(0.02525435 0.0070273629 -0.00074061207)
(0.025251197 0.0079120855 -0.0013515113)
(0.02490937 0.0087563273 -0.001920897)
(0.033482289 0.0078454706 -0.0017083959)
(0.033385228 0.0090182808 -0.0022644108)
(0.03303384 0.010071519 -0.0028871702)
(0.042951332 0.0086629682 -0.0029035172)
(0.04280156 0.010058711 -0.0035082461)
(0.042422774 0.011422956 -0.0041176862)
(0.053539225 0.0094744096 -0.004425037)
(0.05337316 0.011130812 -0.0050040048)
(0.052932376 0.012675523 -0.0056364139)
(0.065420565 0.01016621 -0.0062590703)
(0.065187488 0.012077833 -0.0068217869)
(0.064705884 0.014037706 -0.007443425)
(0.07852838 0.010868889 -0.0083311889)
(0.078282014 0.013129501 -0.00896371)
(0.07770627 0.015190022 -0.0096316621)
(0.0929157 0.011486152 -0.010748809)
(0.092558709 0.013932287 -0.01138991)
(0.092019177 0.016380306 -0.012031785)
(0.10860187 0.012050809 -0.013451448)
(0.10823921 0.014819657 -0.014085222)
(0.10763935 0.01737964 -0.014726029)
(0.1256063 0.012578635 -0.016401665)
(0.12520327 0.015486669 -0.017027187)
(0.12453973 0.018375934 -0.017689538)
(0.14398262 0.0129827 -0.019584052)
(0.14352322 0.016155265 -0.020250281)
(0.14282784 0.01918512 -0.020836032)
(0.16369024 0.013335125 -0.023045485)
(0.16312048 0.016618825 -0.023564282)
(0.16242849 0.019823044 -0.024208216)
(0.18457049 0.01351313 -0.02648774)
(0.18418553 0.01686176 -0.027123584)
(0.18338181 0.020250433 -0.027659968)
(0.20696899 0.013481891 -0.030226595)
(0.20640701 0.017082044 -0.030701834)
(0.20557284 0.020537424 -0.031254222)
(0.23035837 0.013341279 -0.033939123)
(0.22984034 0.016889772 -0.034389316)
(0.22903254 0.020416628 -0.034905671)
(0.25505483 0.012929978 -0.03783116)
(0.25454656 0.016439312 -0.03812411)
(0.25367019 0.020099729 -0.038473428)
(0.28063831 0.012106472 -0.041630656)
(0.27997793 0.0159012 -0.041647222)
(0.27911397 0.019506559 -0.04209849)
(0.30703221 0.01087225 -0.045319689)
(0.30632948 0.014521976 -0.045375795)
(0.3056513 0.018168362 -0.045403204)
(-0.0003559279 3.9125974e-05 7.9879304e-05)
(-0.00031189771 0.00020288518 0.00010968372)
(-0.00030488614 0.00022780074 0.00018015292)
(0.0011493031 0.00012887504 0.00011052488)
(0.0012608779 0.0002742471 0.00017276026)
(0.0011163374 0.00037594301 0.00014571539)
(0.0036852555 2.1971946e-05 0.00013924699)
(0.0038337077 0.00018356286 0.00023403788)
(0.0034879484 0.0004322471 0.00025493108)
(0.0073109347 -3.3331524e-05 7.9273215e-05)
(0.0073496625 0.00032102004 0.00020740946)
(0.0070194239 0.00060335783 0.00016831593)
(0.012042839 -0.00027115082 -0.000147108)
(0.012153772 0.00016706754 8.2923887e-06)
(0.011696922 0.00065552801 -7.9505991e-05)
(0.017965551 -0.00045141856 -0.00056774588)
(0.017924427 0.00023266297 -0.00041060992)
(0.017470233 0.00086206174 -0.00049597973)
(0.02500044 -0.00075157153 -0.0011986145)
(0.025005914 7.0300838e-05 -0.001022536)
(0.02443385 0.0010027649 -0.0010950704)
(0.033222117 -0.0010860225 -0.0021049122)
(0.033121847 3.977449e-05 -0.001917047)
(0.032514371 0.0011413275 -0.0020090812)
(0.042604298 -0.0014641473 -0.0032585865)
(0.042472137 -0.00014431159 -0.0030560028)
(0.041840523 0.0012373226 -0.0031632534)
(0.053148273 -0.0019108477 -0.0047147549)
(0.053023541 -0.0003335076 -0.0045001177)
(0.052270491 0.0013897635 -0.0046224765)
(0.065009608 -0.0024272685 -0.0064517094)
(0.06472227 -0.00054936718 -0.0062609321)
(0.064017653 0.0013506646 -0.0064176694)
(0.077994582 -0.0030104919 -0.0084999585)
(0.077749428 -0.00086685524 -0.0083264234)
(0.076938365 0.0013944681 -0.0084307426)
(0.092319755 -0.0036207978 -0.010906445)
(0.092009502 -0.0012297271 -0.010669695)
(0.091172253 0.0012164544 -0.010819824)
(0.10790755 -0.0043351182 -0.013500086)
(0.10759674 -0.0017094003 -0.013297357)
(0.10668905 0.0010422949 -0.013426118)
(0.12483857 -0.0050812438 -0.016385961)
(0.12444728 -0.0022308507 -0.016152512)
(0.12356599 0.00072521009 -0.016348043)
(0.14307767 -0.0059245824 -0.019509627)
(0.14272666 -0.0028729189 -0.019327363)
(0.14172905 0.0002844193 -0.019462156)
(0.16266893 -0.0068286552 -0.022772774)
(0.16221762 -0.0036286738 -0.022550943)
(0.16129466 -0.0003174263 -0.022744209)
(0.18359339 -0.0078340172 -0.026235636)
(0.18316197 -0.0044628763 -0.026068017)
(0.18217622 -0.0010091983 -0.026247359)
(0.20582426 -0.0089902491 -0.029704761)
(0.20532243 -0.0054543091 -0.029636586)
(0.20431088 -0.0018786108 -0.029768658)
(0.22926207 -0.010085416 -0.033265151)
(0.2286292 -0.0065050725 -0.033298371)
(0.22783171 -0.0029453091 -0.033433816)
(0.25386963 -0.011372185 -0.037014766)
(0.25340528 -0.007630542 -0.036999537)
(0.25236046 -0.0040085674 -0.037036628)
(0.27931579 -0.012767586 -0.040583129)
(0.27863749 -0.009046381 -0.040611657)
(0.27778448 -0.0054904516 -0.040837969)
(0.30592664 -0.014064431 -0.044363462)
(0.30547315 -0.010350161 -0.044355723)
(0.30459116 -0.0065855403 -0.044481186)
(-0.00027734481 -0.00054221991 -0.00021828971)
(-0.00027035857 -0.00051853025 0.00032142629)
(-0.00028217024 -0.00050729432 0.0005317796)
(0.0013978311 -0.0017369569 -0.00015877012)
(0.001472537 -0.0015046598 0.00038774671)
(0.0012105341 -0.0014641365 0.00080285578)
(0.0038623881 -0.0029518248 -4.3207107e-05)
(0.003948096 -0.0027237269 0.00048299891)
(0.0035927845 -0.002594134 0.00092485949)
(0.0074701883 -0.0041860172 -6.9933779e-06)
(0.0074191648 -0.0038335484 0.00051122863)
(0.0070332239 -0.0035519794 0.00098051145)
(0.01224427 -0.0055063578 -0.00017164418)
(0.012190125 -0.004983932 0.00034767566)
(0.011677519 -0.0045785515 0.00074903827)
(0.018111555 -0.0068593281 -0.00049577607)
(0.017927129 -0.0061597411 1.6501562e-05)
(0.017400912 -0.0055118229 0.00046201062)
(0.025156091 -0.0083124889 -0.0010622508)
(0.024972634 -0.0073688267 -0.00052505288)
(0.024324307 -0.0065435242 -0.00011847396)
(0.033339222 -0.0098044913 -0.0018757993)
(0.032992426 -0.0086149212 -0.001329835)
(0.032373329 -0.0075715258 -0.00089592327)
(0.042688813 -0.011395134 -0.0029349083)
(0.042366173 -0.0099626186 -0.00241593)
(0.041617947 -0.0085655172 -0.0019945772)
(0.053217647 -0.013039594 -0.0043376913)
(0.052766849 -0.011301263 -0.0038128878)
(0.052031353 -0.0097415435 -0.0033566358)
(0.064945487 -0.014721411 -0.0060468635)
(0.064512595 -0.012783598 -0.0054643639)
(0.063726603 -0.010849937 -0.0050584534)
(0.07792657 -0.016555967 -0.0080263968)
(0.077419271 -0.014305038 -0.0074763199)
(0.076573658 -0.012159901 -0.0070163265)
(0.092149595 -0.018407071 -0.010327022)
(0.091612956 -0.015916792 -0.00976375)
(0.090761803 -0.013466769 -0.0093000006)
(0.10767445 -0.020368468 -0.012893013)
(0.10709441 -0.01761434 -0.012319057)
(0.10622413 -0.014911703 -0.011874226)
(0.12449833 -0.022375959 -0.015739573)
(0.12387753 -0.019389236 -0.01518061)
(0.12303049 -0.016497723 -0.014730161)
(0.1426488 -0.024428001 -0.018789313)
(0.14203953 -0.021306984 -0.018252638)
(0.14113676 -0.018128785 -0.017791468)
(0.16215332 -0.026571433 -0.022068658)
(0.16143708 -0.02319609 -0.021523578)
(0.16062356 -0.019919712 -0.021085709)
(0.18290258 -0.028666398 -0.025528496)
(0.18231229 -0.025288603 -0.024983853)
(0.18143592 -0.021775038 -0.024562089)
(0.20505299 -0.030887698 -0.029021061)
(0.20429332 -0.027288789 -0.028512225)
(0.20348674 -0.023719263 -0.028141506)
(0.22825097 -0.03299717 -0.032656081)
(0.22772395 -0.029339705 -0.032231059)
(0.22689149 -0.025694752 -0.031840867)
(0.2526557 -0.03503214 -0.036335738)
(0.2521265 -0.031433608 -0.035876475)
(0.25118911 -0.02771928 -0.0356123)
(0.27822345 -0.037079974 -0.039841373)
(0.27765119 -0.033404101 -0.039616169)
(0.27686989 -0.029523788 -0.039388466)
(0.30445937 -0.038850397 -0.043464908)
(0.30381641 -0.034993277 -0.043335965)
(0.30308085 -0.031403189 -0.043359179)
)
;

boundaryField
{
    free
    {
        type            calculated;
    }
    bottom
    {
        type            calculated;
    }
    traction
    {
        type            calculated;
    }
}


// ************************************************************************* //
