/*--------------------------------*- C++ -*----------------------------------*\
  =========                 |
  \\      /  F ield         | OpenFOAM: The Open Source CFD Toolbox
   \\    /   O peration     | Website:  https://openfoam.org
    \\  /    A nd           | Version:  6
     \\/     M anipulation  |
\*---------------------------------------------------------------------------*/
FoamFile
{
    version     2.0;
    format      ascii;
    class       faceList;
    location    "constant/polyMesh";
    object      faces;
}
// * * * * * * * * * * * * * * * * * * * * * * * * * * * * * * * * * * * * * //


5024
(
3(0 193 124)
3(8 124 193)
3(193 0 418)
3(193 418 112)
3(112 418 0)
3(124 0 418)
3(124 418 193)
3(112 194 418)
3(193 418 194)
3(194 113 418)
3(194 419 113)
3(113 419 418)
3(194 418 419)
3(112 113 418)
3(113 194 420)
3(113 420 419)
3(194 419 420)
3(195 113 420)
3(195 420 114)
3(114 420 113)
3(194 420 195)
3(114 60 420)
3(195 420 60)
3(60 114 349)
3(4 349 114)
3(420 114 349)
3(420 349 60)
3(0 418 14)
3(124 14 418)
3(418 112 14)
3(418 280 112)
3(418 14 280)
3(418 280 113)
3(419 113 280)
3(419 281 113)
3(419 280 281)
3(418 280 419)
3(113 420 281)
3(419 281 420)
3(420 114 281)
3(420 282 114)
3(420 281 282)
3(114 420 111)
3(420 282 111)
3(349 114 111)
3(420 111 349)
3(14 418 125)
3(124 125 418)
3(418 14 421)
3(418 421 280)
3(280 421 14)
3(125 14 421)
3(125 421 418)
3(280 419 421)
3(418 421 419)
3(419 281 421)
3(419 422 281)
3(281 422 421)
3(419 421 422)
3(280 281 421)
3(281 420 422)
3(419 422 420)
3(420 282 422)
3(420 423 282)
3(282 423 422)
3(420 422 423)
3(281 282 422)
3(420 423 111)
3(282 111 423)
3(111 350 420)
3(349 420 350)
3(111 350 423)
3(420 423 350)
3(14 421 15)
3(125 15 421)
3(421 14 283)
3(421 283 280)
3(15 283 421)
3(280 421 284)
3(421 283 284)
3(281 284 421)
3(422 284 281)
3(422 421 284)
3(281 422 285)
3(422 284 285)
3(282 285 422)
3(423 285 282)
3(423 422 285)
3(282 423 110)
3(423 285 110)
3(111 110 423)
3(350 423 110)
3(15 125 424)
3(15 424 126)
3(125 126 424)
3(421 15 424)
3(421 424 283)
3(283 424 15)
3(125 424 421)
3(421 424 284)
3(283 284 424)
3(284 425 421)
3(422 425 284)
3(422 421 425)
3(284 425 424)
3(421 424 425)
3(422 425 285)
3(284 285 425)
3(285 426 422)
3(423 426 285)
3(423 422 426)
3(285 426 425)
3(422 425 426)
3(423 426 110)
3(285 110 426)
3(110 351 423)
3(350 423 351)
3(110 351 426)
3(423 426 351)
3(15 126 286)
3(126 16 286)
3(424 15 286)
3(424 286 283)
3(126 286 424)
3(283 424 287)
3(424 286 287)
3(284 287 424)
3(425 287 284)
3(425 424 287)
3(284 425 288)
3(425 287 288)
3(285 288 425)
3(426 288 285)
3(426 425 288)
3(426 288 110)
3(110 109 426)
3(351 426 109)
3(426 288 109)
3(16 126 427)
3(16 427 127)
3(126 127 427)
3(286 427 126)
3(424 427 286)
3(424 126 427)
3(286 427 16)
3(424 427 287)
3(286 287 427)
3(287 428 424)
3(425 428 287)
3(425 424 428)
3(287 428 427)
3(424 427 428)
3(425 428 288)
3(287 288 428)
3(288 429 425)
3(426 429 288)
3(426 425 429)
3(288 429 428)
3(425 428 429)
3(288 426 352)
3(288 352 429)
3(426 429 352)
3(109 352 426)
3(351 426 352)
3(109 352 288)
3(16 427 17)
3(127 17 427)
3(427 16 289)
3(427 289 286)
3(17 289 427)
3(427 289 287)
3(287 290 427)
3(428 290 287)
3(428 427 290)
3(427 289 290)
3(428 290 288)
3(429 288 290)
3(429 291 288)
3(429 290 291)
3(428 290 429)
3(288 352 291)
3(429 291 352)
3(352 288 108)
3(291 108 352)
3(17 127 430)
3(17 430 128)
3(127 128 430)
3(427 17 430)
3(427 430 289)
3(289 430 17)
3(127 430 427)
3(289 427 431)
3(289 431 430)
3(427 430 431)
3(290 431 427)
3(428 431 290)
3(428 427 431)
3(290 431 289)
3(290 428 432)
3(290 432 431)
3(428 431 432)
3(429 290 432)
3(429 432 291)
3(291 432 290)
3(428 432 429)
3(291 429 353)
3(291 353 432)
3(429 432 353)
3(352 291 353)
3(108 353 291)
3(429 353 352)
3(17 430 18)
3(128 18 430)
3(430 289 18)
3(430 292 289)
3(430 18 292)
3(289 431 292)
3(430 292 431)
3(431 289 293)
3(431 293 290)
3(292 293 431)
3(290 432 293)
3(431 293 432)
3(432 290 294)
3(432 294 291)
3(293 294 432)
3(291 353 294)
3(432 294 353)
3(353 108 294)
3(353 294 107)
3(18 128 433)
3(18 433 129)
3(128 129 433)
3(430 18 433)
3(430 433 292)
3(292 433 18)
3(128 433 430)
3(292 430 434)
3(292 434 433)
3(430 433 434)
3(431 292 434)
3(431 434 293)
3(293 434 292)
3(430 434 431)
3(293 431 435)
3(293 435 434)
3(431 434 435)
3(432 293 435)
3(432 435 294)
3(294 435 293)
3(431 435 432)
3(294 432 354)
3(294 354 435)
3(432 435 354)
3(353 294 354)
3(107 354 294)
3(432 354 353)
3(18 129 295)
3(129 19 295)
3(433 18 295)
3(433 295 292)
3(129 295 433)
3(292 434 295)
3(433 295 434)
3(434 293 295)
3(434 296 293)
3(434 295 296)
3(293 435 296)
3(434 296 435)
3(435 294 296)
3(435 297 294)
3(435 296 297)
3(294 354 297)
3(435 297 354)
3(354 294 106)
3(297 106 354)
3(129 130 295)
3(19 295 130)
3(433 295 130)
3(433 436 295)
3(295 436 130)
3(433 130 436)
3(129 130 433)
3(295 434 436)
3(433 436 434)
3(434 295 437)
3(434 437 296)
3(296 437 295)
3(436 295 437)
3(436 437 434)
3(296 435 437)
3(434 437 435)
3(435 296 438)
3(435 438 297)
3(297 438 296)
3(437 296 438)
3(437 438 435)
3(297 354 438)
3(435 438 354)
3(354 297 355)
3(106 355 297)
3(438 297 355)
3(438 355 354)
3(130 20 295)
3(436 295 20)
3(436 298 295)
3(436 20 298)
3(130 20 436)
3(295 437 298)
3(436 298 437)
3(437 295 299)
3(437 299 296)
3(298 299 437)
3(296 438 299)
3(437 299 438)
3(438 296 300)
3(438 300 297)
3(299 300 438)
3(297 355 300)
3(438 300 355)
3(355 297 105)
3(300 105 355)
3(20 130 439)
3(20 439 131)
3(130 131 439)
3(436 20 439)
3(436 439 298)
3(298 439 20)
3(130 439 436)
3(298 436 440)
3(298 440 439)
3(436 439 440)
3(437 298 440)
3(437 440 299)
3(299 440 298)
3(436 440 437)
3(299 437 441)
3(299 441 440)
3(437 440 441)
3(438 299 441)
3(438 441 300)
3(300 441 299)
3(437 441 438)
3(300 438 356)
3(300 356 441)
3(438 441 356)
3(355 300 356)
3(105 356 300)
3(438 356 355)
3(20 131 301)
3(131 21 301)
3(439 20 301)
3(439 301 298)
3(131 301 439)
3(298 440 301)
3(439 301 440)
3(440 298 302)
3(440 302 299)
3(301 302 440)
3(299 441 302)
3(440 302 441)
3(441 299 303)
3(441 303 300)
3(302 303 441)
3(300 356 303)
3(441 303 356)
3(356 300 104)
3(303 104 356)
3(131 132 301)
3(21 301 132)
3(301 442 131)
3(439 442 301)
3(439 131 442)
3(301 442 132)
3(131 132 442)
3(301 439 443)
3(301 443 442)
3(439 442 443)
3(440 301 443)
3(440 443 302)
3(302 443 301)
3(439 443 440)
3(302 440 444)
3(302 444 443)
3(440 443 444)
3(441 302 444)
3(441 444 303)
3(303 444 302)
3(440 444 441)
3(303 441 357)
3(303 357 444)
3(441 444 357)
3(356 303 357)
3(104 357 303)
3(441 357 356)
3(132 22 301)
3(301 304 132)
3(442 304 301)
3(442 132 304)
3(132 22 304)
3(301 443 304)
3(442 304 443)
3(443 301 305)
3(443 305 302)
3(304 305 443)
3(302 444 305)
3(443 305 444)
3(444 302 306)
3(444 306 303)
3(305 306 444)
3(303 357 306)
3(444 306 357)
3(357 104 306)
3(357 306 103)
3(132 133 304)
3(22 304 133)
3(304 445 132)
3(442 445 304)
3(442 132 445)
3(304 445 133)
3(132 133 445)
3(304 442 446)
3(304 446 445)
3(442 445 446)
3(443 304 446)
3(443 446 305)
3(305 446 304)
3(442 446 443)
3(305 444 446)
3(443 446 444)
3(444 305 447)
3(444 447 306)
3(306 447 305)
3(446 305 447)
3(446 447 444)
3(306 444 358)
3(306 358 447)
3(444 447 358)
3(357 306 358)
3(103 358 306)
3(444 358 357)
3(133 23 304)
3(445 304 23)
3(445 307 304)
3(445 23 307)
3(133 23 445)
3(304 446 307)
3(445 307 446)
3(446 305 307)
3(446 308 305)
3(446 307 308)
3(305 447 308)
3(446 308 447)
3(447 306 308)
3(447 309 306)
3(447 308 309)
3(306 358 309)
3(447 309 358)
3(358 306 102)
3(309 102 358)
3(23 133 448)
3(23 448 134)
3(133 134 448)
3(445 23 448)
3(445 448 307)
3(307 448 23)
3(133 448 445)
3(307 446 448)
3(445 448 446)
3(446 307 449)
3(446 449 308)
3(308 449 307)
3(448 307 449)
3(448 449 446)
3(308 447 449)
3(446 449 447)
3(447 308 450)
3(447 450 309)
3(309 450 308)
3(449 308 450)
3(449 450 447)
3(309 358 450)
3(447 450 358)
3(358 309 359)
3(102 359 309)
3(450 309 359)
3(450 359 358)
3(23 448 24)
3(134 24 448)
3(448 23 310)
3(448 310 307)
3(24 310 448)
3(307 449 310)
3(448 310 449)
3(449 308 310)
3(449 311 308)
3(449 310 311)
3(308 450 311)
3(449 311 450)
3(450 309 311)
3(450 312 309)
3(450 311 312)
3(309 359 312)
3(450 312 359)
3(359 102 312)
3(359 312 101)
3(24 134 451)
3(24 451 135)
3(134 135 451)
3(448 24 451)
3(448 451 310)
3(310 451 24)
3(134 451 448)
3(310 449 451)
3(448 451 449)
3(449 310 452)
3(449 452 311)
3(311 452 310)
3(451 310 452)
3(451 452 449)
3(311 450 452)
3(449 452 450)
3(450 311 453)
3(450 453 312)
3(312 453 311)
3(452 311 453)
3(452 453 450)
3(312 359 453)
3(450 453 359)
3(359 312 360)
3(101 360 312)
3(453 312 360)
3(453 360 359)
3(24 135 313)
3(135 25 313)
3(451 24 313)
3(451 313 310)
3(135 313 451)
3(310 452 313)
3(451 313 452)
3(452 310 314)
3(452 314 311)
3(313 314 452)
3(311 452 315)
3(452 314 315)
3(453 311 315)
3(453 315 312)
3(452 315 453)
3(312 453 100)
3(453 315 100)
3(360 312 100)
3(453 100 360)
3(25 135 454)
3(25 454 136)
3(135 136 454)
3(313 454 135)
3(451 454 313)
3(451 135 454)
3(313 454 25)
3(313 451 455)
3(313 455 454)
3(451 454 455)
3(452 313 455)
3(452 455 314)
3(314 455 313)
3(451 455 452)
3(314 452 456)
3(314 456 455)
3(452 455 456)
3(315 456 452)
3(453 456 315)
3(453 452 456)
3(315 456 314)
3(453 456 100)
3(315 100 456)
3(100 361 453)
3(360 453 361)
3(100 361 456)
3(453 456 361)
3(25 454 26)
3(136 26 454)
3(454 313 26)
3(454 316 313)
3(454 26 316)
3(313 454 317)
3(454 316 317)
3(455 313 317)
3(455 317 314)
3(454 317 455)
3(314 456 317)
3(455 317 456)
3(456 314 318)
3(456 318 315)
3(317 318 456)
3(315 456 99)
3(456 318 99)
3(100 99 456)
3(361 456 99)
3(26 136 457)
3(26 457 137)
3(136 137 457)
3(454 26 457)
3(454 457 316)
3(316 457 26)
3(136 457 454)
3(454 457 317)
3(316 317 457)
3(317 458 454)
3(455 458 317)
3(455 454 458)
3(317 458 457)
3(454 457 458)
3(317 455 459)
3(317 459 458)
3(455 458 459)
3(456 317 459)
3(456 459 318)
3(318 459 317)
3(455 459 456)
3(456 459 99)
3(318 99 459)
3(361 99 459)
3(99 362 459)
3(361 459 362)
3(456 459 361)
3(26 457 27)
3(137 27 457)
3(457 316 27)
3(457 319 316)
3(457 27 319)
3(316 457 320)
3(457 319 320)
3(317 320 457)
3(458 320 317)
3(458 457 320)
3(317 459 320)
3(458 320 459)
3(459 317 321)
3(459 321 318)
3(320 321 459)
3(318 459 98)
3(459 321 98)
3(99 98 459)
3(362 459 98)
3(27 137 460)
3(27 460 138)
3(137 138 460)
3(457 27 460)
3(457 460 319)
3(319 460 27)
3(137 460 457)
3(457 460 320)
3(319 320 460)
3(458 320 460)
3(458 461 320)
3(320 461 460)
3(458 460 461)
3(457 460 458)
3(320 459 461)
3(458 461 459)
3(459 321 461)
3(459 462 321)
3(321 462 461)
3(459 461 462)
3(320 321 461)
3(459 462 98)
3(321 98 462)
3(98 363 459)
3(362 459 363)
3(98 363 462)
3(459 462 363)
3(27 460 28)
3(138 28 460)
3(460 27 322)
3(460 322 319)
3(28 322 460)
3(319 460 323)
3(460 322 323)
3(320 323 460)
3(461 323 320)
3(461 460 323)
3(320 461 324)
3(461 323 324)
3(321 324 461)
3(462 324 321)
3(462 461 324)
3(462 324 98)
3(363 98 324)
3(363 324 97)
3(462 324 363)
3(28 460 139)
3(138 139 460)
3(460 322 139)
3(460 463 322)
3(322 463 139)
3(460 139 463)
3(28 322 139)
3(460 463 323)
3(322 323 463)
3(323 464 460)
3(461 464 323)
3(461 460 464)
3(323 464 463)
3(460 463 464)
3(461 464 324)
3(323 324 464)
3(324 465 461)
3(462 465 324)
3(462 461 465)
3(324 465 464)
3(461 464 465)
3(324 363 465)
3(462 465 363)
3(363 97 465)
3(97 364 465)
3(363 465 364)
3(324 97 465)
3(28 139 325)
3(139 29 325)
3(322 325 139)
3(463 325 322)
3(463 139 325)
3(463 325 323)
3(464 323 325)
3(464 326 323)
3(464 325 326)
3(463 325 464)
3(464 326 324)
3(324 327 464)
3(465 327 324)
3(465 464 327)
3(464 326 327)
3(324 465 96)
3(465 327 96)
3(97 96 465)
3(364 465 96)
3(139 140 325)
3(29 325 140)
3(325 466 139)
3(463 466 325)
3(463 139 466)
3(325 466 140)
3(139 140 466)
3(325 464 466)
3(463 466 464)
3(464 326 466)
3(464 467 326)
3(326 467 466)
3(464 466 467)
3(325 326 466)
3(464 467 327)
3(326 327 467)
3(327 468 464)
3(465 468 327)
3(465 464 468)
3(327 468 467)
3(464 467 468)
3(465 468 96)
3(327 96 468)
3(364 96 468)
3(96 365 468)
3(364 468 365)
3(465 468 364)
3(140 30 325)
3(466 325 30)
3(466 328 325)
3(466 30 328)
3(140 30 466)
3(466 328 326)
3(467 326 328)
3(467 329 326)
3(467 328 329)
3(466 328 467)
3(467 329 327)
3(468 327 329)
3(468 330 327)
3(468 329 330)
3(467 329 468)
3(468 330 96)
3(365 96 330)
3(365 330 95)
3(468 330 365)
3(30 140 469)
3(30 469 141)
3(140 141 469)
3(466 30 469)
3(466 469 328)
3(328 469 30)
3(140 469 466)
3(328 467 469)
3(466 469 467)
3(467 328 470)
3(467 470 329)
3(329 470 328)
3(469 328 470)
3(469 470 467)
3(329 467 471)
3(329 471 470)
3(467 470 471)
3(468 329 471)
3(468 471 330)
3(330 471 329)
3(467 471 468)
3(330 468 366)
3(330 366 471)
3(468 471 366)
3(365 330 366)
3(95 366 330)
3(468 366 365)
3(30 141 331)
3(141 31 331)
3(469 30 331)
3(469 331 328)
3(141 331 469)
3(328 470 331)
3(469 331 470)
3(470 328 332)
3(470 332 329)
3(331 332 470)
3(329 471 332)
3(470 332 471)
3(471 329 333)
3(471 333 330)
3(332 333 471)
3(330 471 94)
3(471 333 94)
3(366 330 94)
3(471 94 366)
3(141 142 331)
3(31 331 142)
3(469 331 142)
3(469 472 331)
3(331 472 142)
3(469 142 472)
3(141 142 469)
3(331 469 473)
3(331 473 472)
3(469 472 473)
3(470 331 473)
3(470 473 332)
3(332 473 331)
3(469 473 470)
3(332 470 474)
3(332 474 473)
3(470 473 474)
3(471 332 474)
3(471 474 333)
3(333 474 332)
3(470 474 471)
3(471 474 94)
3(333 94 474)
3(94 367 471)
3(366 471 367)
3(94 367 474)
3(471 474 367)
3(142 32 331)
3(472 331 32)
3(472 334 331)
3(472 32 334)
3(142 32 472)
3(331 472 335)
3(472 334 335)
3(473 331 335)
3(473 335 332)
3(472 335 473)
3(332 473 336)
3(473 335 336)
3(474 332 336)
3(474 336 333)
3(473 336 474)
3(333 474 93)
3(474 336 93)
3(94 93 474)
3(367 474 93)
3(32 142 475)
3(32 475 143)
3(142 143 475)
3(472 32 475)
3(472 475 334)
3(334 475 32)
3(142 475 472)
3(472 475 335)
3(334 335 475)
3(335 476 472)
3(473 476 335)
3(473 472 476)
3(335 476 475)
3(472 475 476)
3(473 476 336)
3(335 336 476)
3(336 477 473)
3(474 477 336)
3(474 473 477)
3(336 477 476)
3(473 476 477)
3(474 477 93)
3(336 93 477)
3(367 93 477)
3(93 368 477)
3(367 477 368)
3(474 477 367)
3(32 143 337)
3(143 33 337)
3(475 32 337)
3(475 337 334)
3(143 337 475)
3(334 475 338)
3(475 337 338)
3(335 338 475)
3(476 338 335)
3(476 475 338)
3(476 338 336)
3(336 339 476)
3(477 339 336)
3(477 476 339)
3(476 338 339)
3(477 339 93)
3(93 92 477)
3(368 477 92)
3(477 339 92)
3(143 144 337)
3(33 337 144)
3(337 478 143)
3(475 478 337)
3(475 143 478)
3(337 478 144)
3(143 144 478)
3(475 478 338)
3(337 338 478)
3(476 338 478)
3(476 479 338)
3(338 479 478)
3(476 478 479)
3(475 478 476)
3(476 479 339)
3(338 339 479)
3(477 339 479)
3(477 480 339)
3(339 480 479)
3(477 479 480)
3(476 479 477)
3(477 480 92)
3(339 92 480)
3(92 369 477)
3(368 477 369)
3(92 369 480)
3(477 480 369)
3(33 144 340)
3(144 34 340)
3(337 340 144)
3(478 340 337)
3(478 144 340)
3(478 340 338)
3(338 341 478)
3(479 341 338)
3(479 478 341)
3(478 340 341)
3(338 479 342)
3(479 341 342)
3(339 342 479)
3(480 342 339)
3(480 479 342)
3(339 480 91)
3(480 342 91)
3(92 91 480)
3(369 480 91)
3(144 145 340)
3(34 340 145)
3(340 481 144)
3(478 481 340)
3(478 144 481)
3(340 481 145)
3(144 145 481)
3(478 481 341)
3(340 341 481)
3(341 482 478)
3(479 482 341)
3(479 478 482)
3(341 482 481)
3(478 481 482)
3(479 482 342)
3(341 342 482)
3(342 483 479)
3(480 483 342)
3(480 479 483)
3(342 483 482)
3(479 482 483)
3(480 483 91)
3(342 91 483)
3(369 91 483)
3(91 370 483)
3(369 483 370)
3(480 483 369)
3(34 145 343)
3(145 35 343)
3(340 343 145)
3(481 343 340)
3(481 145 343)
3(340 481 344)
3(481 343 344)
3(341 344 481)
3(482 344 341)
3(482 481 344)
3(482 344 342)
3(342 345 482)
3(483 345 342)
3(483 482 345)
3(482 344 345)
3(483 345 91)
3(91 90 483)
3(370 483 90)
3(483 345 90)
3(145 146 343)
3(35 343 146)
3(343 484 145)
3(481 484 343)
3(481 145 484)
3(343 484 146)
3(145 146 484)
3(481 484 344)
3(343 344 484)
3(482 344 484)
3(482 485 344)
3(344 485 484)
3(482 484 485)
3(481 484 482)
3(482 485 345)
3(344 345 485)
3(483 345 485)
3(483 486 345)
3(345 486 485)
3(483 485 486)
3(482 485 483)
3(483 486 90)
3(345 90 486)
3(90 371 483)
3(370 483 371)
3(90 371 486)
3(483 486 371)
3(146 36 343)
3(343 346 146)
3(484 346 343)
3(484 146 346)
3(146 36 346)
3(484 346 344)
3(344 347 484)
3(485 347 344)
3(485 484 347)
3(484 346 347)
3(344 485 348)
3(485 347 348)
3(345 348 485)
3(486 348 345)
3(486 485 348)
3(345 486 89)
3(486 348 89)
3(90 89 486)
3(371 486 89)
3(36 146 271)
3(36 271 11)
3(146 11 271)
3(346 271 146)
3(484 271 346)
3(484 146 271)
3(346 271 36)
3(346 484 272)
3(346 272 271)
3(484 271 272)
3(347 272 484)
3(485 272 347)
3(485 484 272)
3(347 272 346)
3(485 272 348)
3(347 348 272)
3(348 273 485)
3(486 273 348)
3(486 485 273)
3(348 273 272)
3(485 272 273)
3(348 486 88)
3(348 88 273)
3(486 273 88)
3(89 88 486)
3(371 486 88)
3(89 88 348)
3(36 271 2)
3(271 346 2)
3(271 121 346)
3(346 272 121)
3(272 347 121)
3(272 122 347)
3(272 122 348)
3(273 348 122)
3(273 123 348)
3(348 88 123)
3(88 89 123)
3(9 147 193)
3(8 193 147)
3(196 193 147)
3(196 487 193)
3(193 487 147)
3(196 147 487)
3(9 147 196)
3(193 197 487)
3(196 487 197)
3(197 194 487)
3(197 488 194)
3(194 488 487)
3(197 487 488)
3(193 194 487)
3(194 198 488)
3(197 488 198)
3(198 195 488)
3(198 489 195)
3(195 489 488)
3(198 488 489)
3(194 195 488)
3(195 198 372)
3(195 372 489)
3(198 489 372)
3(60 372 198)
3(61 198 372)
3(60 372 195)
3(147 124 193)
3(193 418 147)
3(487 418 193)
3(487 147 418)
3(147 124 418)
3(487 418 194)
3(194 419 487)
3(488 419 194)
3(488 487 419)
3(487 418 419)
3(194 488 420)
3(488 419 420)
3(195 420 488)
3(489 420 195)
3(489 488 420)
3(195 372 420)
3(489 420 372)
3(372 60 420)
3(372 420 349)
3(147 148 418)
3(124 418 148)
3(418 490 147)
3(487 490 418)
3(487 147 490)
3(418 490 148)
3(147 148 490)
3(418 487 491)
3(418 491 490)
3(487 490 491)
3(419 491 487)
3(488 491 419)
3(488 487 491)
3(419 491 418)
3(419 488 492)
3(419 492 491)
3(488 491 492)
3(420 492 488)
3(489 492 420)
3(489 488 492)
3(420 492 419)
3(420 489 373)
3(420 373 492)
3(489 492 373)
3(372 420 373)
3(349 373 420)
3(489 373 372)
3(148 125 418)
3(490 418 125)
3(490 421 418)
3(490 125 421)
3(148 125 490)
3(418 491 421)
3(490 421 491)
3(491 419 421)
3(491 422 419)
3(491 421 422)
3(419 492 422)
3(491 422 492)
3(492 420 422)
3(492 423 420)
3(492 422 423)
3(420 373 423)
3(492 423 373)
3(373 420 350)
3(423 350 373)
3(125 148 493)
3(125 493 149)
3(148 149 493)
3(490 125 493)
3(490 493 421)
3(421 493 125)
3(148 493 490)
3(421 490 494)
3(421 494 493)
3(490 493 494)
3(491 421 494)
3(491 494 422)
3(422 494 421)
3(490 494 491)
3(422 491 495)
3(422 495 494)
3(491 494 495)
3(492 422 495)
3(492 495 423)
3(423 495 422)
3(491 495 492)
3(423 492 374)
3(423 374 495)
3(492 495 374)
3(373 423 374)
3(350 374 423)
3(492 374 373)
3(125 493 126)
3(149 126 493)
3(493 125 424)
3(493 424 421)
3(126 424 493)
3(421 494 424)
3(493 424 494)
3(494 421 425)
3(494 425 422)
3(424 425 494)
3(422 495 425)
3(494 425 495)
3(495 422 426)
3(495 426 423)
3(425 426 495)
3(423 374 426)
3(495 426 374)
3(374 423 351)
3(426 351 374)
3(126 149 496)
3(126 496 150)
3(149 150 496)
3(493 126 496)
3(493 496 424)
3(424 496 126)
3(149 496 493)
3(424 493 497)
3(424 497 496)
3(493 496 497)
3(494 424 497)
3(494 497 425)
3(425 497 424)
3(493 497 494)
3(425 494 498)
3(425 498 497)
3(494 497 498)
3(495 425 498)
3(495 498 426)
3(426 498 425)
3(494 498 495)
3(426 374 498)
3(495 498 374)
3(374 426 375)
3(351 375 426)
3(498 426 375)
3(498 375 374)
3(126 150 427)
3(150 127 427)
3(496 126 427)
3(496 427 424)
3(150 427 496)
3(424 497 427)
3(496 427 497)
3(497 424 428)
3(497 428 425)
3(427 428 497)
3(425 498 428)
3(497 428 498)
3(498 425 429)
3(498 429 426)
3(428 429 498)
3(426 498 352)
3(498 429 352)
3(375 426 352)
3(498 352 375)
3(150 151 427)
3(127 427 151)
3(496 427 151)
3(496 499 427)
3(427 499 151)
3(496 151 499)
3(150 151 496)
3(427 497 499)
3(496 499 497)
3(497 427 500)
3(497 500 428)
3(428 500 427)
3(499 427 500)
3(499 500 497)
3(428 498 500)
3(497 500 498)
3(498 429 500)
3(498 501 429)
3(429 501 500)
3(498 500 501)
3(428 429 500)
3(498 501 352)
3(429 352 501)
3(352 376 498)
3(375 498 376)
3(352 376 501)
3(498 501 376)
3(127 151 430)
3(151 128 430)
3(427 430 151)
3(499 430 427)
3(499 151 430)
3(427 499 431)
3(499 430 431)
3(500 427 431)
3(500 431 428)
3(499 431 500)
3(428 500 432)
3(500 431 432)
3(429 432 500)
3(501 432 429)
3(501 500 432)
3(429 501 353)
3(501 432 353)
3(352 353 501)
3(376 501 353)
3(151 152 430)
3(128 430 152)
3(430 502 151)
3(499 502 430)
3(499 151 502)
3(430 502 152)
3(151 152 502)
3(499 502 431)
3(430 431 502)
3(431 503 499)
3(500 503 431)
3(500 499 503)
3(431 503 502)
3(499 502 503)
3(500 503 432)
3(431 432 503)
3(432 504 500)
3(501 504 432)
3(501 500 504)
3(432 504 503)
3(500 503 504)
3(501 504 353)
3(432 353 504)
3(353 377 501)
3(376 501 377)
3(353 377 504)
3(501 504 377)
3(128 152 433)
3(152 129 433)
3(430 433 152)
3(502 433 430)
3(502 152 433)
3(430 502 434)
3(502 433 434)
3(431 434 502)
3(503 434 431)
3(503 502 434)
3(431 503 435)
3(503 434 435)
3(432 435 503)
3(504 435 432)
3(504 503 435)
3(432 504 354)
3(504 435 354)
3(353 354 504)
3(377 504 354)
3(152 153 433)
3(129 433 153)
3(433 505 152)
3(502 505 433)
3(502 152 505)
3(433 505 153)
3(152 153 505)
3(502 505 434)
3(433 434 505)
3(434 506 502)
3(503 506 434)
3(503 502 506)
3(434 506 505)
3(502 505 506)
3(503 506 435)
3(434 435 506)
3(435 507 503)
3(504 507 435)
3(504 503 507)
3(435 507 506)
3(503 506 507)
3(504 507 354)
3(435 354 507)
3(354 378 504)
3(377 504 378)
3(354 378 507)
3(504 507 378)
3(153 130 433)
3(433 436 153)
3(505 436 433)
3(505 153 436)
3(153 130 436)
3(505 436 434)
3(506 434 436)
3(506 437 434)
3(506 436 437)
3(505 436 506)
3(506 437 435)
3(507 435 437)
3(507 438 435)
3(507 437 438)
3(506 437 507)
3(507 438 354)
3(378 354 438)
3(378 438 355)
3(507 438 378)
3(130 153 508)
3(130 508 154)
3(153 154 508)
3(436 508 153)
3(505 508 436)
3(505 153 508)
3(436 508 130)
3(436 505 509)
3(436 509 508)
3(505 508 509)
3(506 436 509)
3(506 509 437)
3(437 509 436)
3(505 509 506)
3(437 506 510)
3(437 510 509)
3(506 509 510)
3(507 437 510)
3(507 510 438)
3(438 510 437)
3(506 510 507)
3(438 378 510)
3(507 510 378)
3(378 355 510)
3(355 379 510)
3(378 510 379)
3(438 355 510)
3(130 508 131)
3(154 131 508)
3(508 130 439)
3(508 439 436)
3(131 439 508)
3(436 509 439)
3(508 439 509)
3(509 436 440)
3(509 440 437)
3(439 440 509)
3(437 510 440)
3(509 440 510)
3(510 437 441)
3(510 441 438)
3(440 441 510)
3(438 510 356)
3(510 441 356)
3(355 356 510)
3(379 510 356)
3(131 154 511)
3(131 511 155)
3(154 155 511)
3(508 131 511)
3(508 511 439)
3(439 511 131)
3(154 511 508)
3(439 509 511)
3(508 511 509)
3(509 440 511)
3(509 512 440)
3(440 512 511)
3(509 511 512)
3(439 440 511)
3(440 510 512)
3(509 512 510)
3(510 441 512)
3(510 513 441)
3(441 513 512)
3(510 512 513)
3(440 441 512)
3(510 513 356)
3(441 356 513)
3(356 380 510)
3(379 510 380)
3(356 380 513)
3(510 513 380)
3(131 511 132)
3(155 132 511)
3(511 131 442)
3(511 442 439)
3(132 442 511)
3(439 511 443)
3(511 442 443)
3(440 443 511)
3(512 443 440)
3(512 511 443)
3(440 512 444)
3(512 443 444)
3(441 444 512)
3(513 444 441)
3(513 512 444)
3(441 513 357)
3(513 444 357)
3(356 357 513)
3(380 513 357)
3(132 155 514)
3(132 514 156)
3(155 156 514)
3(511 132 514)
3(511 514 442)
3(442 514 132)
3(155 514 511)
3(511 514 443)
3(442 443 514)
3(443 515 511)
3(512 515 443)
3(512 511 515)
3(443 515 514)
3(511 514 515)
3(512 515 444)
3(443 444 515)
3(444 516 512)
3(513 516 444)
3(513 512 516)
3(444 516 515)
3(512 515 516)
3(513 516 357)
3(444 357 516)
3(357 381 513)
3(380 513 381)
3(357 381 516)
3(513 516 381)
3(132 156 445)
3(156 133 445)
3(514 132 445)
3(514 445 442)
3(156 445 514)
3(442 514 446)
3(514 445 446)
3(443 446 514)
3(515 446 443)
3(515 514 446)
3(515 446 444)
3(444 447 515)
3(516 447 444)
3(516 515 447)
3(515 446 447)
3(444 516 358)
3(516 447 358)
3(357 358 516)
3(381 516 358)
3(133 156 517)
3(133 517 157)
3(156 157 517)
3(445 517 156)
3(514 517 445)
3(514 156 517)
3(445 517 133)
3(514 517 446)
3(445 446 517)
3(446 518 514)
3(515 518 446)
3(515 514 518)
3(446 518 517)
3(514 517 518)
3(515 518 447)
3(446 447 518)
3(447 519 515)
3(516 519 447)
3(516 515 519)
3(447 519 518)
3(515 518 519)
3(516 519 358)
3(447 358 519)
3(358 382 516)
3(381 516 382)
3(358 382 519)
3(516 519 382)
3(133 517 134)
3(157 134 517)
3(517 133 448)
3(517 448 445)
3(134 448 517)
3(517 448 446)
3(446 449 517)
3(518 449 446)
3(518 517 449)
3(517 448 449)
3(518 449 447)
3(447 450 518)
3(519 450 447)
3(519 518 450)
3(518 449 450)
3(519 450 358)
3(358 359 519)
3(382 519 359)
3(519 450 359)
3(134 157 520)
3(134 520 158)
3(157 158 520)
3(517 134 520)
3(517 520 448)
3(448 520 134)
3(157 520 517)
3(517 520 449)
3(448 449 520)
3(449 521 517)
3(518 521 449)
3(518 517 521)
3(449 521 520)
3(517 520 521)
3(518 521 450)
3(449 450 521)
3(450 522 518)
3(519 522 450)
3(519 518 522)
3(450 522 521)
3(518 521 522)
3(450 519 383)
3(450 383 522)
3(519 522 383)
3(359 383 519)
3(382 519 383)
3(359 383 450)
3(134 520 135)
3(158 135 520)
3(520 134 451)
3(520 451 448)
3(135 451 520)
3(520 451 449)
3(449 452 520)
3(521 452 449)
3(521 520 452)
3(520 451 452)
3(521 452 450)
3(450 453 521)
3(522 453 450)
3(522 521 453)
3(521 452 453)
3(450 383 453)
3(522 453 383)
3(383 359 453)
3(383 453 360)
3(135 158 523)
3(135 523 159)
3(158 159 523)
3(520 135 523)
3(520 523 451)
3(451 523 135)
3(158 523 520)
3(451 520 524)
3(451 524 523)
3(520 523 524)
3(452 524 520)
3(521 524 452)
3(521 520 524)
3(452 524 451)
3(452 521 525)
3(452 525 524)
3(521 524 525)
3(453 525 521)
3(522 525 453)
3(522 521 525)
3(453 525 452)
3(453 522 384)
3(453 384 525)
3(522 525 384)
3(383 453 384)
3(360 384 453)
3(522 384 383)
3(135 159 454)
3(159 136 454)
3(523 135 454)
3(523 454 451)
3(159 454 523)
3(451 524 454)
3(523 454 524)
3(524 451 455)
3(524 455 452)
3(454 455 524)
3(452 524 456)
3(524 455 456)
3(525 452 456)
3(525 456 453)
3(524 456 525)
3(453 384 456)
3(525 456 384)
3(384 453 361)
3(456 361 384)
3(159 160 454)
3(136 454 160)
3(454 526 159)
3(523 526 454)
3(523 159 526)
3(454 526 160)
3(159 160 526)
3(454 523 527)
3(454 527 526)
3(523 526 527)
3(524 454 527)
3(524 527 455)
3(455 527 454)
3(523 527 524)
3(524 527 456)
3(455 456 527)
3(456 528 524)
3(525 528 456)
3(525 524 528)
3(456 528 527)
3(524 527 528)
3(456 525 385)
3(456 385 528)
3(525 528 385)
3(384 456 385)
3(361 385 456)
3(525 385 384)
3(136 160 457)
3(160 137 457)
3(454 457 160)
3(526 457 454)
3(526 160 457)
3(454 527 457)
3(526 457 527)
3(527 454 458)
3(527 458 455)
3(457 458 527)
3(455 527 459)
3(527 458 459)
3(456 459 527)
3(528 459 456)
3(528 527 459)
3(456 385 459)
3(528 459 385)
3(385 361 459)
3(385 459 362)
3(160 161 457)
3(137 457 161)
3(457 529 160)
3(526 529 457)
3(526 160 529)
3(457 529 161)
3(160 161 529)
3(457 526 530)
3(457 530 529)
3(526 529 530)
3(527 457 530)
3(527 530 458)
3(458 530 457)
3(526 530 527)
3(527 530 459)
3(458 459 530)
3(528 459 530)
3(528 531 459)
3(459 531 530)
3(528 530 531)
3(527 530 528)
3(459 385 531)
3(528 531 385)
3(385 459 386)
3(362 386 459)
3(531 459 386)
3(531 386 385)
3(137 161 460)
3(161 138 460)
3(457 460 161)
3(529 460 457)
3(529 161 460)
3(457 530 460)
3(529 460 530)
3(530 458 460)
3(530 461 458)
3(530 460 461)
3(530 461 459)
3(531 459 461)
3(531 462 459)
3(531 461 462)
3(530 461 531)
3(459 531 363)
3(531 462 363)
3(386 459 363)
3(531 363 386)
3(161 162 460)
3(138 460 162)
3(460 532 161)
3(529 532 460)
3(529 161 532)
3(460 532 162)
3(161 162 532)
3(460 530 532)
3(529 532 530)
3(530 460 533)
3(530 533 461)
3(461 533 460)
3(532 460 533)
3(532 533 530)
3(461 530 534)
3(461 534 533)
3(530 533 534)
3(531 461 534)
3(531 534 462)
3(462 534 461)
3(530 534 531)
3(531 534 363)
3(462 363 534)
3(363 387 531)
3(386 531 387)
3(363 387 534)
3(531 534 387)
3(162 139 460)
3(532 460 139)
3(532 463 460)
3(532 139 463)
3(162 139 532)
3(460 532 464)
3(532 463 464)
3(533 460 464)
3(533 464 461)
3(532 464 533)
3(461 534 464)
3(533 464 534)
3(534 461 465)
3(534 465 462)
3(464 465 534)
3(534 465 363)
3(387 363 465)
3(387 465 364)
3(534 465 387)
3(139 162 535)
3(139 535 163)
3(162 163 535)
3(532 139 535)
3(532 535 463)
3(463 535 139)
3(162 535 532)
3(532 535 464)
3(463 464 535)
3(464 536 532)
3(533 536 464)
3(533 532 536)
3(464 536 535)
3(532 535 536)
3(464 533 537)
3(464 537 536)
3(533 536 537)
3(534 464 537)
3(534 537 465)
3(465 537 464)
3(533 537 534)
3(465 534 388)
3(465 388 537)
3(534 537 388)
3(387 465 388)
3(364 388 465)
3(534 388 387)
3(139 535 140)
3(163 140 535)
3(535 139 466)
3(535 466 463)
3(140 466 535)
3(535 466 464)
3(536 464 466)
3(536 467 464)
3(536 466 467)
3(535 466 536)
3(464 537 467)
3(536 467 537)
3(537 464 468)
3(537 468 465)
3(467 468 537)
3(465 388 468)
3(537 468 388)
3(388 364 468)
3(388 468 365)
3(140 163 538)
3(140 538 164)
3(163 164 538)
3(535 140 538)
3(535 538 466)
3(466 538 140)
3(163 538 535)
3(466 535 539)
3(466 539 538)
3(535 538 539)
3(536 466 539)
3(536 539 467)
3(467 539 466)
3(535 539 536)
3(467 536 540)
3(467 540 539)
3(536 539 540)
3(537 467 540)
3(537 540 468)
3(468 540 467)
3(536 540 537)
3(468 537 389)
3(468 389 540)
3(537 540 389)
3(388 468 389)
3(365 389 468)
3(537 389 388)
3(140 538 141)
3(164 141 538)
3(538 140 469)
3(538 469 466)
3(141 469 538)
3(466 539 469)
3(538 469 539)
3(539 467 469)
3(539 470 467)
3(539 469 470)
3(467 540 470)
3(539 470 540)
3(540 467 471)
3(540 471 468)
3(470 471 540)
3(468 389 471)
3(540 471 389)
3(389 468 366)
3(471 366 389)
3(141 164 541)
3(141 541 165)
3(164 165 541)
3(538 141 541)
3(538 541 469)
3(469 541 141)
3(164 541 538)
3(469 538 542)
3(469 542 541)
3(538 541 542)
3(539 469 542)
3(539 542 470)
3(470 542 469)
3(538 542 539)
3(470 539 543)
3(470 543 542)
3(539 542 543)
3(540 470 543)
3(540 543 471)
3(471 543 470)
3(539 543 540)
3(471 389 543)
3(540 543 389)
3(389 471 390)
3(366 390 471)
3(543 471 390)
3(543 390 389)
3(141 541 142)
3(165 142 541)
3(541 469 142)
3(541 472 469)
3(541 142 472)
3(469 542 472)
3(541 472 542)
3(542 469 473)
3(542 473 470)
3(472 473 542)
3(470 543 473)
3(542 473 543)
3(543 470 474)
3(543 474 471)
3(473 474 543)
3(471 390 474)
3(543 474 390)
3(390 471 367)
3(474 367 390)
3(142 541 166)
3(165 166 541)
3(541 142 544)
3(541 544 472)
3(472 544 142)
3(166 142 544)
3(166 544 541)
3(472 542 544)
3(541 544 542)
3(542 472 545)
3(542 545 473)
3(473 545 472)
3(544 472 545)
3(544 545 542)
3(473 543 545)
3(542 545 543)
3(543 473 546)
3(543 546 474)
3(474 546 473)
3(545 473 546)
3(545 546 543)
3(474 543 391)
3(474 391 546)
3(543 546 391)
3(390 474 391)
3(367 391 474)
3(543 391 390)
3(142 544 143)
3(166 143 544)
3(544 142 475)
3(544 475 472)
3(143 475 544)
3(472 545 475)
3(544 475 545)
3(545 472 476)
3(545 476 473)
3(475 476 545)
3(473 546 476)
3(545 476 546)
3(546 473 477)
3(546 477 474)
3(476 477 546)
3(474 391 477)
3(546 477 391)
3(391 367 477)
3(391 477 368)
3(143 166 547)
3(143 547 167)
3(166 167 547)
3(544 143 547)
3(544 547 475)
3(475 547 143)
3(166 547 544)
3(475 544 548)
3(475 548 547)
3(544 547 548)
3(545 475 548)
3(545 548 476)
3(476 548 475)
3(544 548 545)
3(476 545 549)
3(476 549 548)
3(545 548 549)
3(546 476 549)
3(546 549 477)
3(477 549 476)
3(545 549 546)
3(477 391 549)
3(546 549 391)
3(391 477 392)
3(368 392 477)
3(549 477 392)
3(549 392 391)
3(143 547 144)
3(167 144 547)
3(547 143 478)
3(547 478 475)
3(144 478 547)
3(475 548 478)
3(547 478 548)
3(548 476 478)
3(548 479 476)
3(548 478 479)
3(476 549 479)
3(548 479 549)
3(549 477 479)
3(549 480 477)
3(549 479 480)
3(477 392 480)
3(549 480 392)
3(392 477 369)
3(480 369 392)
3(144 167 550)
3(144 550 168)
3(167 168 550)
3(547 144 550)
3(547 550 478)
3(478 550 144)
3(167 550 547)
3(478 548 550)
3(547 550 548)
3(548 478 551)
3(548 551 479)
3(479 551 478)
3(550 478 551)
3(550 551 548)
3(479 549 551)
3(548 551 549)
3(549 479 552)
3(549 552 480)
3(480 552 479)
3(551 479 552)
3(551 552 549)
3(480 549 393)
3(480 393 552)
3(549 552 393)
3(392 480 393)
3(369 393 480)
3(549 393 392)
3(144 168 481)
3(168 145 481)
3(550 144 481)
3(550 481 478)
3(168 481 550)
3(478 551 481)
3(550 481 551)
3(551 478 482)
3(551 482 479)
3(481 482 551)
3(479 552 482)
3(551 482 552)
3(552 479 483)
3(552 483 480)
3(482 483 552)
3(480 393 483)
3(552 483 393)
3(393 369 483)
3(393 483 370)
3(145 168 553)
3(145 553 169)
3(168 169 553)
3(481 553 168)
3(550 553 481)
3(550 168 553)
3(481 553 145)
3(481 550 554)
3(481 554 553)
3(550 553 554)
3(551 481 554)
3(551 554 482)
3(482 554 481)
3(550 554 551)
3(482 551 555)
3(482 555 554)
3(551 554 555)
3(552 482 555)
3(552 555 483)
3(483 555 482)
3(551 555 552)
3(483 393 555)
3(552 555 393)
3(393 483 394)
3(370 394 483)
3(555 483 394)
3(555 394 393)
3(145 553 146)
3(169 146 553)
3(553 145 484)
3(553 484 481)
3(146 484 553)
3(481 554 484)
3(553 484 554)
3(554 482 484)
3(554 485 482)
3(554 484 485)
3(482 555 485)
3(554 485 555)
3(555 483 485)
3(555 486 483)
3(555 485 486)
3(483 555 371)
3(555 486 371)
3(394 483 371)
3(555 371 394)
3(146 553 12)
3(169 12 553)
3(553 146 274)
3(553 274 484)
3(484 274 146)
3(12 146 274)
3(12 274 553)
3(484 554 274)
3(553 274 554)
3(554 484 275)
3(554 275 485)
3(485 275 484)
3(274 484 275)
3(274 275 554)
3(485 555 275)
3(554 275 555)
3(555 485 276)
3(555 276 486)
3(486 276 485)
3(275 485 276)
3(275 276 555)
3(486 555 87)
3(486 87 276)
3(555 276 87)
3(371 87 555)
3(394 555 87)
3(371 87 486)
3(146 12 271)
3(274 146 271)
3(274 271 484)
3(484 274 272)
3(275 484 272)
3(275 272 485)
3(485 276 272)
3(276 485 273)
3(276 273 486)
3(486 87 273)
3(87 486 88)
3(9 199 170)
3(10 170 199)
3(199 196 170)
3(199 556 196)
3(196 556 170)
3(199 170 556)
3(9 196 170)
3(196 200 556)
3(199 556 200)
3(200 197 556)
3(200 557 197)
3(197 557 556)
3(200 556 557)
3(196 197 556)
3(197 201 557)
3(200 557 201)
3(201 198 557)
3(201 558 198)
3(198 558 557)
3(201 557 558)
3(197 198 557)
3(198 62 558)
3(201 558 62)
3(62 61 558)
3(61 395 558)
3(62 558 395)
3(198 61 558)
3(170 147 196)
3(556 196 147)
3(556 487 196)
3(556 147 487)
3(170 147 556)
3(556 487 197)
3(197 488 556)
3(557 488 197)
3(557 556 488)
3(556 487 488)
3(557 488 198)
3(558 198 488)
3(558 489 198)
3(558 488 489)
3(557 488 558)
3(198 558 372)
3(558 489 372)
3(61 372 558)
3(395 558 372)
3(147 170 559)
3(147 559 171)
3(170 171 559)
3(556 147 559)
3(556 559 487)
3(487 559 147)
3(170 559 556)
3(487 556 560)
3(487 560 559)
3(556 559 560)
3(488 560 556)
3(557 560 488)
3(557 556 560)
3(488 560 487)
3(488 557 561)
3(488 561 560)
3(557 560 561)
3(558 488 561)
3(558 561 489)
3(489 561 488)
3(557 561 558)
3(558 561 372)
3(489 372 561)
3(395 372 561)
3(372 396 561)
3(395 561 396)
3(558 561 395)
3(147 171 490)
3(171 148 490)
3(559 147 490)
3(559 490 487)
3(171 490 559)
3(487 559 491)
3(559 490 491)
3(560 487 491)
3(560 491 488)
3(559 491 560)
3(488 560 492)
3(560 491 492)
3(561 488 492)
3(561 492 489)
3(560 492 561)
3(489 561 373)
3(561 492 373)
3(372 373 561)
3(396 561 373)
3(171 172 490)
3(148 490 172)
3(559 490 172)
3(559 562 490)
3(490 562 172)
3(559 172 562)
3(171 172 559)
3(559 562 491)
3(490 491 562)
3(491 563 559)
3(560 563 491)
3(560 559 563)
3(491 563 562)
3(559 562 563)
3(560 563 492)
3(491 492 563)
3(561 492 563)
3(561 564 492)
3(492 564 563)
3(561 563 564)
3(560 563 561)
3(561 564 373)
3(492 373 564)
3(373 397 561)
3(396 561 397)
3(373 397 564)
3(561 564 397)
3(148 172 493)
3(172 149 493)
3(490 493 172)
3(562 493 490)
3(562 172 493)
3(490 562 494)
3(562 493 494)
3(491 494 562)
3(563 494 491)
3(563 562 494)
3(491 563 495)
3(563 494 495)
3(492 495 563)
3(564 495 492)
3(564 563 495)
3(492 564 374)
3(564 495 374)
3(373 374 564)
3(397 564 374)
3(172 173 493)
3(149 493 173)
3(493 565 172)
3(562 565 493)
3(562 172 565)
3(493 565 173)
3(172 173 565)
3(562 565 494)
3(493 494 565)
3(563 494 565)
3(563 566 494)
3(494 566 565)
3(563 565 566)
3(562 565 563)
3(563 566 495)
3(494 495 566)
3(495 567 563)
3(564 567 495)
3(564 563 567)
3(495 567 566)
3(563 566 567)
3(564 567 374)
3(495 374 567)
3(374 398 564)
3(397 564 398)
3(374 398 567)
3(564 567 398)
3(149 173 496)
3(173 150 496)
3(493 496 173)
3(565 496 493)
3(565 173 496)
3(493 565 497)
3(565 496 497)
3(494 497 565)
3(566 497 494)
3(566 565 497)
3(494 566 498)
3(566 497 498)
3(495 498 566)
3(567 498 495)
3(567 566 498)
3(567 498 374)
3(374 375 567)
3(398 567 375)
3(567 498 375)
3(173 174 496)
3(150 496 174)
3(496 568 173)
3(565 568 496)
3(565 173 568)
3(496 568 174)
3(173 174 568)
3(565 568 497)
3(496 497 568)
3(497 569 565)
3(566 569 497)
3(566 565 569)
3(497 569 568)
3(565 568 569)
3(566 569 498)
3(497 498 569)
3(498 570 566)
3(567 570 498)
3(567 566 570)
3(498 570 569)
3(566 569 570)
3(567 570 375)
3(498 375 570)
3(375 399 567)
3(398 567 399)
3(375 399 570)
3(567 570 399)
3(174 151 496)
3(568 496 151)
3(568 499 496)
3(568 151 499)
3(174 151 568)
3(568 499 497)
3(497 500 568)
3(569 500 497)
3(569 568 500)
3(568 499 500)
3(569 500 498)
3(498 501 569)
3(570 501 498)
3(570 569 501)
3(569 500 501)
3(498 570 376)
3(570 501 376)
3(375 376 570)
3(399 570 376)
3(151 568 175)
3(174 175 568)
3(568 151 571)
3(568 571 499)
3(499 571 151)
3(175 151 571)
3(175 571 568)
3(568 571 500)
3(499 500 571)
3(500 572 568)
3(569 572 500)
3(569 568 572)
3(500 572 571)
3(568 571 572)
3(569 572 501)
3(500 501 572)
3(501 573 569)
3(570 573 501)
3(570 569 573)
3(501 573 572)
3(569 572 573)
3(570 573 376)
3(501 376 573)
3(376 400 570)
3(399 570 400)
3(376 400 573)
3(570 573 400)
3(151 571 152)
3(175 152 571)
3(571 151 502)
3(571 502 499)
3(152 502 571)
3(499 571 503)
3(571 502 503)
3(500 503 571)
3(572 503 500)
3(572 571 503)
3(500 572 504)
3(572 503 504)
3(501 504 572)
3(573 504 501)
3(573 572 504)
3(501 573 377)
3(573 504 377)
3(376 377 573)
3(400 573 377)
3(152 175 574)
3(152 574 176)
3(175 176 574)
3(571 152 574)
3(571 574 502)
3(502 574 152)
3(175 574 571)
3(571 574 503)
3(502 503 574)
3(503 575 571)
3(572 575 503)
3(572 571 575)
3(503 575 574)
3(571 574 575)
3(572 575 504)
3(503 504 575)
3(504 576 572)
3(573 576 504)
3(573 572 576)
3(504 576 575)
3(572 575 576)
3(573 576 377)
3(504 377 576)
3(377 401 573)
3(400 573 401)
3(377 401 576)
3(573 576 401)
3(152 574 153)
3(176 153 574)
3(574 152 505)
3(574 505 502)
3(153 505 574)
3(502 574 506)
3(574 505 506)
3(503 506 574)
3(575 506 503)
3(575 574 506)
3(503 575 507)
3(575 506 507)
3(504 507 575)
3(576 507 504)
3(576 575 507)
3(504 576 378)
3(576 507 378)
3(377 378 576)
3(401 576 378)
3(153 176 577)
3(153 577 177)
3(176 177 577)
3(574 153 577)
3(574 577 505)
3(505 577 153)
3(176 577 574)
3(574 577 506)
3(505 506 577)
3(506 578 574)
3(575 578 506)
3(575 574 578)
3(506 578 577)
3(574 577 578)
3(575 578 507)
3(506 507 578)
3(507 579 575)
3(576 579 507)
3(576 575 579)
3(507 579 578)
3(575 578 579)
3(576 579 378)
3(507 378 579)
3(401 378 579)
3(378 402 579)
3(401 579 402)
3(576 579 401)
3(153 177 508)
3(177 154 508)
3(577 153 508)
3(577 508 505)
3(177 508 577)
3(505 577 509)
3(577 508 509)
3(506 509 577)
3(578 509 506)
3(578 577 509)
3(506 578 510)
3(578 509 510)
3(507 510 578)
3(579 510 507)
3(579 578 510)
3(579 510 378)
3(402 378 510)
3(402 510 379)
3(579 510 402)
3(154 177 580)
3(154 580 178)
3(177 178 580)
3(508 580 177)
3(577 580 508)
3(577 177 580)
3(508 580 154)
3(577 580 509)
3(508 509 580)
3(578 509 580)
3(578 581 509)
3(509 581 580)
3(578 580 581)
3(577 580 578)
3(578 581 510)
3(509 510 581)
3(579 510 581)
3(579 582 510)
3(510 582 581)
3(579 581 582)
3(578 581 579)
3(510 579 403)
3(510 403 582)
3(579 582 403)
3(402 510 403)
3(379 403 510)
3(579 403 402)
3(154 580 155)
3(178 155 580)
3(580 154 511)
3(580 511 508)
3(155 511 580)
3(580 511 509)
3(581 509 511)
3(581 512 509)
3(581 511 512)
3(580 511 581)
3(581 512 510)
3(582 510 512)
3(582 513 510)
3(582 512 513)
3(581 512 582)
3(510 403 513)
3(582 513 403)
3(403 510 380)
3(513 380 403)
3(155 178 583)
3(155 583 179)
3(178 179 583)
3(580 155 583)
3(580 583 511)
3(511 583 155)
3(178 583 580)
3(511 580 584)
3(511 584 583)
3(580 583 584)
3(581 511 584)
3(581 584 512)
3(512 584 511)
3(580 584 581)
3(512 581 585)
3(512 585 584)
3(581 584 585)
3(582 512 585)
3(582 585 513)
3(513 585 512)
3(581 585 582)
3(513 582 404)
3(513 404 585)
3(582 585 404)
3(403 513 404)
3(380 404 513)
3(582 404 403)
3(155 583 156)
3(179 156 583)
3(583 155 514)
3(583 514 511)
3(156 514 583)
3(511 584 514)
3(583 514 584)
3(584 511 515)
3(584 515 512)
3(514 515 584)
3(512 585 515)
3(584 515 585)
3(585 512 516)
3(585 516 513)
3(515 516 585)
3(513 404 516)
3(585 516 404)
3(404 513 381)
3(516 381 404)
3(156 179 586)
3(156 586 180)
3(179 180 586)
3(583 156 586)
3(583 586 514)
3(514 586 156)
3(179 586 583)
3(514 583 587)
3(514 587 586)
3(583 586 587)
3(584 514 587)
3(584 587 515)
3(515 587 514)
3(583 587 584)
3(515 584 588)
3(515 588 587)
3(584 587 588)
3(585 515 588)
3(585 588 516)
3(516 588 515)
3(584 588 585)
3(516 404 588)
3(585 588 404)
3(404 516 405)
3(381 405 516)
3(588 516 405)
3(588 405 404)
3(156 180 517)
3(180 157 517)
3(586 156 517)
3(586 517 514)
3(180 517 586)
3(514 587 517)
3(586 517 587)
3(587 514 518)
3(587 518 515)
3(517 518 587)
3(515 588 518)
3(587 518 588)
3(588 515 519)
3(588 519 516)
3(518 519 588)
3(516 405 519)
3(588 519 405)
3(405 516 382)
3(519 382 405)
3(157 180 589)
3(157 589 181)
3(180 181 589)
3(517 589 180)
3(586 589 517)
3(586 180 589)
3(517 589 157)
3(517 587 589)
3(586 589 587)
3(587 517 590)
3(587 590 518)
3(518 590 517)
3(589 517 590)
3(589 590 587)
3(518 588 590)
3(587 590 588)
3(588 518 591)
3(588 591 519)
3(519 591 518)
3(590 518 591)
3(590 591 588)
3(519 588 406)
3(519 406 591)
3(588 591 406)
3(405 519 406)
3(382 406 519)
3(588 406 405)
3(157 589 158)
3(181 158 589)
3(589 157 520)
3(589 520 517)
3(158 520 589)
3(517 590 520)
3(589 520 590)
3(590 517 521)
3(590 521 518)
3(520 521 590)
3(518 591 521)
3(590 521 591)
3(591 518 522)
3(591 522 519)
3(521 522 591)
3(519 591 383)
3(591 522 383)
3(406 519 383)
3(591 383 406)
3(158 181 592)
3(158 592 182)
3(181 182 592)
3(589 158 592)
3(589 592 520)
3(520 592 158)
3(181 592 589)
3(520 589 593)
3(520 593 592)
3(589 592 593)
3(590 520 593)
3(590 593 521)
3(521 593 520)
3(589 593 590)
3(521 590 594)
3(521 594 593)
3(590 593 594)
3(591 521 594)
3(591 594 522)
3(522 594 521)
3(590 594 591)
3(591 594 383)
3(522 383 594)
3(406 383 594)
3(383 407 594)
3(406 594 407)
3(591 594 406)
3(158 592 159)
3(182 159 592)
3(592 158 523)
3(592 523 520)
3(159 523 592)
3(520 592 524)
3(592 523 524)
3(593 520 524)
3(593 524 521)
3(592 524 593)
3(521 593 525)
3(593 524 525)
3(594 521 525)
3(594 525 522)
3(593 525 594)
3(522 594 384)
3(594 525 384)
3(383 384 594)
3(407 594 384)
3(159 182 595)
3(159 595 183)
3(182 183 595)
3(592 159 595)
3(592 595 523)
3(523 595 159)
3(182 595 592)
3(592 595 524)
3(523 524 595)
3(593 524 595)
3(593 596 524)
3(524 596 595)
3(593 595 596)
3(592 595 593)
3(593 596 525)
3(524 525 596)
3(594 525 596)
3(594 597 525)
3(525 597 596)
3(594 596 597)
3(593 596 594)
3(594 597 384)
3(525 384 597)
3(384 408 594)
3(407 594 408)
3(384 408 597)
3(594 597 408)
3(159 595 160)
3(183 160 595)
3(595 159 526)
3(595 526 523)
3(160 526 595)
3(523 595 527)
3(595 526 527)
3(524 527 595)
3(596 527 524)
3(596 595 527)
3(524 596 528)
3(596 527 528)
3(525 528 596)
3(597 528 525)
3(597 596 528)
3(525 597 385)
3(597 528 385)
3(384 385 597)
3(408 597 385)
3(160 595 184)
3(183 184 595)
3(595 526 184)
3(595 598 526)
3(526 598 184)
3(595 184 598)
3(160 526 184)
3(595 598 527)
3(526 527 598)
3(527 599 595)
3(596 599 527)
3(596 595 599)
3(527 599 598)
3(595 598 599)
3(596 599 528)
3(527 528 599)
3(528 600 596)
3(597 600 528)
3(597 596 600)
3(528 600 599)
3(596 599 600)
3(597 600 385)
3(528 385 600)
3(385 409 597)
3(408 597 409)
3(385 409 600)
3(597 600 409)
3(160 184 529)
3(184 161 529)
3(526 529 184)
3(598 529 526)
3(598 184 529)
3(526 598 530)
3(598 529 530)
3(527 530 598)
3(599 530 527)
3(599 598 530)
3(599 530 528)
3(528 531 599)
3(600 531 528)
3(600 599 531)
3(599 530 531)
3(600 531 385)
3(385 386 600)
3(409 600 386)
3(600 531 386)
3(184 185 529)
3(161 529 185)
3(529 601 184)
3(598 601 529)
3(598 184 601)
3(529 601 185)
3(184 185 601)
3(598 601 530)
3(529 530 601)
3(530 602 598)
3(599 602 530)
3(599 598 602)
3(530 602 601)
3(598 601 602)
3(599 602 531)
3(530 531 602)
3(531 603 599)
3(600 603 531)
3(600 599 603)
3(531 603 602)
3(599 602 603)
3(600 603 386)
3(531 386 603)
3(386 410 600)
3(409 600 410)
3(386 410 603)
3(600 603 410)
3(161 185 532)
3(185 162 532)
3(529 532 185)
3(601 532 529)
3(601 185 532)
3(601 532 530)
3(530 533 601)
3(602 533 530)
3(602 601 533)
3(601 532 533)
3(530 602 534)
3(602 533 534)
3(531 534 602)
3(603 534 531)
3(603 602 534)
3(531 603 387)
3(603 534 387)
3(386 387 603)
3(410 603 387)
3(185 186 532)
3(162 532 186)
3(532 604 185)
3(601 604 532)
3(601 185 604)
3(532 604 186)
3(185 186 604)
3(601 604 533)
3(532 533 604)
3(533 605 601)
3(602 605 533)
3(602 601 605)
3(533 605 604)
3(601 604 605)
3(602 605 534)
3(533 534 605)
3(534 606 602)
3(603 606 534)
3(603 602 606)
3(534 606 605)
3(602 605 606)
3(603 606 387)
3(534 387 606)
3(387 411 603)
3(410 603 411)
3(387 411 606)
3(603 606 411)
3(162 186 535)
3(186 163 535)
3(532 535 186)
3(604 535 532)
3(604 186 535)
3(532 604 536)
3(604 535 536)
3(533 536 604)
3(605 536 533)
3(605 604 536)
3(533 605 537)
3(605 536 537)
3(534 537 605)
3(606 537 534)
3(606 605 537)
3(534 606 388)
3(606 537 388)
3(387 388 606)
3(411 606 388)
3(186 187 535)
3(163 535 187)
3(535 607 186)
3(604 607 535)
3(604 186 607)
3(535 607 187)
3(186 187 607)
3(604 607 536)
3(535 536 607)
3(536 608 604)
3(605 608 536)
3(605 604 608)
3(536 608 607)
3(604 607 608)
3(605 608 537)
3(536 537 608)
3(537 609 605)
3(606 609 537)
3(606 605 609)
3(537 609 608)
3(605 608 609)
3(606 609 388)
3(537 388 609)
3(411 388 609)
3(388 412 609)
3(411 609 412)
3(606 609 411)
3(163 187 538)
3(187 164 538)
3(535 538 187)
3(607 538 535)
3(607 187 538)
3(535 607 539)
3(607 538 539)
3(536 539 607)
3(608 539 536)
3(608 607 539)
3(536 608 540)
3(608 539 540)
3(537 540 608)
3(609 540 537)
3(609 608 540)
3(537 609 389)
3(609 540 389)
3(388 389 609)
3(412 609 389)
3(187 188 538)
3(164 538 188)
3(538 610 187)
3(607 610 538)
3(607 187 610)
3(538 610 188)
3(187 188 610)
3(607 610 539)
3(538 539 610)
3(608 539 610)
3(608 611 539)
3(539 611 610)
3(608 610 611)
3(607 610 608)
3(608 611 540)
3(539 540 611)
3(609 540 611)
3(609 612 540)
3(540 612 611)
3(609 611 612)
3(608 611 609)
3(609 612 389)
3(540 389 612)
3(389 413 609)
3(412 609 413)
3(389 413 612)
3(609 612 413)
3(164 188 541)
3(188 165 541)
3(538 541 188)
3(610 541 538)
3(610 188 541)
3(538 610 542)
3(610 541 542)
3(539 542 610)
3(611 542 539)
3(611 610 542)
3(539 611 543)
3(611 542 543)
3(540 543 611)
3(612 543 540)
3(612 611 543)
3(612 543 389)
3(389 390 612)
3(413 612 390)
3(612 543 390)
3(188 189 541)
3(165 541 189)
3(541 613 188)
3(610 613 541)
3(610 188 613)
3(541 613 189)
3(188 189 613)
3(610 613 542)
3(541 542 613)
3(542 614 610)
3(611 614 542)
3(611 610 614)
3(542 614 613)
3(610 613 614)
3(611 614 543)
3(542 543 614)
3(543 615 611)
3(612 615 543)
3(612 611 615)
3(543 615 614)
3(611 614 615)
3(612 615 390)
3(543 390 615)
3(413 390 615)
3(390 414 615)
3(413 615 414)
3(612 615 413)
3(189 166 541)
3(613 541 166)
3(613 544 541)
3(613 166 544)
3(189 166 613)
3(613 544 542)
3(542 545 613)
3(614 545 542)
3(614 613 545)
3(613 544 545)
3(614 545 543)
3(543 546 614)
3(615 546 543)
3(615 614 546)
3(614 545 546)
3(543 615 391)
3(615 546 391)
3(390 391 615)
3(414 615 391)
3(166 189 616)
3(166 616 190)
3(189 190 616)
3(613 166 616)
3(613 616 544)
3(544 616 166)
3(189 616 613)
3(613 616 545)
3(544 545 616)
3(614 545 616)
3(614 617 545)
3(545 617 616)
3(614 616 617)
3(613 616 614)
3(614 617 546)
3(545 546 617)
3(546 618 614)
3(615 618 546)
3(615 614 618)
3(546 618 617)
3(614 617 618)
3(615 618 391)
3(546 391 618)
3(391 415 615)
3(414 615 415)
3(391 415 618)
3(615 618 415)
3(166 616 167)
3(190 167 616)
3(616 166 547)
3(616 547 544)
3(167 547 616)
3(544 616 548)
3(616 547 548)
3(545 548 616)
3(617 548 545)
3(617 616 548)
3(545 617 549)
3(617 548 549)
3(546 549 617)
3(618 549 546)
3(618 617 549)
3(618 549 391)
3(391 392 618)
3(415 618 392)
3(618 549 392)
3(167 190 619)
3(167 619 191)
3(190 191 619)
3(616 167 619)
3(616 619 547)
3(547 619 167)
3(190 619 616)
3(616 619 548)
3(547 548 619)
3(548 620 616)
3(617 620 548)
3(617 616 620)
3(548 620 619)
3(616 619 620)
3(617 620 549)
3(548 549 620)
3(549 621 617)
3(618 621 549)
3(618 617 621)
3(549 621 620)
3(617 620 621)
3(618 621 392)
3(549 392 621)
3(392 416 618)
3(415 618 416)
3(392 416 621)
3(618 621 416)
3(167 619 168)
3(191 168 619)
3(619 167 550)
3(619 550 547)
3(168 550 619)
3(619 550 548)
3(548 551 619)
3(620 551 548)
3(620 619 551)
3(619 550 551)
3(620 551 549)
3(549 552 620)
3(621 552 549)
3(621 620 552)
3(620 551 552)
3(549 621 393)
3(621 552 393)
3(392 393 621)
3(416 621 393)
3(168 191 622)
3(168 622 192)
3(191 192 622)
3(619 168 622)
3(619 622 550)
3(550 622 168)
3(191 622 619)
3(550 619 623)
3(550 623 622)
3(619 622 623)
3(551 623 619)
3(620 623 551)
3(620 619 623)
3(551 623 550)
3(620 623 552)
3(551 552 623)
3(552 624 620)
3(621 624 552)
3(621 620 624)
3(552 624 623)
3(620 623 624)
3(552 621 417)
3(552 417 624)
3(621 624 417)
3(393 417 621)
3(416 621 417)
3(393 417 552)
3(168 192 553)
3(192 169 553)
3(622 168 553)
3(622 553 550)
3(192 553 622)
3(550 622 554)
3(622 553 554)
3(623 550 554)
3(623 554 551)
3(622 554 623)
3(551 623 555)
3(623 554 555)
3(552 555 623)
3(624 555 552)
3(624 623 555)
3(552 417 555)
3(624 555 417)
3(417 393 555)
3(417 555 394)
3(169 192 277)
3(169 277 13)
3(192 13 277)
3(553 277 192)
3(622 277 553)
3(622 192 277)
3(553 277 169)
3(622 277 554)
3(553 554 277)
3(623 554 277)
3(623 278 554)
3(554 278 277)
3(623 277 278)
3(622 277 623)
3(623 278 555)
3(554 555 278)
3(555 279 623)
3(624 279 555)
3(624 623 279)
3(555 279 278)
3(623 278 279)
3(555 624 86)
3(555 86 279)
3(624 279 86)
3(417 555 86)
3(394 86 555)
3(624 86 417)
3(169 277 12)
3(277 553 12)
3(277 274 553)
3(277 274 554)
3(278 554 274)
3(278 275 554)
3(278 275 555)
3(279 555 275)
3(279 276 555)
3(555 86 276)
3(86 555 87)
3(1 37 199)
3(10 199 37)
3(199 202 1)
3(115 202 199)
3(199 202 37)
3(199 116 202)
3(116 200 202)
3(116 203 200)
3(200 203 202)
3(199 200 202)
3(200 116 204)
3(200 204 203)
3(201 204 116)
3(117 204 201)
3(201 204 200)
3(201 117 63)
3(201 63 204)
3(62 63 117)
3(62 63 201)
3(37 170 199)
3(199 556 37)
3(202 556 199)
3(202 37 556)
3(37 170 556)
3(202 556 200)
3(203 200 556)
3(203 557 200)
3(203 556 557)
3(202 556 203)
3(200 204 557)
3(203 557 204)
3(204 201 557)
3(204 558 201)
3(204 557 558)
3(201 63 558)
3(204 558 63)
3(63 62 558)
3(63 558 395)
3(170 37 205)
3(170 205 38)
3(556 205 37)
3(202 205 556)
3(556 205 170)
3(556 202 206)
3(556 206 205)
3(203 556 206)
3(203 206 557)
3(557 206 556)
3(557 203 207)
3(557 207 206)
3(204 557 207)
3(204 207 558)
3(558 207 557)
3(558 204 64)
3(558 64 207)
3(63 558 64)
3(395 64 558)
3(170 205 171)
3(38 171 205)
3(205 170 559)
3(205 559 556)
3(171 559 205)
3(556 206 559)
3(205 559 206)
3(206 556 560)
3(206 560 557)
3(559 560 206)
3(557 207 560)
3(206 560 207)
3(207 557 561)
3(207 561 558)
3(560 561 207)
3(558 64 561)
3(207 561 64)
3(64 395 561)
3(64 561 396)
3(171 38 208)
3(171 208 39)
3(205 171 208)
3(205 208 559)
3(559 208 171)
3(559 206 208)
3(206 560 208)
3(206 209 560)
3(560 209 208)
3(559 560 208)
3(560 207 209)
3(207 561 209)
3(207 210 561)
3(561 210 209)
3(560 561 209)
3(561 64 210)
3(64 561 65)
3(396 65 561)
3(210 561 65)
3(171 208 172)
3(39 172 208)
3(208 559 172)
3(208 562 559)
3(208 172 562)
3(559 208 563)
3(208 562 563)
3(560 563 208)
3(209 563 560)
3(209 208 563)
3(209 563 561)
3(561 564 209)
3(210 564 561)
3(210 209 564)
3(209 563 564)
3(561 210 397)
3(210 564 397)
3(65 561 397)
3(210 397 65)
3(172 208 40)
3(208 172 211)
3(208 211 562)
3(562 211 172)
3(40 172 211)
3(208 211 563)
3(562 563 211)
3(563 212 208)
3(209 212 563)
3(563 212 211)
3(209 212 564)
3(563 564 212)
3(564 213 209)
3(210 213 564)
3(564 213 212)
3(210 213 397)
3(564 397 213)
3(65 397 213)
3(397 66 213)
3(172 211 173)
3(40 173 211)
3(211 172 565)
3(211 565 562)
3(173 565 211)
3(211 565 563)
3(563 566 211)
3(212 566 563)
3(212 211 566)
3(211 565 566)
3(563 212 567)
3(212 566 567)
3(564 567 212)
3(213 567 564)
3(213 212 567)
3(564 213 398)
3(213 567 398)
3(397 398 213)
3(66 213 398)
3(173 40 214)
3(173 214 41)
3(211 173 214)
3(211 214 565)
3(565 214 173)
3(211 214 566)
3(565 566 214)
3(212 566 214)
3(212 215 566)
3(566 215 214)
3(212 215 567)
3(566 567 215)
3(213 567 215)
3(213 216 567)
3(567 216 215)
3(213 216 398)
3(567 398 216)
3(398 67 213)
3(398 67 216)
3(173 214 174)
3(41 174 214)
3(214 173 568)
3(214 568 565)
3(174 568 214)
3(565 214 569)
3(214 568 569)
3(566 569 214)
3(215 569 566)
3(215 214 569)
3(566 215 570)
3(215 569 570)
3(567 570 215)
3(216 570 567)
3(216 215 570)
3(567 216 399)
3(216 570 399)
3(398 399 216)
3(67 216 399)
3(174 214 42)
3(214 174 217)
3(214 217 568)
3(568 217 174)
3(42 174 217)
3(214 217 569)
3(568 569 217)
3(569 218 214)
3(215 218 569)
3(569 218 217)
3(569 215 219)
3(569 219 218)
3(570 219 215)
3(216 219 570)
3(570 219 569)
3(570 216 68)
3(570 68 219)
3(399 68 216)
3(399 68 570)
3(174 217 175)
3(42 175 217)
3(217 568 175)
3(217 571 568)
3(217 175 571)
3(568 217 572)
3(217 571 572)
3(569 572 217)
3(218 572 569)
3(218 217 572)
3(569 219 572)
3(218 572 219)
3(219 569 573)
3(219 573 570)
3(572 573 219)
3(570 68 573)
3(219 573 68)
3(68 570 400)
3(573 400 68)
3(175 42 220)
3(175 220 43)
3(217 175 220)
3(217 220 571)
3(571 220 175)
3(571 217 221)
3(571 221 220)
3(572 221 217)
3(218 221 572)
3(572 221 571)
3(572 218 222)
3(572 222 221)
3(219 572 222)
3(219 222 573)
3(573 222 572)
3(573 219 69)
3(573 69 222)
3(68 573 69)
3(400 69 573)
3(175 220 176)
3(43 176 220)
3(220 175 574)
3(220 574 571)
3(176 574 220)
3(571 221 574)
3(220 574 221)
3(221 571 575)
3(221 575 572)
3(574 575 221)
3(572 222 575)
3(221 575 222)
3(222 572 576)
3(222 576 573)
3(575 576 222)
3(573 69 576)
3(222 576 69)
3(69 573 401)
3(576 401 69)
3(176 220 44)
3(220 574 44)
3(220 223 574)
3(574 223 44)
3(176 574 44)
3(574 221 223)
3(221 575 223)
3(221 224 575)
3(575 224 223)
3(574 575 223)
3(575 222 224)
3(222 576 224)
3(222 225 576)
3(576 225 224)
3(575 576 224)
3(576 69 225)
3(69 401 225)
3(401 70 225)
3(576 401 225)
3(176 44 577)
3(44 177 577)
3(574 577 44)
3(223 577 574)
3(223 44 577)
3(574 223 578)
3(223 577 578)
3(575 578 223)
3(224 578 575)
3(224 223 578)
3(575 224 579)
3(224 578 579)
3(576 579 224)
3(225 579 576)
3(225 224 579)
3(225 579 401)
3(70 401 579)
3(70 579 402)
3(225 579 70)
3(177 44 226)
3(177 226 45)
3(577 226 44)
3(223 226 577)
3(577 226 177)
3(223 226 578)
3(577 578 226)
3(578 227 223)
3(224 227 578)
3(578 227 226)
3(224 227 579)
3(578 579 227)
3(579 228 224)
3(225 228 579)
3(579 228 227)
3(579 225 71)
3(579 71 228)
3(70 579 71)
3(402 71 579)
3(177 226 178)
3(45 178 226)
3(226 177 580)
3(226 580 577)
3(178 580 226)
3(226 580 578)
3(227 578 580)
3(227 581 578)
3(227 580 581)
3(226 580 227)
3(227 581 579)
3(228 579 581)
3(228 582 579)
3(228 581 582)
3(227 581 228)
3(579 71 582)
3(228 582 71)
3(71 579 403)
3(582 403 71)
3(178 226 46)
3(226 580 46)
3(226 229 580)
3(580 229 46)
3(178 580 46)
3(580 226 230)
3(580 230 229)
3(227 580 230)
3(227 230 581)
3(581 230 580)
3(581 227 231)
3(581 231 230)
3(228 581 231)
3(228 231 582)
3(582 231 581)
3(582 228 72)
3(582 72 231)
3(71 582 72)
3(403 72 582)
3(178 46 583)
3(46 179 583)
3(580 583 46)
3(229 583 580)
3(229 46 583)
3(580 230 583)
3(229 583 230)
3(230 580 584)
3(230 584 581)
3(583 584 230)
3(581 231 584)
3(230 584 231)
3(231 581 585)
3(231 585 582)
3(584 585 231)
3(582 231 404)
3(231 585 404)
3(72 582 404)
3(231 404 72)
3(46 47 583)
3(179 583 47)
3(229 583 47)
3(229 232 583)
3(583 232 47)
3(583 229 233)
3(583 233 232)
3(230 583 233)
3(230 233 584)
3(584 233 583)
3(584 231 233)
3(231 585 233)
3(231 234 585)
3(585 234 233)
3(584 585 233)
3(231 234 404)
3(585 404 234)
3(72 404 234)
3(404 73 234)
3(179 47 586)
3(47 180 586)
3(583 586 47)
3(232 586 583)
3(232 47 586)
3(583 232 587)
3(232 586 587)
3(233 583 587)
3(233 587 584)
3(232 587 233)
3(584 233 588)
3(233 587 588)
3(585 588 233)
3(234 588 585)
3(234 233 588)
3(234 588 404)
3(404 405 234)
3(73 234 405)
3(234 588 405)
3(47 48 586)
3(180 586 48)
3(586 235 47)
3(232 235 586)
3(586 235 48)
3(232 235 587)
3(586 587 235)
3(233 587 235)
3(233 236 587)
3(587 236 235)
3(233 236 588)
3(587 588 236)
3(588 237 233)
3(234 237 588)
3(588 237 236)
3(234 237 405)
3(588 405 237)
3(405 74 234)
3(405 74 237)
3(180 48 589)
3(48 181 589)
3(586 589 48)
3(235 589 586)
3(235 48 589)
3(235 589 587)
3(587 590 235)
3(236 590 587)
3(236 235 590)
3(235 589 590)
3(236 590 588)
3(588 591 236)
3(237 591 588)
3(237 236 591)
3(236 590 591)
3(588 237 406)
3(237 591 406)
3(405 406 237)
3(74 237 406)
3(48 49 589)
3(181 589 49)
3(589 238 48)
3(235 238 589)
3(589 238 49)
3(589 235 239)
3(589 239 238)
3(590 239 235)
3(236 239 590)
3(590 239 589)
3(590 236 240)
3(590 240 239)
3(591 240 236)
3(237 240 591)
3(591 240 590)
3(237 240 406)
3(591 406 240)
3(406 75 237)
3(406 75 240)
3(181 49 592)
3(49 182 592)
3(589 592 49)
3(238 592 589)
3(238 49 592)
3(589 238 593)
3(238 592 593)
3(239 589 593)
3(239 593 590)
3(238 593 239)
3(590 239 594)
3(239 593 594)
3(240 590 594)
3(240 594 591)
3(239 594 240)
3(240 594 406)
3(75 406 594)
3(75 594 407)
3(240 594 75)
3(49 50 592)
3(182 592 50)
3(238 592 50)
3(238 241 592)
3(592 241 50)
3(238 241 593)
3(592 593 241)
3(593 242 238)
3(239 242 593)
3(593 242 241)
3(239 242 594)
3(593 594 242)
3(594 243 239)
3(240 243 594)
3(594 243 242)
3(594 75 243)
3(75 594 76)
3(407 76 594)
3(243 594 76)
3(182 50 595)
3(50 183 595)
3(592 595 50)
3(241 595 592)
3(241 50 595)
3(241 595 593)
3(242 593 595)
3(242 596 593)
3(242 595 596)
3(241 595 242)
3(242 596 594)
3(243 594 596)
3(243 597 594)
3(243 596 597)
3(242 596 243)
3(594 76 597)
3(243 597 76)
3(76 594 408)
3(597 408 76)
3(50 51 595)
3(183 595 51)
3(241 595 51)
3(241 244 595)
3(595 244 51)
3(595 242 244)
3(242 595 245)
3(242 245 596)
3(596 245 595)
3(244 595 245)
3(596 243 245)
3(243 596 246)
3(243 246 597)
3(597 246 596)
3(245 596 246)
3(597 243 77)
3(597 77 246)
3(76 597 77)
3(408 77 597)
3(51 184 595)
3(595 598 51)
3(244 598 595)
3(244 51 598)
3(51 184 598)
3(595 245 598)
3(244 598 245)
3(245 595 599)
3(245 599 596)
3(598 599 245)
3(596 246 599)
3(245 599 246)
3(246 596 600)
3(246 600 597)
3(599 600 246)
3(597 246 409)
3(246 600 409)
3(77 597 409)
3(246 409 77)
3(184 51 247)
3(184 247 52)
3(598 247 51)
3(244 247 598)
3(598 247 184)
3(598 244 248)
3(598 248 247)
3(245 598 248)
3(245 248 599)
3(599 248 598)
3(599 245 249)
3(599 249 248)
3(246 599 249)
3(246 249 600)
3(600 249 599)
3(246 249 409)
3(600 409 249)
3(409 78 246)
3(409 78 249)
3(184 247 185)
3(52 185 247)
3(247 184 601)
3(247 601 598)
3(185 601 247)
3(598 247 602)
3(247 601 602)
3(248 598 602)
3(248 602 599)
3(247 602 248)
3(599 248 603)
3(248 602 603)
3(249 599 603)
3(249 603 600)
3(248 603 249)
3(600 249 410)
3(249 603 410)
3(409 410 249)
3(78 249 410)
3(185 247 53)
3(247 185 250)
3(247 250 601)
3(601 250 185)
3(53 185 250)
3(247 250 602)
3(601 602 250)
3(602 251 247)
3(248 251 602)
3(602 251 250)
3(248 251 603)
3(602 603 251)
3(603 252 248)
3(249 252 603)
3(603 252 251)
3(249 252 410)
3(603 410 252)
3(410 79 249)
3(410 79 252)
3(185 250 186)
3(53 186 250)
3(250 185 604)
3(250 604 601)
3(186 604 250)
3(601 250 605)
3(250 604 605)
3(602 605 250)
3(251 605 602)
3(251 250 605)
3(602 251 606)
3(251 605 606)
3(603 606 251)
3(252 606 603)
3(252 251 606)
3(603 252 411)
3(252 606 411)
3(410 411 252)
3(79 252 411)
3(186 250 54)
3(250 186 253)
3(250 253 604)
3(604 253 186)
3(54 186 253)
3(604 250 254)
3(604 254 253)
3(605 254 250)
3(251 254 605)
3(605 254 604)
3(605 251 255)
3(605 255 254)
3(606 255 251)
3(252 255 606)
3(606 255 605)
3(606 252 80)
3(606 80 255)
3(411 80 252)
3(411 80 606)
3(186 54 607)
3(54 187 607)
3(253 186 607)
3(253 607 604)
3(54 607 253)
3(604 254 607)
3(253 607 254)
3(254 604 608)
3(254 608 605)
3(607 608 254)
3(605 255 608)
3(254 608 255)
3(255 605 609)
3(255 609 606)
3(608 609 255)
3(606 80 609)
3(255 609 80)
3(80 411 609)
3(80 609 412)
3(54 55 607)
3(187 607 55)
3(253 607 55)
3(253 256 607)
3(607 256 55)
3(607 253 257)
3(607 257 256)
3(254 607 257)
3(254 257 608)
3(608 257 607)
3(608 254 258)
3(608 258 257)
3(255 608 258)
3(255 258 609)
3(609 258 608)
3(609 80 258)
3(80 609 81)
3(412 81 609)
3(258 609 81)
3(187 55 610)
3(55 188 610)
3(607 610 55)
3(256 610 607)
3(256 55 610)
3(607 257 610)
3(256 610 257)
3(257 608 610)
3(257 611 608)
3(257 610 611)
3(608 258 611)
3(257 611 258)
3(258 609 611)
3(258 612 609)
3(258 611 612)
3(609 258 413)
3(258 612 413)
3(81 609 413)
3(258 413 81)
3(188 55 259)
3(188 259 56)
3(610 259 55)
3(256 259 610)
3(610 259 188)
3(610 257 259)
3(257 610 260)
3(257 260 611)
3(611 260 610)
3(259 610 260)
3(611 258 260)
3(258 611 261)
3(258 261 612)
3(612 261 611)
3(260 611 261)
3(258 261 413)
3(612 413 261)
3(413 82 258)
3(413 82 261)
3(188 259 189)
3(56 189 259)
3(259 188 613)
3(259 613 610)
3(189 613 259)
3(610 259 614)
3(259 613 614)
3(260 610 614)
3(260 614 611)
3(259 614 260)
3(611 261 614)
3(260 614 261)
3(261 611 615)
3(261 615 612)
3(614 615 261)
3(261 615 413)
3(82 413 615)
3(82 615 414)
3(261 615 82)
3(189 259 57)
3(259 613 57)
3(259 262 613)
3(613 262 57)
3(189 613 57)
3(259 262 614)
3(613 614 262)
3(614 263 259)
3(260 263 614)
3(614 263 262)
3(614 260 264)
3(614 264 263)
3(261 614 264)
3(261 264 615)
3(615 264 614)
3(615 261 83)
3(615 83 264)
3(82 615 83)
3(414 83 615)
3(189 57 616)
3(57 190 616)
3(613 616 57)
3(262 616 613)
3(262 57 616)
3(262 616 614)
3(263 614 616)
3(263 617 614)
3(263 616 617)
3(262 616 263)
3(614 264 617)
3(263 617 264)
3(264 614 618)
3(264 618 615)
3(617 618 264)
3(615 83 618)
3(264 618 83)
3(83 615 415)
3(618 415 83)
3(190 57 265)
3(190 265 58)
3(616 265 57)
3(262 265 616)
3(616 265 190)
3(616 262 266)
3(616 266 265)
3(263 616 266)
3(263 266 617)
3(617 266 616)
3(617 263 267)
3(617 267 266)
3(264 617 267)
3(264 267 618)
3(618 267 617)
3(618 264 84)
3(618 84 267)
3(83 618 84)
3(415 84 618)
3(190 265 191)
3(58 191 265)
3(265 190 619)
3(265 619 616)
3(191 619 265)
3(616 266 619)
3(265 619 266)
3(266 616 620)
3(266 620 617)
3(619 620 266)
3(617 267 620)
3(266 620 267)
3(267 617 621)
3(267 621 618)
3(620 621 267)
3(618 84 621)
3(267 621 84)
3(84 618 416)
3(621 416 84)
3(191 58 268)
3(191 268 59)
3(265 191 268)
3(265 268 619)
3(619 268 191)
3(619 266 268)
3(266 619 269)
3(266 269 620)
3(620 269 619)
3(268 619 269)
3(620 267 269)
3(267 620 270)
3(267 270 621)
3(621 270 620)
3(269 620 270)
3(621 84 270)
3(84 621 85)
3(416 85 621)
3(270 621 85)
3(191 268 192)
3(59 192 268)
3(268 191 622)
3(268 622 619)
3(192 622 268)
3(619 269 622)
3(268 622 269)
3(269 619 623)
3(269 623 620)
3(622 623 269)
3(620 270 623)
3(269 623 270)
3(270 620 624)
3(270 624 621)
3(623 624 270)
3(621 85 624)
3(270 624 85)
3(85 621 417)
3(624 417 85)
3(192 268 3)
3(268 192 118)
3(268 118 622)
3(622 118 192)
3(3 192 118)
3(622 269 118)
3(269 623 118)
3(269 119 623)
3(623 119 118)
3(622 623 118)
3(623 270 119)
3(270 623 120)
3(270 120 624)
3(624 120 623)
3(119 623 120)
3(624 270 6)
3(624 6 120)
3(85 624 6)
3(417 6 624)
3(192 118 13)
3(118 192 277)
3(118 277 622)
3(118 277 623)
3(623 278 118)
3(119 278 623)
3(623 119 279)
3(120 623 279)
3(120 279 624)
3(624 6 279)
3(6 624 86)
3(0 124 8)
3(60 349 4)
3(0 14 124)
3(112 280 14)
3(0 112 14)
3(112 113 280)
3(113 281 280)
3(114 282 281)
3(113 114 281)
3(114 111 282)
3(4 111 114)
3(349 111 4)
3(14 125 124)
3(349 350 111)
3(14 15 125)
3(280 283 14)
3(15 14 283)
3(280 284 283)
3(281 284 280)
3(281 285 284)
3(282 285 281)
3(282 110 285)
3(350 110 111)
3(111 110 282)
3(15 126 125)
3(350 351 110)
3(15 286 16)
3(15 16 126)
3(283 286 15)
3(283 287 286)
3(284 287 283)
3(284 288 287)
3(285 288 284)
3(285 110 288)
3(351 109 110)
3(110 109 288)
3(16 127 126)
3(351 352 109)
3(16 17 127)
3(286 289 16)
3(17 16 289)
3(286 287 289)
3(287 290 289)
3(287 288 290)
3(288 291 290)
3(109 108 288)
3(352 108 109)
3(291 288 108)
3(17 128 127)
3(352 353 108)
3(17 18 128)
3(289 292 18)
3(17 289 18)
3(290 293 289)
3(292 289 293)
3(291 294 290)
3(293 290 294)
3(108 107 294)
3(353 107 108)
3(291 108 294)
3(18 129 128)
3(353 354 107)
3(18 295 19)
3(18 19 129)
3(292 295 18)
3(293 296 295)
3(292 293 295)
3(294 297 296)
3(293 294 296)
3(107 106 294)
3(354 106 107)
3(297 294 106)
3(19 130 129)
3(354 355 106)
3(19 295 20)
3(19 20 130)
3(295 298 20)
3(296 299 295)
3(298 295 299)
3(297 300 296)
3(299 296 300)
3(106 105 297)
3(355 105 106)
3(300 297 105)
3(20 131 130)
3(355 356 105)
3(20 301 21)
3(20 21 131)
3(298 301 20)
3(299 302 298)
3(301 298 302)
3(300 303 299)
3(302 299 303)
3(105 104 300)
3(356 104 105)
3(303 300 104)
3(21 132 131)
3(356 357 104)
3(21 301 22)
3(21 22 132)
3(301 304 22)
3(302 305 301)
3(304 301 305)
3(303 306 302)
3(305 302 306)
3(104 103 306)
3(357 103 104)
3(303 104 306)
3(22 133 132)
3(357 358 103)
3(22 304 23)
3(22 23 133)
3(304 307 23)
3(305 308 307)
3(304 305 307)
3(306 309 308)
3(305 306 308)
3(103 102 306)
3(358 102 103)
3(309 306 102)
3(23 134 133)
3(358 359 102)
3(23 24 134)
3(307 310 23)
3(24 23 310)
3(308 311 310)
3(307 308 310)
3(309 312 311)
3(308 309 311)
3(102 101 312)
3(359 101 102)
3(309 102 312)
3(24 135 134)
3(359 360 101)
3(24 313 25)
3(24 25 135)
3(310 313 24)
3(311 314 310)
3(313 310 314)
3(311 315 314)
3(312 315 311)
3(312 100 315)
3(101 100 312)
3(360 100 101)
3(25 136 135)
3(360 361 100)
3(25 26 136)
3(313 316 26)
3(25 313 26)
3(313 317 316)
3(314 317 313)
3(315 318 314)
3(317 314 318)
3(315 99 318)
3(361 99 100)
3(100 99 315)
3(26 137 136)
3(361 362 99)
3(26 27 137)
3(316 319 27)
3(26 316 27)
3(316 320 319)
3(317 320 316)
3(318 321 317)
3(320 317 321)
3(318 98 321)
3(362 98 99)
3(99 98 318)
3(27 138 137)
3(362 363 98)
3(27 28 138)
3(319 322 27)
3(28 27 322)
3(319 323 322)
3(320 323 319)
3(320 324 323)
3(321 324 320)
3(321 98 324)
3(98 97 324)
3(363 97 98)
3(28 139 138)
3(363 364 97)
3(28 325 29)
3(28 29 139)
3(322 325 28)
3(322 323 325)
3(323 326 325)
3(323 324 326)
3(324 327 326)
3(324 96 327)
3(364 96 97)
3(97 96 324)
3(29 140 139)
3(364 365 96)
3(29 325 30)
3(29 30 140)
3(325 328 30)
3(325 326 328)
3(326 329 328)
3(326 327 329)
3(327 330 329)
3(327 96 330)
3(96 95 330)
3(365 95 96)
3(30 141 140)
3(365 366 95)
3(30 331 31)
3(30 31 141)
3(328 331 30)
3(329 332 328)
3(331 328 332)
3(330 333 329)
3(332 329 333)
3(330 94 333)
3(95 94 330)
3(366 94 95)
3(31 142 141)
3(366 367 94)
3(31 331 32)
3(31 32 142)
3(331 334 32)
3(331 335 334)
3(332 335 331)
3(332 336 335)
3(333 336 332)
3(333 93 336)
3(367 93 94)
3(94 93 333)
3(32 143 142)
3(367 368 93)
3(32 337 33)
3(32 33 143)
3(334 337 32)
3(334 338 337)
3(335 338 334)
3(335 336 338)
3(336 339 338)
3(336 93 339)
3(368 92 93)
3(93 92 339)
3(33 144 143)
3(368 369 92)
3(33 340 34)
3(33 34 144)
3(337 340 33)
3(337 338 340)
3(338 341 340)
3(338 342 341)
3(339 342 338)
3(339 91 342)
3(369 91 92)
3(92 91 339)
3(34 145 144)
3(369 370 91)
3(34 343 35)
3(34 35 145)
3(340 343 34)
3(340 344 343)
3(341 344 340)
3(341 342 344)
3(342 345 344)
3(342 91 345)
3(370 90 91)
3(91 90 345)
3(35 146 145)
3(370 371 90)
3(35 343 36)
3(35 36 146)
3(343 346 36)
3(343 344 346)
3(344 347 346)
3(344 348 347)
3(345 348 344)
3(345 89 348)
3(371 89 90)
3(90 89 345)
3(36 11 146)
3(371 88 89)
3(36 2 11)
3(346 121 2)
3(36 346 2)
3(347 122 121)
3(346 347 121)
3(347 348 122)
3(348 123 122)
3(89 7 123)
3(88 7 89)
3(348 89 123)
3(8 147 9)
3(61 372 60)
3(8 124 147)
3(372 349 60)
3(124 148 147)
3(372 373 349)
3(124 125 148)
3(373 350 349)
3(125 149 148)
3(373 374 350)
3(125 126 149)
3(374 351 350)
3(126 150 149)
3(374 375 351)
3(126 127 150)
3(375 352 351)
3(127 151 150)
3(375 376 352)
3(127 128 151)
3(376 353 352)
3(128 152 151)
3(376 377 353)
3(128 129 152)
3(377 354 353)
3(129 153 152)
3(377 378 354)
3(129 130 153)
3(378 355 354)
3(130 154 153)
3(378 379 355)
3(130 131 154)
3(379 356 355)
3(131 155 154)
3(379 380 356)
3(131 132 155)
3(380 357 356)
3(132 156 155)
3(380 381 357)
3(132 133 156)
3(381 358 357)
3(133 157 156)
3(381 382 358)
3(133 134 157)
3(382 359 358)
3(134 158 157)
3(382 383 359)
3(134 135 158)
3(383 360 359)
3(135 159 158)
3(383 384 360)
3(135 136 159)
3(384 361 360)
3(136 160 159)
3(384 385 361)
3(136 137 160)
3(385 362 361)
3(137 161 160)
3(385 386 362)
3(137 138 161)
3(386 363 362)
3(138 162 161)
3(386 387 363)
3(138 139 162)
3(387 364 363)
3(139 163 162)
3(387 388 364)
3(139 140 163)
3(388 365 364)
3(140 164 163)
3(388 389 365)
3(140 141 164)
3(389 366 365)
3(141 165 164)
3(389 390 366)
3(141 142 165)
3(390 367 366)
3(142 166 165)
3(390 391 367)
3(142 143 166)
3(391 368 367)
3(143 167 166)
3(391 392 368)
3(143 144 167)
3(392 369 368)
3(144 168 167)
3(392 393 369)
3(144 145 168)
3(393 370 369)
3(145 169 168)
3(393 394 370)
3(145 146 169)
3(394 371 370)
3(146 12 169)
3(394 87 371)
3(146 11 12)
3(87 88 371)
3(9 170 10)
3(62 395 61)
3(9 147 170)
3(395 372 61)
3(147 171 170)
3(395 396 372)
3(147 148 171)
3(396 373 372)
3(148 172 171)
3(396 397 373)
3(148 149 172)
3(397 374 373)
3(149 173 172)
3(397 398 374)
3(149 150 173)
3(398 375 374)
3(150 174 173)
3(398 399 375)
3(150 151 174)
3(399 376 375)
3(151 175 174)
3(399 400 376)
3(151 152 175)
3(400 377 376)
3(152 176 175)
3(400 401 377)
3(152 153 176)
3(401 378 377)
3(153 177 176)
3(401 402 378)
3(153 154 177)
3(402 379 378)
3(154 178 177)
3(402 403 379)
3(154 155 178)
3(403 380 379)
3(155 179 178)
3(403 404 380)
3(155 156 179)
3(404 381 380)
3(156 180 179)
3(404 405 381)
3(156 157 180)
3(405 382 381)
3(157 181 180)
3(405 406 382)
3(157 158 181)
3(406 383 382)
3(158 182 181)
3(406 407 383)
3(158 159 182)
3(407 384 383)
3(159 183 182)
3(407 408 384)
3(159 160 183)
3(408 385 384)
3(160 184 183)
3(408 409 385)
3(160 161 184)
3(409 386 385)
3(161 185 184)
3(409 410 386)
3(161 162 185)
3(410 387 386)
3(162 186 185)
3(410 411 387)
3(162 163 186)
3(411 388 387)
3(163 187 186)
3(411 412 388)
3(163 164 187)
3(412 389 388)
3(164 188 187)
3(412 413 389)
3(164 165 188)
3(413 390 389)
3(165 189 188)
3(413 414 390)
3(165 166 189)
3(414 391 390)
3(166 190 189)
3(414 415 391)
3(166 167 190)
3(415 392 391)
3(167 191 190)
3(415 416 392)
3(167 168 191)
3(416 393 392)
3(168 192 191)
3(416 417 393)
3(168 169 192)
3(417 394 393)
3(169 13 192)
3(417 86 394)
3(169 12 13)
3(86 87 394)
3(10 37 1)
3(115 1 202)
3(1 37 202)
3(115 202 116)
3(116 202 203)
3(116 203 204)
3(117 116 204)
3(117 204 63)
3(5 117 63)
3(5 63 62)
3(10 170 37)
3(63 395 62)
3(37 38 205)
3(170 38 37)
3(202 37 205)
3(202 205 206)
3(202 206 203)
3(203 206 207)
3(203 207 204)
3(204 207 64)
3(63 64 395)
3(204 64 63)
3(170 171 38)
3(64 396 395)
3(38 39 208)
3(171 39 38)
3(38 208 205)
3(205 208 206)
3(206 208 209)
3(206 209 207)
3(207 209 210)
3(207 210 64)
3(64 65 396)
3(210 65 64)
3(171 172 39)
3(65 397 396)
3(39 40 208)
3(172 40 39)
3(40 211 208)
3(209 208 212)
3(208 211 212)
3(210 209 213)
3(209 212 213)
3(65 213 66)
3(65 66 397)
3(210 213 65)
3(172 173 40)
3(66 398 397)
3(40 41 214)
3(173 41 40)
3(40 214 211)
3(212 214 215)
3(211 214 212)
3(213 215 216)
3(212 215 213)
3(66 213 67)
3(66 67 398)
3(213 216 67)
3(173 174 41)
3(67 399 398)
3(41 42 214)
3(174 42 41)
3(42 217 214)
3(215 214 218)
3(214 217 218)
3(215 218 219)
3(216 215 219)
3(216 219 68)
3(67 216 68)
3(67 68 399)
3(174 175 42)
3(68 400 399)
3(42 43 220)
3(175 43 42)
3(42 220 217)
3(217 220 221)
3(218 217 221)
3(218 221 222)
3(218 222 219)
3(219 222 69)
3(68 69 400)
3(219 69 68)
3(175 176 43)
3(69 401 400)
3(43 44 220)
3(176 44 43)
3(220 44 223)
3(220 223 221)
3(221 223 224)
3(221 224 222)
3(222 224 225)
3(222 225 69)
3(69 225 70)
3(69 70 401)
3(176 177 44)
3(70 402 401)
3(44 45 226)
3(177 45 44)
3(223 44 226)
3(224 223 227)
3(223 226 227)
3(225 224 228)
3(224 227 228)
3(225 228 71)
3(70 71 402)
3(225 71 70)
3(177 178 45)
3(71 403 402)
3(45 46 226)
3(178 46 45)
3(226 46 229)
3(226 229 230)
3(226 230 227)
3(227 230 231)
3(227 231 228)
3(228 231 72)
3(71 72 403)
3(228 72 71)
3(178 179 46)
3(72 404 403)
3(179 47 46)
3(229 47 232)
3(46 47 229)
3(229 232 233)
3(229 233 230)
3(230 233 231)
3(231 233 234)
3(72 234 73)
3(72 73 404)
3(231 234 72)
3(179 180 47)
3(73 405 404)
3(180 48 47)
3(232 47 235)
3(47 48 235)
3(233 235 236)
3(232 235 233)
3(234 233 237)
3(233 236 237)
3(73 234 74)
3(73 74 405)
3(234 237 74)
3(180 181 48)
3(74 406 405)
3(181 49 48)
3(235 48 238)
3(48 49 238)
3(235 238 239)
3(236 235 239)
3(236 239 240)
3(237 236 240)
3(74 237 75)
3(74 75 406)
3(237 240 75)
3(181 182 49)
3(75 407 406)
3(182 50 49)
3(238 50 241)
3(49 50 238)
3(239 238 242)
3(238 241 242)
3(240 239 243)
3(239 242 243)
3(240 243 75)
3(75 76 407)
3(243 76 75)
3(182 183 50)
3(76 408 407)
3(183 51 50)
3(241 51 244)
3(50 51 241)
3(241 244 242)
3(244 245 242)
3(242 245 243)
3(245 246 243)
3(243 246 77)
3(76 77 408)
3(243 77 76)
3(183 184 51)
3(77 409 408)
3(51 52 247)
3(184 52 51)
3(244 51 247)
3(244 247 248)
3(244 248 245)
3(245 248 249)
3(245 249 246)
3(77 246 78)
3(77 78 409)
3(246 249 78)
3(184 185 52)
3(78 410 409)
3(52 53 247)
3(185 53 52)
3(53 250 247)
3(248 247 251)
3(247 250 251)
3(249 248 252)
3(248 251 252)
3(78 249 79)
3(78 79 410)
3(249 252 79)
3(185 186 53)
3(79 411 410)
3(53 54 250)
3(186 54 53)
3(54 253 250)
3(250 253 254)
3(251 250 254)
3(251 254 255)
3(252 251 255)
3(252 255 80)
3(79 252 80)
3(79 80 411)
3(186 187 54)
3(80 412 411)
3(187 55 54)
3(253 55 256)
3(54 55 253)
3(253 256 257)
3(253 257 254)
3(254 257 258)
3(254 258 255)
3(255 258 80)
3(80 81 412)
3(258 81 80)
3(187 188 55)
3(81 413 412)
3(55 56 259)
3(188 56 55)
3(256 55 259)
3(256 259 257)
3(259 260 257)
3(257 260 258)
3(260 261 258)
3(81 258 82)
3(81 82 413)
3(258 261 82)
3(188 189 56)
3(82 414 413)
3(56 57 259)
3(189 57 56)
3(259 57 262)
3(260 259 263)
3(259 262 263)
3(260 263 264)
3(260 264 261)
3(261 264 83)
3(82 83 414)
3(261 83 82)
3(189 190 57)
3(83 415 414)
3(57 58 265)
3(190 58 57)
3(262 57 265)
3(262 265 266)
3(262 266 263)
3(263 266 267)
3(263 267 264)
3(264 267 84)
3(83 84 415)
3(264 84 83)
3(190 191 58)
3(84 416 415)
3(58 59 268)
3(191 59 58)
3(58 268 265)
3(265 268 266)
3(268 269 266)
3(266 269 267)
3(269 270 267)
3(267 270 84)
3(84 85 416)
3(270 85 84)
3(191 192 59)
3(85 417 416)
3(59 3 268)
3(192 3 59)
3(3 118 268)
3(268 118 269)
3(269 118 119)
3(269 119 270)
3(119 120 270)
3(270 120 6)
3(85 6 417)
3(270 6 85)
3(192 13 3)
3(6 86 417)
3(0 8 193)
3(193 112 0)
3(112 193 194)
3(112 194 113)
3(195 114 113)
3(194 195 113)
3(114 195 60)
3(60 4 114)
3(8 9 193)
3(9 196 193)
3(193 196 197)
3(193 197 194)
3(194 197 198)
3(194 198 195)
3(61 60 198)
3(198 60 195)
3(9 10 199)
3(9 199 196)
3(196 199 200)
3(196 200 197)
3(197 200 201)
3(197 201 198)
3(198 201 62)
3(198 62 61)
3(10 1 199)
3(115 199 1)
3(199 115 116)
3(199 116 200)
3(117 201 116)
3(116 201 200)
3(5 62 117)
3(117 62 201)
3(11 2 271)
3(271 2 121)
3(271 121 272)
3(272 121 122)
3(273 122 123)
3(272 122 273)
3(273 123 88)
3(88 123 7)
3(12 11 271)
3(12 271 274)
3(274 271 272)
3(274 272 275)
3(275 272 276)
3(272 273 276)
3(276 273 87)
3(273 88 87)
3(13 12 277)
3(277 12 274)
3(278 274 275)
3(277 274 278)
3(279 275 276)
3(278 275 279)
3(279 276 86)
3(276 87 86)
3(3 13 118)
3(13 277 118)
3(119 118 278)
3(118 277 278)
3(119 278 279)
3(119 279 120)
3(120 279 6)
3(279 86 6)
)


// ************************************************************************* //
