/*--------------------------------*- C++ -*----------------------------------*\
  =========                 |
  \\      /  F ield         | OpenFOAM: The Open Source CFD Toolbox
   \\    /   O peration     | Website:  https://openfoam.org
    \\  /    A nd           | Version:  6
     \\/     M anipulation  |
\*---------------------------------------------------------------------------*/
FoamFile
{
    version     2.0;
    format      ascii;
    class       labelList;
    note        "nPoints:625  nCells:2304  nFaces:5024  nInternalFaces:4192";
    location    "constant/polyMesh";
    object      neighbour;
}
// * * * * * * * * * * * * * * * * * * * * * * * * * * * * * * * * * * * * * //


4192
(
2
588
2
3
14
12
590
5
591
5
6
17
593
15
8
18
594
8
9
20
596
11
599
11
22
23
598
14
24
14
15
25
17
17
18
29
27
20
30
20
21
32
23
33
23
34
26
612
26
27
37
36
613
29
617
29
30
40
616
41
32
620
32
33
43
619
44
35
47
35
622
46
623
38
50
38
39
49
41
51
41
42
52
44
54
44
45
55
47
57
47
58
50
62
638
50
51
61
637
53
65
53
54
640
64
641
56
68
56
57
643
67
644
59
69
59
646
70
647
62
74
62
63
73
65
75
65
66
76
68
78
68
69
79
71
71
82
83
74
84
660
74
75
661
85
77
87
77
78
664
88
665
80
90
80
81
667
92
668
83
93
669
83
670
94
86
98
86
87
97
89
89
90
100
101
92
92
93
103
104
95
107
95
106
98
108
684
98
99
110
686
101
111
687
101
102
688
112
104
114
690
104
105
115
692
107
117
693
107
119
695
110
122
110
111
121
113
125
113
114
124
116
128
116
117
127
119
131
119
130
122
134
708
122
123
133
710
125
135
711
125
126
137
713
128
138
714
128
129
140
716
131
141
717
131
142
719
134
144
134
135
146
137
147
137
138
148
140
150
140
141
151
143
153
143
154
146
156
146
147
158
734
732
149
735
149
150
160
159
736
152
738
152
153
163
162
739
155
741
155
166
165
742
158
158
159
169
170
161
173
161
162
172
164
176
164
165
175
167
179
167
178
170
182
758
170
171
181
757
173
183
761
173
174
184
760
176
186
764
176
177
187
763
179
189
765
179
190
767
182
192
182
183
193
185
197
185
186
196
188
200
188
189
199
191
203
191
202
194
204
194
195
781
205
782
197
207
783
197
198
208
785
200
210
786
200
201
211
788
203
213
789
203
215
791
206
206
207
217
216
209
221
209
210
220
212
222
212
213
223
215
227
215
226
218
228
218
219
805
230
804
221
231
807
221
222
233
809
224
810
224
225
236
234
812
227
237
813
227
238
815
230
230
231
241
242
233
243
233
234
244
236
246
236
237
247
239
249
239
250
242
252
830
242
243
253
829
245
831
245
246
257
255
833
248
834
248
249
260
258
836
251
837
251
263
261
839
254
266
254
255
265
257
267
257
258
268
260
270
260
261
271
263
273
263
274
266
278
854
266
267
277
853
269
855
269
270
280
279
857
272
858
272
273
283
284
860
275
863
275
286
287
862
278
290
278
279
289
281
293
281
282
292
284
296
284
285
295
287
297
287
298
290
300
876
290
291
877
302
293
305
881
293
294
304
880
296
306
882
296
297
883
307
299
311
299
886
310
887
302
314
302
303
313
305
315
305
306
316
308
320
308
309
319
311
321
311
323
314
324
900
314
315
326
902
317
329
317
318
904
328
905
320
330
906
320
321
331
908
323
335
323
334
910
911
326
338
326
327
337
329
339
329
330
341
332
342
332
333
344
335
345
335
346
338
348
924
338
339
349
926
341
353
341
342
352
928
929
344
930
344
345
355
931
356
347
357
347
934
359
933
350
360
350
351
362
353
363
353
354
364
356
366
356
357
367
359
359
371
369
362
948
362
363
373
949
374
365
375
365
366
952
377
951
368
378
368
369
955
379
956
371
957
371
382
958
383
374
384
374
375
385
377
377
378
389
387
380
380
381
391
390
383
393
383
395
386
396
386
387
973
398
974
389
975
389
390
401
976
399
392
402
392
393
979
404
980
395
405
395
407
982
983
398
398
399
409
410
401
401
402
412
411
404
404
405
415
416
407
407
418
419
410
422
998
410
411
421
997
413
1001
413
414
424
423
1000
416
426
1004
416
417
427
1003
419
431
1007
419
430
1006
422
432
422
423
434
425
437
425
426
436
428
440
428
429
439
431
441
431
442
434
444
434
435
446
1021
1022
437
449
1025
437
438
448
1024
440
452
1028
440
441
451
1027
443
455
443
1030
454
1031
446
446
447
457
458
449
459
449
450
460
452
462
452
453
463
455
465
455
467
458
470
1046
458
459
469
1045
461
473
461
462
1048
472
1049
464
474
464
465
1051
475
1052
467
477
467
478
1054
1055
470
480
470
471
481
473
483
473
474
485
476
476
477
488
486
479
479
490
489
482
494
482
483
1069
493
1070
485
495
485
486
496
1072
1073
488
500
488
489
499
1075
1076
491
503
491
1078
502
1079
494
504
494
495
505
497
497
498
508
507
500
510
500
501
511
503
513
503
515
506
518
506
507
1093
517
1092
509
521
509
510
1096
520
1097
512
522
512
513
1099
523
1100
515
525
515
526
1102
1103
518
528
518
519
529
521
531
521
522
533
524
524
525
536
534
527
527
538
537
530
540
530
531
1117
541
1118
533
543
533
534
544
1120
1121
536
548
536
537
547
1123
1124
539
551
539
1126
550
1125
542
542
543
553
554
545
545
546
556
557
548
558
548
549
559
551
563
551
562
554
564
1140
554
555
1141
566
557
567
1143
557
558
1144
569
560
570
560
561
1147
572
1148
563
573
1151
563
1150
575
566
566
567
569
569
570
572
572
573
575
575
578
588
578
579
589
1165
1164
581
1167
581
582
592
1169
591
584
1170
584
585
595
1171
596
587
597
1173
587
1175
599
590
590
591
601
600
593
593
594
604
605
596
608
596
597
607
599
611
599
610
602
612
602
603
1189
614
1188
605
615
1191
605
606
1192
617
608
618
1194
608
609
1195
620
611
621
1197
611
622
1199
614
614
615
625
626
617
629
617
618
628
620
632
620
621
631
623
635
623
634
626
636
1212
626
627
637
1214
629
639
1215
629
630
640
1217
632
642
1218
632
633
643
1220
635
645
1221
635
646
1223
638
650
638
639
649
641
653
641
642
652
644
656
644
645
655
647
657
647
658
650
662
1236
650
651
661
1238
653
663
1239
653
654
664
1241
656
666
1242
656
657
667
1244
659
1245
659
670
671
1247
662
672
662
663
674
665
675
665
666
676
668
678
668
669
680
671
681
671
682
674
686
674
675
685
1261
1260
677
1263
677
678
688
689
1265
680
1266
680
681
691
1268
692
683
695
683
1271
694
1269
686
696
686
687
697
689
699
689
690
700
692
702
692
693
703
695
705
695
706
698
710
698
699
1285
709
1286
701
713
701
702
1289
712
1287
704
716
704
705
1292
715
1290
707
719
707
1295
718
1293
710
720
710
711
721
713
723
713
714
724
716
726
716
717
727
719
729
719
730
722
732
722
723
1309
733
1310
725
735
725
726
1313
737
1311
728
738
728
729
1316
740
1314
731
741
731
1319
743
1317
734
734
735
745
746
737
737
738
748
749
740
740
741
751
752
743
743
755
753
746
756
1332
746
747
1333
757
749
759
1335
749
750
760
1337
752
762
1338
752
753
763
1340
755
1341
755
766
1342
767
758
770
758
759
769
761
771
761
762
773
764
774
764
765
776
767
777
767
778
770
780
1358
770
771
781
1357
773
1359
773
774
784
1360
785
776
1362
776
777
787
1363
788
779
791
779
1366
790
1367
782
794
782
783
793
785
795
785
786
796
788
798
788
789
799
791
801
791
802
794
806
1382
794
795
805
1381
797
809
797
798
1384
808
1385
800
810
800
801
1387
811
1388
803
815
803
1390
814
1391
806
818
806
807
817
809
819
809
810
820
812
812
813
823
822
815
825
815
826
818
828
1404
818
819
1405
829
821
831
821
822
1408
832
1409
824
834
824
825
1411
835
1412
827
837
827
1414
838
1415
830
842
830
831
841
833
833
834
844
843
836
836
837
847
846
839
839
850
851
842
852
1430
842
843
853
1429
845
855
845
846
1432
856
1433
848
858
848
849
1435
859
1436
851
861
1437
851
1438
863
854
866
854
855
865
857
857
858
868
869
860
860
861
871
872
863
875
863
874
866
878
1454
866
867
877
1453
869
879
1455
869
870
1456
880
872
884
1458
872
873
1459
883
875
885
1461
875
886
1463
878
888
878
879
889
881
893
881
882
892
884
894
884
885
895
887
899
887
898
890
902
890
891
1477
901
1478
893
903
1479
893
894
904
1481
896
908
896
897
1484
907
1482
899
909
1485
899
911
1487
902
912
902
903
913
905
917
905
906
916
908
918
908
909
920
911
921
911
922
914
926
914
915
1502
925
1500
917
927
1503
917
918
929
1505
920
930
920
921
932
1508
1506
923
1509
923
934
935
1511
926
936
926
927
937
929
939
929
930
940
932
932
933
943
944
935
945
935
946
938
948
938
939
1526
950
1524
941
1527
941
942
952
953
1529
944
954
1530
944
945
955
1532
947
957
947
1535
959
1533
950
950
951
961
962
953
963
953
954
964
956
968
956
957
967
959
959
970
971
962
972
1548
962
963
973
1550
965
975
965
966
1553
977
1551
968
978
1554
968
969
979
1556
971
981
1557
971
983
1559
974
986
974
975
985
977
977
978
988
989
980
992
980
981
991
983
995
983
994
986
996
1572
986
987
997
1574
989
999
1575
989
990
1001
1577
992
1002
1578
992
993
1003
1580
995
1005
1581
995
1006
1583
998
1010
998
999
1009
1001
1013
1001
1002
1012
1004
1016
1004
1005
1015
1007
1017
1007
1018
1010
1020
1596
1010
1011
1022
1598
1013
1023
1599
1013
1014
1024
1601
1016
1026
1602
1016
1017
1027
1604
1019
1605
1019
1030
1029
1607
1022
1032
1022
1023
1033
1025
1035
1025
1026
1036
1028
1038
1028
1029
1039
1031
1043
1031
1042
1034
1620
1034
1035
1045
1044
1621
1037
1623
1037
1038
1048
1047
1625
1040
1626
1040
1041
1051
1050
1628
1043
1053
1629
1043
1055
1631
1046
1058
1046
1047
1057
1049
1061
1049
1050
1060
1052
1064
1052
1053
1063
1055
1065
1055
1066
1058
1068
1646
1058
1059
1069
1645
1061
1071
1647
1061
1062
1073
1649
1064
1074
1650
1064
1065
1076
1652
1067
1653
1067
1078
1077
1655
1070
1082
1070
1071
1081
1073
1083
1073
1074
1084
1076
1086
1076
1077
1087
1079
1091
1079
1090
1082
1094
1670
1082
1083
1093
1669
1085
1671
1085
1086
1096
1095
1673
1088
1674
1088
1089
1099
1098
1676
1091
1101
1677
1091
1103
1679
1094
1106
1094
1095
1105
1097
1109
1097
1098
1108
1100
1112
1100
1101
1111
1103
1113
1103
1114
1106
1116
1692
1106
1107
1693
1117
1109
1119
1695
1109
1110
1121
1696
1112
1122
1698
1112
1113
1124
1700
1115
1703
1115
1126
1127
1702
1118
1128
1118
1119
1129
1121
1131
1121
1122
1132
1124
1134
1124
1125
1135
1127
1139
1127
1138
1130
1718
1130
1131
1141
1142
1717
1133
1719
1133
1134
1144
1145
1720
1136
1722
1136
1137
1147
1146
1723
1139
1149
1727
1139
1726
1150
1142
1142
1143
1145
1145
1146
1148
1148
1149
1151
1151
1154
1740
1154
1155
1166
1742
1164
1157
1743
1157
1158
1168
1744
1167
1160
1748
1160
1161
1172
1747
1170
1163
1751
1163
1174
1750
1175
1166
1166
1167
1177
1178
1169
1169
1170
1180
1181
1172
1172
1173
1183
1184
1175
1185
1175
1187
1178
1190
1766
1178
1179
1189
1765
1181
1193
1769
1181
1182
1768
1192
1184
1196
1772
1184
1185
1195
1771
1187
1199
1187
1198
1774
1775
1190
1200
1190
1191
1202
1193
1203
1193
1194
1204
1196
1206
1196
1197
1208
1199
1209
1199
1210
1202
1214
1202
1203
1213
1789
1790
1205
1217
1205
1206
1793
1216
1791
1208
1220
1208
1209
1219
1796
1794
1211
1223
1211
1798
1222
1797
1214
1224
1214
1215
1225
1217
1227
1217
1218
1229
1220
1230
1220
1221
1231
1223
1233
1223
1234
1226
1238
1226
1227
1813
1237
1814
1229
1241
1229
1230
1240
1817
1815
1232
1244
1232
1233
1820
1243
1818
1235
1245
1235
1823
1246
1821
1238
1248
1238
1239
1249
1241
1251
1241
1242
1252
1244
1254
1244
1245
1255
1247
1247
1258
1257
1250
1260
1250
1251
1837
1262
1838
1253
1263
1253
1254
1841
1264
1839
1256
1266
1256
1257
1844
1267
1842
1259
1271
1259
1847
1270
1845
1262
1262
1263
1273
1272
1265
1265
1266
1276
1275
1268
1268
1269
1279
1278
1271
1281
1271
1282
1274
1862
1274
1275
1285
1284
1861
1277
1289
1277
1278
1865
1288
1863
1280
1292
1280
1281
1867
1291
1868
1283
1295
1283
1870
1294
1871
1286
1298
1286
1287
1297
1289
1299
1289
1290
1300
1292
1302
1292
1293
1303
1295
1305
1295
1306
1298
1308
1886
1298
1299
1309
1885
1301
1313
1301
1302
1888
1312
1889
1304
1316
1304
1305
1891
1315
1892
1307
1319
1307
1894
1318
1895
1310
1322
1310
1311
1321
1313
1323
1313
1314
1324
1316
1326
1316
1317
1327
1319
1329
1319
1331
1322
1334
1908
1322
1323
1333
1910
1325
1337
1325
1326
1913
1336
1911
1328
1340
1328
1329
1916
1339
1914
1331
1341
1331
1343
1918
1917
1334
1346
1334
1335
1345
1337
1347
1337
1338
1349
1340
1350
1340
1341
1352
1343
1343
1354
1355
1346
1356
1934
1346
1347
1933
1357
1349
1359
1349
1350
1361
1936
1935
1352
1362
1352
1353
1364
1939
1938
1355
1365
1943
1355
1366
1942
1358
1370
1358
1359
1369
1361
1361
1362
1372
1373
1364
1364
1365
1375
1376
1367
1379
1367
1378
1370
1380
1956
1370
1371
1381
1958
1373
1383
1961
1373
1374
1384
1960
1376
1386
1964
1376
1377
1387
1963
1379
1389
1965
1379
1390
1966
1382
1394
1382
1383
1393
1385
1397
1385
1386
1396
1388
1400
1388
1389
1399
1391
1401
1391
1402
1394
1406
1980
1394
1395
1405
1982
1397
1407
1983
1397
1398
1408
1984
1400
1410
1986
1400
1401
1411
1988
1403
1989
1403
1414
1413
1991
1406
1418
1406
1407
1417
1409
1419
1409
1410
1420
1412
1422
1412
1413
1423
1415
1427
1415
1426
1418
1428
2004
1418
1419
2006
1429
1421
2007
1421
1422
1432
1431
2009
1424
2010
1424
1425
1435
1434
2012
1427
1439
2013
1427
1438
2015
1430
1442
1430
1431
1441
1433
1445
1433
1434
1444
1436
1448
1436
1437
1447
1439
1449
1439
1451
1442
1452
2028
1442
1443
1453
2030
1445
1457
2031
1445
1446
1456
2032
1448
1460
2034
1448
1449
1459
2035
1451
1463
1451
1462
2038
2037
1454
1466
1454
1455
1465
1457
1467
1457
1458
1469
1460
1470
1460
1461
1472
1463
1473
1463
1474
1466
1476
2052
1466
1467
1477
2054
1469
1481
1469
1470
1480
2056
2055
1472
1484
1472
1473
1483
2059
2058
1475
1487
1475
2062
1486
2063
1478
1488
1478
1479
1490
1481
1491
1481
1482
1492
1484
1494
1484
1485
1495
1487
1497
1487
1498
1490
2076
1490
1491
1501
2078
1502
1493
1505
1493
1494
2080
1504
2081
1496
1506
1496
1497
2083
1507
2084
1499
1509
1499
2086
1510
2085
1502
1512
1502
1503
1513
1505
1515
1505
1506
1516
1508
1508
1509
1519
1518
1511
1511
1522
1521
1514
1526
1514
1515
2101
1525
2102
1517
1527
1517
1518
2104
1528
2103
1520
1532
1520
1521
2107
1531
2106
1523
1535
1523
2111
1534
2109
1526
1536
1526
1527
1537
1529
1529
1530
1540
1539
1532
1542
1532
1533
1543
1535
1545
1535
1546
1538
1550
1538
1539
2125
1549
2126
1541
1553
1541
1542
2129
1552
2127
1544
1556
1544
1545
2132
1555
2130
1547
1559
1547
2135
1558
2133
1550
1560
1550
1551
1561
1553
1563
1553
1554
1564
1556
1566
1556
1557
1567
1559
1569
1559
1571
1562
1574
1562
1563
2149
1573
2148
1565
1577
1565
1566
2152
1576
2153
1568
1580
1568
1569
2155
1579
2156
1571
1583
1571
1582
2158
2159
1574
1584
1574
1575
1585
1577
1587
1577
1578
1589
1580
1590
1580
1581
1592
1583
1593
1583
1594
1586
1598
1586
1587
2174
1597
2172
1589
1601
1589
1590
1600
2176
2177
1592
1604
1592
1593
1603
2179
2180
1595
1605
1595
2182
1606
2181
1598
1608
1598
1599
1609
1601
1611
1601
1602
1612
1604
1614
1604
1605
1615
1607
1607
1619
1617
1610
1620
1610
1611
2197
1622
2198
1613
1623
1613
1614
2200
1624
2199
1616
1626
1616
1617
2203
1627
2204
1619
1631
1619
1630
2206
2205
1622
1622
1623
1633
1634
1625
1625
1626
1637
1635
1628
1628
1629
1639
1638
1631
1641
1631
1642
1634
1644
2220
1634
1635
1645
2222
1637
1649
1637
1638
1648
2224
2223
1640
1652
1640
1641
2227
1651
2228
1643
1653
1643
2230
1654
2231
1646
1658
1646
1647
1657
1649
1659
1649
1650
1660
1652
1662
1652
1653
1663
1655
1655
1666
1665
1658
1668
2246
1658
1659
1669
2245
1661
1671
1661
1662
2248
1672
2249
1664
1674
1664
1665
2251
1675
2252
1667
1679
1667
2254
1678
2255
1670
1682
1670
1671
1681
1673
1673
1674
1684
1685
1676
1676
1677
1687
1686
1679
1691
1679
1690
1682
1694
2270
1682
1683
1693
2269
1685
1697
2273
1685
1686
2272
1696
1688
1700
1688
1689
2275
1699
2276
1691
1701
2279
1691
2278
1703
1694
1706
1694
1695
1705
1697
1707
1697
1698
1709
1700
1710
1700
1701
1711
1703
1715
1703
1714
1706
1716
2294
1706
1707
2293
1718
1709
1719
1709
1710
1721
2297
2295
1712
1722
1712
1713
2299
1724
2298
1715
1725
2303
1715
1726
2302
1718
1718
1719
1721
1721
1722
1724
1724
1725
1727
1727
1730
1740
1730
1731
1741
1733
1733
1734
1745
1743
1736
1746
1736
1737
1748
1739
1749
1739
1751
1742
1742
1743
1753
1754
1745
1745
1746
1756
1757
1748
1760
1748
1749
1759
1751
1763
1751
1762
1754
1764
1754
1755
1765
1757
1767
1757
1758
1768
1760
1770
1760
1761
1771
1763
1773
1763
1775
1766
1778
1766
1767
1777
1769
1779
1769
1770
1781
1772
1782
1772
1773
1784
1775
1785
1775
1786
1778
1788
1778
1779
1790
1781
1781
1782
1792
1793
1784
1784
1785
1795
1794
1787
1787
1798
1799
1790
1800
1790
1791
1801
1793
1803
1793
1794
1804
1796
1796
1797
1807
1806
1799
1809
1799
1811
1802
1802
1803
1813
1812
1805
1815
1805
1806
1816
1808
1820
1808
1809
1819
1811
1823
1811
1822
1814
1826
1814
1815
1825
1817
1817
1818
1829
1827
1820
1830
1820
1821
1832
1823
1833
1823
1834
1826
1836
1826
1827
1837
1829
1841
1829
1830
1840
1832
1844
1832
1833
1843
1835
1847
1835
1846
1838
1848
1838
1839
1849
1841
1851
1841
1842
1852
1844
1856
1844
1845
1855
1847
1859
1847
1858
1850
1850
1851
1862
1860
1853
1865
1853
1854
1864
1856
1866
1856
1857
1867
1859
1869
1859
1870
1862
1874
1862
1863
1873
1865
1877
1865
1866
1876
1868
1880
1868
1869
1879
1871
1883
1871
1882
1874
1884
1874
1875
1885
1877
1887
1877
1878
1888
1880
1890
1880
1881
1891
1883
1893
1883
1894
1886
1896
1886
1887
1898
1889
1899
1889
1890
1901
1892
1902
1892
1893
1904
1895
1905
1895
1907
1898
1898
1899
1909
1910
1901
1901
1902
1912
1913
1904
1904
1905
1915
1916
1907
1907
1919
1917
1910
1922
1910
1911
1921
1913
1923
1913
1914
1924
1916
1926
1916
1917
1927
1919
1919
1930
1931
1922
1932
1922
1923
1933
1925
1935
1925
1926
1937
1928
1938
1928
1929
1940
1931
1941
1931
1942
1934
1944
1934
1935
1946
1937
1937
1938
1948
1949
1940
1940
1941
1951
1952
1943
1955
1943
1954
1946
1946
1947
1957
1958
1949
1959
1949
1950
1960
1952
1962
1952
1953
1963
1955
1967
1955
1966
1958
1968
1958
1959
1970
1961
1973
1961
1962
1972
1964
1974
1964
1965
1976
1967
1977
1967
1979
1970
1982
1970
1971
1981
1973
1985
1973
1974
1984
1976
1976
1977
1987
1988
1979
1989
1979
1990
1982
1992
1982
1983
1993
1985
1995
1985
1986
1997
1988
1998
1988
1989
1999
1991
1991
2002
2001
1994
2006
1994
1995
2005
1997
2007
1997
1998
2008
2000
2010
2000
2001
2011
2003
2015
2003
2014
2006
2016
2006
2007
2017
2009
2009
2010
2020
2021
2012
2012
2013
2023
2024
2015
2025
2015
2026
2018
2030
2018
2019
2029
2021
2033
2021
2022
2032
2024
2036
2024
2025
2035
2027
2037
2027
2039
2030
2040
2030
2031
2042
2033
2043
2033
2034
2044
2036
2046
2036
2037
2047
2039
2039
2050
2049
2042
2054
2042
2043
2053
2045
2055
2045
2046
2057
2048
2058
2048
2049
2060
2051
2051
2062
2061
2054
2064
2054
2055
2066
2057
2057
2058
2068
2067
2060
2060
2061
2071
2070
2063
2075
2063
2074
2066
2076
2066
2067
2077
2069
2069
2070
2080
2079
2072
2072
2073
2083
2082
2075
2087
2075
2086
2078
2078
2079
2089
2090
2081
2093
2081
2082
2092
2084
2096
2084
2085
2095
2087
2097
2087
2098
2090
2100
2090
2091
2101
2093
2105
2093
2094
2104
2096
2108
2096
2097
2107
2099
2111
2099
2110
2102
2112
2102
2103
2113
2105
2115
2105
2106
2116
2108
2118
2108
2109
2119
2111
2121
2111
2122
2114
2114
2115
2125
2124
2117
2129
2117
2118
2128
2120
2132
2120
2121
2131
2123
2135
2123
2134
2126
2136
2126
2127
2137
2129
2141
2129
2130
2140
2132
2144
2132
2133
2143
2135
2147
2135
2146
2138
2138
2139
2149
2150
2141
2151
2141
2142
2152
2144
2154
2144
2145
2155
2147
2157
2147
2159
2150
2160
2150
2151
2162
2153
2165
2153
2154
2164
2156
2168
2156
2157
2167
2159
2169
2159
2170
2162
2174
2162
2163
2173
2165
2175
2165
2166
2177
2168
2178
2168
2169
2180
2171
2171
2182
2183
2174
2186
2174
2175
2185
2177
2187
2177
2178
2188
2180
2190
2180
2181
2191
2183
2193
2183
2194
2186
2196
2186
2187
2197
2189
2189
2190
2200
2201
2192
2192
2193
2203
2202
2195
2205
2195
2207
2198
2208
2198
2199
2210
2201
2211
2201
2202
2212
2204
2216
2204
2205
2215
2207
2207
2218
2219
2210
2210
2211
2221
2222
2213
2223
2213
2214
2225
2216
2226
2216
2217
2227
2219
2229
2219
2230
2222
2234
2222
2223
2233
2225
2225
2226
2236
2237
2228
2240
2228
2229
2239
2231
2243
2231
2242
2234
2244
2234
2235
2245
2237
2247
2237
2238
2248
2240
2250
2240
2241
2251
2243
2253
2243
2254
2246
2258
2246
2247
2257
2249
2259
2249
2250
2260
2252
2262
2252
2253
2263
2255
2265
2255
2266
2258
2268
2258
2259
2269
2261
2261
2262
2272
2271
2264
2264
2265
2275
2274
2267
2267
2278
2277
2270
2280
2270
2271
2281
2273
2283
2273
2274
2285
2276
2286
2276
2277
2287
2279
2291
2279
2290
2282
2282
2283
2293
2292
2285
2285
2286
2296
2295
2288
2288
2289
2299
2300
2291
2301
2291
2302
2294
2294
2295
2297
2297
2298
2300
2300
2301
2303
2303
)


// ************************************************************************* //
