/*--------------------------------*- C++ -*----------------------------------*\
  =========                 |
  \\      /  F ield         | OpenFOAM: The Open Source CFD Toolbox
   \\    /   O peration     | Website:  https://openfoam.org
    \\  /    A nd           | Version:  6
     \\/     M anipulation  |
\*---------------------------------------------------------------------------*/
FoamFile
{
    version     2.0;
    format      ascii;
    class       vectorField;
    location    "constant/polyMesh";
    object      points;
}
// * * * * * * * * * * * * * * * * * * * * * * * * * * * * * * * * * * * * * //


625
(
(-0.5 0 -0.5)
(0.5 0 -0.5)
(-0.5 6 -0.5)
(0.5 6 -0.5)
(-0.5 0 0.5)
(0.5 0 0.5)
(0.5 6 0.5)
(-0.5 6 0.5)
(-0.25 0 -0.5)
(0 0 -0.5)
(0.25 0 -0.5)
(-0.25 6 -0.5)
(0 6 -0.5)
(0.25 6 -0.5)
(-0.5 0.25 -0.5)
(-0.5 0.5 -0.5)
(-0.5 0.75 -0.5)
(-0.5 1 -0.5)
(-0.5 1.25 -0.5)
(-0.5 1.5 -0.5)
(-0.5 1.75 -0.5)
(-0.5 2 -0.5)
(-0.5 2.25 -0.5)
(-0.5 2.5 -0.5)
(-0.5 2.75 -0.5)
(-0.5 3 -0.5)
(-0.5 3.25 -0.5)
(-0.5 3.5 -0.5)
(-0.5 3.75 -0.5)
(-0.5 4 -0.5)
(-0.5 4.25 -0.5)
(-0.5 4.5 -0.5)
(-0.5 4.75 -0.5)
(-0.5 5 -0.5)
(-0.5 5.25 -0.5)
(-0.5 5.5 -0.5)
(-0.5 5.75 -0.5)
(0.5 0.25 -0.5)
(0.5 0.5 -0.5)
(0.5 0.75 -0.5)
(0.5 1 -0.5)
(0.5 1.25 -0.5)
(0.5 1.5 -0.5)
(0.5 1.75 -0.5)
(0.5 2 -0.5)
(0.5 2.25 -0.5)
(0.5 2.5 -0.5)
(0.5 2.75 -0.5)
(0.5 3 -0.5)
(0.5 3.25 -0.5)
(0.5 3.5 -0.5)
(0.5 3.75 -0.5)
(0.5 4 -0.5)
(0.5 4.25 -0.5)
(0.5 4.5 -0.5)
(0.5 4.75 -0.5)
(0.5 5 -0.5)
(0.5 5.25 -0.5)
(0.5 5.5 -0.5)
(0.5 5.75 -0.5)
(-0.25 0 0.5)
(0 0 0.5)
(0.25 0 0.5)
(0.5 0.25 0.5)
(0.5 0.5 0.5)
(0.5 0.75 0.5)
(0.5 1 0.5)
(0.5 1.25 0.5)
(0.5 1.5 0.5)
(0.5 1.75 0.5)
(0.5 2 0.5)
(0.5 2.25 0.5)
(0.5 2.5 0.5)
(0.5 2.75 0.5)
(0.5 3 0.5)
(0.5 3.25 0.5)
(0.5 3.5 0.5)
(0.5 3.75 0.5)
(0.5 4 0.5)
(0.5 4.25 0.5)
(0.5 4.5 0.5)
(0.5 4.75 0.5)
(0.5 5 0.5)
(0.5 5.25 0.5)
(0.5 5.5 0.5)
(0.5 5.75 0.5)
(0.25 6 0.5)
(0 6 0.5)
(-0.25 6 0.5)
(-0.5 5.75 0.5)
(-0.5 5.5 0.5)
(-0.5 5.25 0.5)
(-0.5 5 0.5)
(-0.5 4.75 0.5)
(-0.5 4.5 0.5)
(-0.5 4.25 0.5)
(-0.5 4 0.5)
(-0.5 3.75 0.5)
(-0.5 3.5 0.5)
(-0.5 3.25 0.5)
(-0.5 3 0.5)
(-0.5 2.75 0.5)
(-0.5 2.5 0.5)
(-0.5 2.25 0.5)
(-0.5 2 0.5)
(-0.5 1.75 0.5)
(-0.5 1.5 0.5)
(-0.5 1.25 0.5)
(-0.5 1 0.5)
(-0.5 0.75 0.5)
(-0.5 0.5 0.5)
(-0.5 0.25 0.5)
(-0.5 0 -0.25)
(-0.5 0 0)
(-0.5 0 0.25)
(0.5 0 -0.25)
(0.5 0 0)
(0.5 0 0.25)
(0.5 6 -0.25)
(0.5 6 0)
(0.5 6 0.25)
(-0.5 6 -0.25)
(-0.5 6 0)
(-0.5 6 0.25)
(-0.25 0.25 -0.5)
(-0.25 0.5 -0.5)
(-0.25 0.75 -0.5)
(-0.25 1 -0.5)
(-0.25 1.25 -0.5)
(-0.25 1.5 -0.5)
(-0.25 1.75 -0.5)
(-0.25 2 -0.5)
(-0.25 2.25 -0.5)
(-0.25 2.5 -0.5)
(-0.25 2.75 -0.5)
(-0.25 3 -0.5)
(-0.25 3.25 -0.5)
(-0.25 3.5 -0.5)
(-0.25 3.75 -0.5)
(-0.25 4 -0.5)
(-0.25 4.25 -0.5)
(-0.25 4.5 -0.5)
(-0.25 4.75 -0.5)
(-0.25 5 -0.5)
(-0.25 5.25 -0.5)
(-0.25 5.5 -0.5)
(-0.25 5.75 -0.5)
(0 0.25 -0.5)
(0 0.5 -0.5)
(0 0.75 -0.5)
(0 1 -0.5)
(0 1.25 -0.5)
(0 1.5 -0.5)
(0 1.75 -0.5)
(0 2 -0.5)
(0 2.25 -0.5)
(0 2.5 -0.5)
(0 2.75 -0.5)
(0 3 -0.5)
(0 3.25 -0.5)
(0 3.5 -0.5)
(0 3.75 -0.5)
(0 4 -0.5)
(0 4.25 -0.5)
(0 4.5 -0.5)
(0 4.75 -0.5)
(0 5 -0.5)
(0 5.25 -0.5)
(0 5.5 -0.5)
(0 5.75 -0.5)
(0.25 0.25 -0.5)
(0.25 0.5 -0.5)
(0.25 0.75 -0.5)
(0.25 1 -0.5)
(0.25 1.25 -0.5)
(0.25 1.5 -0.5)
(0.25 1.75 -0.5)
(0.25 2 -0.5)
(0.25 2.25 -0.5)
(0.25 2.5 -0.5)
(0.25 2.75 -0.5)
(0.25 3 -0.5)
(0.25 3.25 -0.5)
(0.25 3.5 -0.5)
(0.25 3.75 -0.5)
(0.25 4 -0.5)
(0.25 4.25 -0.5)
(0.25 4.5 -0.5)
(0.25 4.75 -0.5)
(0.25 5 -0.5)
(0.25 5.25 -0.5)
(0.25 5.5 -0.5)
(0.25 5.75 -0.5)
(-0.25 0 -0.25)
(-0.25 0 0)
(-0.25 0 0.25)
(0 0 -0.25)
(0 0 0)
(0 0 0.25)
(0.25 0 -0.25)
(0.25 0 0)
(0.25 0 0.25)
(0.5 0.25 -0.25)
(0.5 0.25 0)
(0.5 0.25 0.25)
(0.5 0.5 -0.25)
(0.5 0.5 0)
(0.5 0.5 0.25)
(0.5 0.75 -0.25)
(0.5 0.75 0)
(0.5 0.75 0.25)
(0.5 1 -0.25)
(0.5 1 0)
(0.5 1 0.25)
(0.5 1.25 -0.25)
(0.5 1.25 0)
(0.5 1.25 0.25)
(0.5 1.5 -0.25)
(0.5 1.5 0)
(0.5 1.5 0.25)
(0.5 1.75 -0.25)
(0.5 1.75 0)
(0.5 1.75 0.25)
(0.5 2 -0.25)
(0.5 2 0)
(0.5 2 0.25)
(0.5 2.25 -0.25)
(0.5 2.25 0)
(0.5 2.25 0.25)
(0.5 2.5 -0.25)
(0.5 2.5 0)
(0.5 2.5 0.25)
(0.5 2.75 -0.25)
(0.5 2.75 0)
(0.5 2.75 0.25)
(0.5 3 -0.25)
(0.5 3 0)
(0.5 3 0.25)
(0.5 3.25 -0.25)
(0.5 3.25 0)
(0.5 3.25 0.25)
(0.5 3.5 -0.25)
(0.5 3.5 0)
(0.5 3.5 0.25)
(0.5 3.75 -0.25)
(0.5 3.75 0)
(0.5 3.75 0.25)
(0.5 4 -0.25)
(0.5 4 0)
(0.5 4 0.25)
(0.5 4.25 -0.25)
(0.5 4.25 0)
(0.5 4.25 0.25)
(0.5 4.5 -0.25)
(0.5 4.5 0)
(0.5 4.5 0.25)
(0.5 4.75 -0.25)
(0.5 4.75 0)
(0.5 4.75 0.25)
(0.5 5 -0.25)
(0.5 5 0)
(0.5 5 0.25)
(0.5 5.25 -0.25)
(0.5 5.25 0)
(0.5 5.25 0.25)
(0.5 5.5 -0.25)
(0.5 5.5 0)
(0.5 5.5 0.25)
(0.5 5.75 -0.25)
(0.5 5.75 0)
(0.5 5.75 0.25)
(-0.25 6 -0.25)
(-0.25 6 0)
(-0.25 6 0.25)
(0 6 -0.25)
(0 6 0)
(0 6 0.25)
(0.25 6 -0.25)
(0.25 6 0)
(0.25 6 0.25)
(-0.5 0.25 -0.25)
(-0.5 0.25 0)
(-0.5 0.25 0.25)
(-0.5 0.5 -0.25)
(-0.5 0.5 0)
(-0.5 0.5 0.25)
(-0.5 0.75 -0.25)
(-0.5 0.75 0)
(-0.5 0.75 0.25)
(-0.5 1 -0.25)
(-0.5 1 0)
(-0.5 1 0.25)
(-0.5 1.25 -0.25)
(-0.5 1.25 0)
(-0.5 1.25 0.25)
(-0.5 1.5 -0.25)
(-0.5 1.5 0)
(-0.5 1.5 0.25)
(-0.5 1.75 -0.25)
(-0.5 1.75 0)
(-0.5 1.75 0.25)
(-0.5 2 -0.25)
(-0.5 2 0)
(-0.5 2 0.25)
(-0.5 2.25 -0.25)
(-0.5 2.25 0)
(-0.5 2.25 0.25)
(-0.5 2.5 -0.25)
(-0.5 2.5 0)
(-0.5 2.5 0.25)
(-0.5 2.75 -0.25)
(-0.5 2.75 0)
(-0.5 2.75 0.25)
(-0.5 3 -0.25)
(-0.5 3 0)
(-0.5 3 0.25)
(-0.5 3.25 -0.25)
(-0.5 3.25 0)
(-0.5 3.25 0.25)
(-0.5 3.5 -0.25)
(-0.5 3.5 0)
(-0.5 3.5 0.25)
(-0.5 3.75 -0.25)
(-0.5 3.75 0)
(-0.5 3.75 0.25)
(-0.5 4 -0.25)
(-0.5 4 0)
(-0.5 4 0.25)
(-0.5 4.25 -0.25)
(-0.5 4.25 0)
(-0.5 4.25 0.25)
(-0.5 4.5 -0.25)
(-0.5 4.5 0)
(-0.5 4.5 0.25)
(-0.5 4.75 -0.25)
(-0.5 4.75 0)
(-0.5 4.75 0.25)
(-0.5 5 -0.25)
(-0.5 5 0)
(-0.5 5 0.25)
(-0.5 5.25 -0.25)
(-0.5 5.25 0)
(-0.5 5.25 0.25)
(-0.5 5.5 -0.25)
(-0.5 5.5 0)
(-0.5 5.5 0.25)
(-0.5 5.75 -0.25)
(-0.5 5.75 0)
(-0.5 5.75 0.25)
(-0.25 0.25 0.5)
(-0.25 0.5 0.5)
(-0.25 0.75 0.5)
(-0.25 1 0.5)
(-0.25 1.25 0.5)
(-0.25 1.5 0.5)
(-0.25 1.75 0.5)
(-0.25 2 0.5)
(-0.25 2.25 0.5)
(-0.25 2.5 0.5)
(-0.25 2.75 0.5)
(-0.25 3 0.5)
(-0.25 3.25 0.5)
(-0.25 3.5 0.5)
(-0.25 3.75 0.5)
(-0.25 4 0.5)
(-0.25 4.25 0.5)
(-0.25 4.5 0.5)
(-0.25 4.75 0.5)
(-0.25 5 0.5)
(-0.25 5.25 0.5)
(-0.25 5.5 0.5)
(-0.25 5.75 0.5)
(0 0.25 0.5)
(0 0.5 0.5)
(0 0.75 0.5)
(0 1 0.5)
(0 1.25 0.5)
(0 1.5 0.5)
(0 1.75 0.5)
(0 2 0.5)
(0 2.25 0.5)
(0 2.5 0.5)
(0 2.75 0.5)
(0 3 0.5)
(0 3.25 0.5)
(0 3.5 0.5)
(0 3.75 0.5)
(0 4 0.5)
(0 4.25 0.5)
(0 4.5 0.5)
(0 4.75 0.5)
(0 5 0.5)
(0 5.25 0.5)
(0 5.5 0.5)
(0 5.75 0.5)
(0.25 0.25 0.5)
(0.25 0.5 0.5)
(0.25 0.75 0.5)
(0.25 1 0.5)
(0.25 1.25 0.5)
(0.25 1.5 0.5)
(0.25 1.75 0.5)
(0.25 2 0.5)
(0.25 2.25 0.5)
(0.25 2.5 0.5)
(0.25 2.75 0.5)
(0.25 3 0.5)
(0.25 3.25 0.5)
(0.25 3.5 0.5)
(0.25 3.75 0.5)
(0.25 4 0.5)
(0.25 4.25 0.5)
(0.25 4.5 0.5)
(0.25 4.75 0.5)
(0.25 5 0.5)
(0.25 5.25 0.5)
(0.25 5.5 0.5)
(0.25 5.75 0.5)
(-0.25 0.25 -0.25)
(-0.25 0.25 0)
(-0.25 0.25 0.25)
(-0.25 0.5 -0.25)
(-0.25 0.5 0)
(-0.25 0.5 0.25)
(-0.25 0.75 -0.25)
(-0.25 0.75 0)
(-0.25 0.75 0.25)
(-0.25 1 -0.25)
(-0.25 1 0)
(-0.25 1 0.25)
(-0.25 1.25 -0.25)
(-0.25 1.25 0)
(-0.25 1.25 0.25)
(-0.25 1.5 -0.25)
(-0.25 1.5 0)
(-0.25 1.5 0.25)
(-0.25 1.75 -0.25)
(-0.25 1.75 0)
(-0.25 1.75 0.25)
(-0.25 2 -0.25)
(-0.25 2 0)
(-0.25 2 0.25)
(-0.25 2.25 -0.25)
(-0.25 2.25 0)
(-0.25 2.25 0.25)
(-0.25 2.5 -0.25)
(-0.25 2.5 0)
(-0.25 2.5 0.25)
(-0.25 2.75 -0.25)
(-0.25 2.75 0)
(-0.25 2.75 0.25)
(-0.25 3 -0.25)
(-0.25 3 0)
(-0.25 3 0.25)
(-0.25 3.25 -0.25)
(-0.25 3.25 0)
(-0.25 3.25 0.25)
(-0.25 3.5 -0.25)
(-0.25 3.5 0)
(-0.25 3.5 0.25)
(-0.25 3.75 -0.25)
(-0.25 3.75 0)
(-0.25 3.75 0.25)
(-0.25 4 -0.25)
(-0.25 4 0)
(-0.25 4 0.25)
(-0.25 4.25 -0.25)
(-0.25 4.25 0)
(-0.25 4.25 0.25)
(-0.25 4.5 -0.25)
(-0.25 4.5 0)
(-0.25 4.5 0.25)
(-0.25 4.75 -0.25)
(-0.25 4.75 0)
(-0.25 4.75 0.25)
(-0.25 5 -0.25)
(-0.25 5 0)
(-0.25 5 0.25)
(-0.25 5.25 -0.25)
(-0.25 5.25 0)
(-0.25 5.25 0.25)
(-0.25 5.5 -0.25)
(-0.25 5.5 0)
(-0.25 5.5 0.25)
(-0.25 5.75 -0.25)
(-0.25 5.75 0)
(-0.25 5.75 0.25)
(0 0.25 -0.25)
(0 0.25 0)
(0 0.25 0.25)
(0 0.5 -0.25)
(0 0.5 0)
(0 0.5 0.25)
(0 0.75 -0.25)
(0 0.75 0)
(0 0.75 0.25)
(0 1 -0.25)
(0 1 0)
(0 1 0.25)
(0 1.25 -0.25)
(0 1.25 0)
(0 1.25 0.25)
(0 1.5 -0.25)
(0 1.5 0)
(0 1.5 0.25)
(0 1.75 -0.25)
(0 1.75 0)
(0 1.75 0.25)
(0 2 -0.25)
(0 2 0)
(0 2 0.25)
(0 2.25 -0.25)
(0 2.25 0)
(0 2.25 0.25)
(0 2.5 -0.25)
(0 2.5 0)
(0 2.5 0.25)
(0 2.75 -0.25)
(0 2.75 0)
(0 2.75 0.25)
(0 3 -0.25)
(0 3 0)
(0 3 0.25)
(0 3.25 -0.25)
(0 3.25 0)
(0 3.25 0.25)
(0 3.5 -0.25)
(0 3.5 0)
(0 3.5 0.25)
(0 3.75 -0.25)
(0 3.75 0)
(0 3.75 0.25)
(0 4 -0.25)
(0 4 0)
(0 4 0.25)
(0 4.25 -0.25)
(0 4.25 0)
(0 4.25 0.25)
(0 4.5 -0.25)
(0 4.5 0)
(0 4.5 0.25)
(0 4.75 -0.25)
(0 4.75 0)
(0 4.75 0.25)
(0 5 -0.25)
(0 5 0)
(0 5 0.25)
(0 5.25 -0.25)
(0 5.25 0)
(0 5.25 0.25)
(0 5.5 -0.25)
(0 5.5 0)
(0 5.5 0.25)
(0 5.75 -0.25)
(0 5.75 0)
(0 5.75 0.25)
(0.25 0.25 -0.25)
(0.25 0.25 0)
(0.25 0.25 0.25)
(0.25 0.5 -0.25)
(0.25 0.5 0)
(0.25 0.5 0.25)
(0.25 0.75 -0.25)
(0.25 0.75 0)
(0.25 0.75 0.25)
(0.25 1 -0.25)
(0.25 1 0)
(0.25 1 0.25)
(0.25 1.25 -0.25)
(0.25 1.25 0)
(0.25 1.25 0.25)
(0.25 1.5 -0.25)
(0.25 1.5 0)
(0.25 1.5 0.25)
(0.25 1.75 -0.25)
(0.25 1.75 0)
(0.25 1.75 0.25)
(0.25 2 -0.25)
(0.25 2 0)
(0.25 2 0.25)
(0.25 2.25 -0.25)
(0.25 2.25 0)
(0.25 2.25 0.25)
(0.25 2.5 -0.25)
(0.25 2.5 0)
(0.25 2.5 0.25)
(0.25 2.75 -0.25)
(0.25 2.75 0)
(0.25 2.75 0.25)
(0.25 3 -0.25)
(0.25 3 0)
(0.25 3 0.25)
(0.25 3.25 -0.25)
(0.25 3.25 0)
(0.25 3.25 0.25)
(0.25 3.5 -0.25)
(0.25 3.5 0)
(0.25 3.5 0.25)
(0.25 3.75 -0.25)
(0.25 3.75 0)
(0.25 3.75 0.25)
(0.25 4 -0.25)
(0.25 4 0)
(0.25 4 0.25)
(0.25 4.25 -0.25)
(0.25 4.25 0)
(0.25 4.25 0.25)
(0.25 4.5 -0.25)
(0.25 4.5 0)
(0.25 4.5 0.25)
(0.25 4.75 -0.25)
(0.25 4.75 0)
(0.25 4.75 0.25)
(0.25 5 -0.25)
(0.25 5 0)
(0.25 5 0.25)
(0.25 5.25 -0.25)
(0.25 5.25 0)
(0.25 5.25 0.25)
(0.25 5.5 -0.25)
(0.25 5.5 0)
(0.25 5.5 0.25)
(0.25 5.75 -0.25)
(0.25 5.75 0)
(0.25 5.75 0.25)
)


// ************************************************************************* //
