/*--------------------------------*- C++ -*----------------------------------*\
  =========                 |
  \\      /  F ield         | OpenFOAM: The Open Source CFD Toolbox
   \\    /   O peration     | Website:  https://openfoam.org
    \\  /    A nd           | Version:  6
     \\/     M anipulation  |
\*---------------------------------------------------------------------------*/
FoamFile
{
    version     2.0;
    format      ascii;
    class       pointScalarField;
    location    "0.500171";
    object      p;
}
// * * * * * * * * * * * * * * * * * * * * * * * * * * * * * * * * * * * * * //

dimensions      [1 -1 -2 0 0 0 0];

internalField   nonuniform List<scalar> 
625
(
637174.42
-934328.43
9685.9332
15676.038
1164640.3
-1826465.5
11436.432
-1731.1467
487600.23
-54643.182
-88596.177
-15066.292
2953.0856
7214.5145
263221.62
286422.33
299167.13
293254.82
274813.78
276852.7
258156.8
251069.03
246556.88
235923.99
226420.39
208838.91
199909.91
183855.57
168684.64
152668.24
135404.47
114817.83
97395.762
79187.225
58776.809
40276.198
27580.952
-317360.97
-264165.39
-296520.66
-261885.17
-250574.6
-255091.64
-228066.15
-228087.08
-217943.9
-206424.63
-197636.72
-181123.84
-173216.02
-155538.1
-142598.78
-125944.33
-106899.9
-94680.298
-74219.66
-63236.304
-47647.837
-25763.323
-11492.399
634156.5
-92040.613
-208879.57
-336793.39
-416084.16
-308274.03
-303375.96
-344196.97
-261129.72
-302482.69
-281078.32
-261988.35
-253967.76
-240122.91
-227580.23
-215013.58
-195383.78
-178058.69
-159413.45
-137620.23
-117151.1
-95109.452
-72214.703
-49022.813
-32099.224
-7810.4102
13899.945
-2492.3595
-4499.5608
26489.577
32740.937
55891.777
71678.395
95167.438
116842.61
137145.15
159333.06
176083.04
196755.72
216837.99
235711.71
239382.06
257565.85
266646.27
278021.48
288196.05
285854.66
332040.03
291769.97
357115.66
309502.23
321502.77
652522.72
674250.8
620722.36
-819547.15
-1139124
-1158377.6
21037.921
20367.944
22113.817
-5505.3981
1987.6771
-3955.9275
150666.83
189118.4
183692.16
173556.76
168016.75
164399.48
157369.77
153001.52
147518.93
137106.65
129831.86
127613.71
119286.93
109717.03
102132.78
89199.166
79537.99
68800.316
52777.51
40971.388
28460.412
17687.477
15950.796
-47990.79
-37177.124
-41549.736
-22520.178
-33607.311
-21070.091
-27305.945
-23728.499
-21422.882
-20519.395
-17039.147
-15162.487
-14671.506
-11463.859
-8420.2539
-7481.7174
16.204255
-1659.2504
3997.6928
7853.1968
7734.5274
8308.2402
6047.7627
-227093.16
-153535.41
-182713.71
-154846.32
-174058
-153224.59
-157865.18
-144999.59
-136734.38
-131453.3
-124803.37
-116292.39
-106528.33
-96130.816
-85283.356
-73448.002
-62050.679
-51925.112
-37039.764
-31210.586
-20670.763
-14498.392
-424.39807
380620.9
397181.1
453044.56
-10893.953
-20319.197
-81402.402
-226496.39
-114310.32
-93047.228
-490607.62
-497524.88
-483787.99
-380242.96
-388353.76
-414377.88
-324750.51
-319291.67
-344149.8
-288163.93
-282584.3
-292965.87
-283138.2
-279281.57
-299363.71
-265107.04
-256768.49
-270017.1
-261449.93
-255264.32
-254430.23
-249755.78
-238132
-253356.03
-239286.86
-230921.61
-242191.16
-226120.1
-219483.43
-231250.41
-213382.8
-208916.08
-221419.07
-206594.39
-194960.12
-202769.25
-187189.43
-183426.89
-192591.2
-174985.45
-166862.24
-177410.91
-156104.15
-150605.1
-159690.12
-138138.43
-133404.61
-141216.38
-119335.73
-114875.14
-121142.73
-95164.672
-96103.988
-100298.72
-78098.808
-77741.651
-80582.831
-57930.831
-59045.138
-59752.92
-37369.69
-38826.794
-37635.731
-21584.104
-23002.317
-24573.128
-9988.4835
-7299.9479
-7875.9746
-15305.894
-18440.813
-18513.042
7160.362
1142.3517
1868.1905
13071.692
14489.43
14114.359
334064.22
320207.9
351873.95
362384.17
292256.89
340147.51
342800.73
307643.37
336034.17
320852.86
283494.77
315375.23
314391.74
285272.63
300039.34
297002.04
267749.86
289459.06
291900.59
261377.28
280099.11
280104.52
247842.73
269588.05
270023.22
240402.07
259301.61
253005.79
231860.94
248812.03
239973.2
223416.92
238345.02
235198.41
207900.21
213096.12
216885.74
194713.48
206746.38
203100.41
180534.54
192996.66
185032.96
164536.02
174721.16
165770.28
147476.06
155744.89
141784.31
128401.58
136903.06
120772.7
112661.41
115379.32
99111.389
91816.632
93927.732
76698.417
71539.035
73256.511
53931.249
53297.505
52699.551
36811.321
37262.763
34155.722
27400.871
30844.198
28920.978
150465.13
204145.2
163483.46
187565.76
176647.25
175059.04
172135.92
162445.04
156011.76
146296.45
137479.87
132546.28
126535.38
111050.66
103574.18
91034.824
79011.672
67870.528
55847.756
46722.307
31425.03
25606.653
14081.915
-48969.291
15402.133
2590.8685
22684.556
30441.121
25346.2
27318.766
26732.532
26705.052
24417.536
25612.397
25377.082
20144.157
21383.255
21425.25
18298.294
17806.116
17439.128
14869.615
12637.904
11731.33
9496.9631
10967.396
-156693.45
-105171
-194051.18
-144600.85
-162217.17
-164643.04
-150982.78
-144222.81
-141096.83
-133399.79
-126855.52
-125079.55
-114470.98
-108100.51
-98481.451
-89973.047
-79593.94
-68066.203
-56650.521
-46947.089
-32699.695
-16904.974
-13507.816
237565.72
259048.98
231384.93
181948.86
242690.32
209609.22
160915.11
178618.28
191503.49
150686.59
188834.91
168281.94
154528.23
162617.46
166686.98
149717.52
164806.05
165412.02
135571.32
155218.63
154999.53
138423.1
152801.45
151093.9
125855.83
146652.5
143452.59
125516.73
138416.44
141628.45
122779.18
138757.1
124999.99
110878.21
117963.58
127013.54
103787.91
117458.64
116811.79
97114.221
107791.85
105415.95
87395.115
96936.608
94453.435
79327.666
85412.696
86717.705
68746.964
77000.404
73744.36
63923.135
61969.969
63232.351
48823.069
51493.534
50492.264
40909.287
41509.22
39562.77
28659.494
29005.449
30373.379
21500.267
21208.47
17914.56
-1102.5563
5936.2991
6946.7795
-53114.749
-67900.934
-38119.746
-2506.0054
2502.5422
-9451.0606
-3118.1881
-10929.507
-12388.447
-5955.8807
4199.6171
-19464.602
8637.1452
3730.3199
-1215.8797
-6249.4346
8143.6551
-9379.7571
6305.239
8856.6663
-4498.2828
919.8525
10130.579
-6253.9685
4154.922
8530.4803
-3384.8362
4519.8705
14231.915
-4848.113
8418.0855
6478.115
-3946.807
6323.0245
9431.7958
157.00298
7690.9731
14362.12
-251.9325
9709.7399
12245.818
13.665075
8556.497
14699.28
1089.5935
12011.427
14214.908
3638.8168
9013.5548
15832.644
3002.7517
11018.272
14455.964
3184.1151
9354.8061
11735.62
7301.3285
8515.4908
13692.298
7925.9459
9315.8292
11014.211
7693.7863
9670.1068
11154.775
5667.6769
11510.703
11424.999
9639.9552
-186783.54
-237647.31
-197572.48
-170906.29
-135326.87
-166651.37
-151714.82
-210964.85
-182489.79
-185320.88
-157201.12
-187143.3
-154513.39
-182823.76
-169008.63
-151756.23
-163422.39
-170877.82
-147512.45
-162263.67
-165716.02
-137920.03
-158165.94
-157522.74
-135092.16
-148058.39
-151807.77
-130287.18
-143849.21
-145850.83
-120759.02
-135120.97
-137854.2
-114011.78
-126546.15
-130520.93
-102903.2
-122237.81
-121669.06
-96698.986
-110696.11
-112915.7
-85430.586
-101131.05
-104071.01
-77515.259
-90459.946
-92614.066
-65981.759
-78140.86
-82041.432
-54487.849
-67605.555
-69253.866
-45290.246
-53148.43
-54738.743
-34250.313
-40875.875
-43259.551
-26662.756
-29885.594
-33332.234
-9544.756
-15857.314
-15468.474
-6135.5792
-10026.592
-7451.0387
)
;

boundaryField
{
    free
    {
        type            calculated;
    }
    bottom
    {
        type            calculated;
    }
    traction
    {
        type            calculated;
    }
}


// ************************************************************************* //
