/*--------------------------------*- C++ -*----------------------------------*\
  =========                 |
  \\      /  F ield         | OpenFOAM: The Open Source CFD Toolbox
   \\    /   O peration     | Website:  https://openfoam.org
    \\  /    A nd           | Version:  6
     \\/     M anipulation  |
\*---------------------------------------------------------------------------*/
FoamFile
{
    version     2.0;
    format      ascii;
    class       pointScalarField;
    location    "1.79995548311";
    object      p;
}
// * * * * * * * * * * * * * * * * * * * * * * * * * * * * * * * * * * * * * //

dimensions      [1 -1 -2 0 0 0 0];

internalField   nonuniform List<scalar> 
625
(
-27511.103
112660.85
6038.9636
7673.8985
-115525.67
61700.083
5290.1621
-3745.294
1013.0378
39645.644
46231.107
-17193.179
242.06853
2443.7003
-6554.9477
-7033.2884
-6080.8433
-3950.012
-3017.7659
-293.76798
2382.6804
4408.5868
7536.0566
10157.773
13854.113
15920.932
19563.066
23121.413
24893.989
28776.755
29227.479
32900.486
31894.523
32356.707
29204.45
26119.117
19920.038
29825.337
23534.091
18225.84
11755.106
5104.1676
-619.67178
-7834.9385
-13158.325
-18884.798
-24528.282
-29961.228
-32374.132
-36979.228
-39614.716
-41705.621
-42936.73
-42489.608
-43799.252
-40798.196
-38216.34
-37126.309
-25518.679
-15244.596
-52970.689
-22744.985
-27775.81
11398.068
14173.416
5372.0661
5149.5541
1923.5168
120.31078
-4464.9772
-7343.531
-9602.8698
-12653.089
-16333.683
-20034.47
-24513.907
-26889.729
-30046.584
-32708.172
-35136.955
-35419.796
-35744.185
-33911.937
-30154.282
-22028.635
-13784.986
6180.4132
-1826.9098
-6919.9416
22851.118
24559.753
36541.382
39603.359
45792.096
48885.046
49955.24
51323.471
48831.4
47412.152
45375.408
39783.26
35515.192
31141.94
24751.555
18928.534
12330.175
5842.1861
-3055.2093
-9315.5526
-14275.39
-23905.969
-27375.453
-27100.417
-58594.36
-62224.821
92367.636
94096.55
106386.92
11990.436
11007.884
11992.746
-6906.6717
-732.00635
-6947.3188
4059.6025
2810.2023
3384.3099
2407.4397
3699.343
3685.5431
4358.7127
5252.737
6547.9773
7714.0503
8024.5583
10783.205
12625.961
14220.082
15832.81
17615.52
17687.285
19017.478
17373.881
15577.131
12776.614
7124.6102
9693.479
12478.709
11964.078
6913.1696
5014.1514
1774.4731
-1429.5372
-3809.9484
-6068.5707
-7803.0694
-10670.864
-9858.6861
-11921.236
-12716.956
-12963.333
-13010.778
-12216.18
-11935.929
-9609.6196
-6614.3276
-2874.0608
-1270.6611
1538.6322
732.85091
25447.633
17260.644
12831.108
9572.7526
2695.4953
-1705.0496
-6853.2735
-10578.41
-14991.445
-18007.86
-22318.727
-25484.213
-27564.675
-29141.063
-30185.233
-30246.171
-31149.738
-26098.938
-24368.582
-21005.017
-15703.395
-14453.373
-3981.0388
-12135.671
-20642.74
-28393.315
15992.726
73.321227
-2043.307
29993.83
19549.865
-251.31702
36010.619
27618.41
30961.759
27020.745
21355.324
20706.702
13866.186
9562.5978
8643.8531
10100.99
7955.8004
4359.8169
3851.6515
1799.4509
810.65188
-1715.7717
-2312.8527
-1704.3485
-7506.3669
-5583.3068
-5878.9374
-13085.329
-9628.5673
-9836.8087
-17731.748
-14156.341
-13818.972
-22857.751
-18174.753
-17980.707
-26970.684
-23145.771
-21097.597
-32105.354
-25282.131
-24484.516
-35851.163
-29262.186
-28520.388
-39563.872
-32476.735
-32357.53
-41558.688
-34938.874
-34929.358
-43453.349
-36845.22
-37178.527
-43905.12
-37880.782
-38442.303
-41954.885
-37922.536
-38793.112
-39498.961
-37235.383
-37335.605
-36609.091
-34883.75
-34507.233
-30800.517
-30317.29
-28996.926
-23244.297
-24070.182
-25178.372
-17260.724
-14448.379
-14075.442
-17648.279
-20390.952
-24188.586
4350.2122
-1446.6005
-1767.2102
7005.1066
7592.0549
6072.3548
-12663.772
-21232.676
-23435.284
-14659.577
-16263.181
-23159.025
-7924.3848
-12004.808
-14871.974
-5261.3326
-7541.597
-8312.8447
-1123.949
-3034.9608
-2511.9807
2699.6484
1119.2083
2906.4151
5668.0226
5366.6771
8870.8326
10056.057
9693.9471
14476.737
13849.687
13421.542
19925.624
18193.364
17944.999
25616.521
20512.973
22028.168
29971.24
25110.102
26053.78
32771.301
29989.595
28639.895
37662.171
32977.135
31700.954
41554.562
36418.102
33965.767
43538.502
38852.797
36168.362
45088.539
40683.102
36319.212
46080.632
37378.022
38246.135
44750.233
38740.166
36400.004
42482.253
35078.664
33707.142
38364.698
30727.436
31405.548
33400.794
24581.884
27038.627
24123.05
24419.106
26153.323
27074.165
-22286.684
-14275.411
-9714.7642
-6432.4377
-1142.3236
3296.0138
6772.7632
10826.173
14832.094
18317.226
20416.888
25998.774
26969.047
27575.015
29110.251
28876.742
28256.733
26982.892
25243.524
22772
16262.715
13965.796
5698.0231
-10318.965
-10854.206
-5828.3498
-4860.6219
-1220.3021
19.539508
2276.2309
5170.9629
6639.4454
8666.7796
9566.9741
10321.995
10451.788
11894.692
11061.873
10985.231
10498.447
9936.7325
9242.4486
7778.4049
7071.2496
5080.3652
5317.2718
-7033.3762
-3859.6324
4677.4197
1722.1186
3729.4766
2061.9763
3129.1317
2339.417
1326.5228
317.34174
-1206.9675
-3129.0355
-4274.9225
-6496.0561
-8910.6175
-10555.778
-12784.232
-14059.235
-15188.947
-15584.287
-14227.553
-10328.611
-11387.332
-5811.7686
-11059.129
-20416.343
87.933222
-9436.3611
-11432.1
-1213.5143
-1783.383
-7278.2052
1611.4543
-913.33109
-3885.2219
1686.6997
3222.8824
324.71644
3645.7991
4627.4224
4350.2923
3867.5737
8207.7321
8969.5408
5350.9176
10533.488
11621.635
6453.5326
12920.566
15638.194
7241.2827
15175.652
18133.494
10896.411
17209.309
21435.843
11367.049
20068.446
23512.303
12749.044
21598.148
25661.574
13518.224
23439.101
27243.272
15543.594
25020.302
28199.21
16591.117
24811.928
29089.624
16245.724
26539.554
28559.557
20051.031
24860.709
27667.733
17393.737
24063.827
24394.73
18022.013
21543.572
22507.464
14464.391
17037.104
17786.935
12604.976
11090.294
11864.462
-4402.6338
2536.9943
3448.015
15534.104
1549.6419
-3901.9869
6371.6254
-331.52562
-3640.0405
4611.5477
432.11194
-4796.2702
2500.7861
-1128.2447
-2133.0015
402.43544
-256.64271
-2168.1978
-827.20636
-265.20212
26.97882
-1634.9251
-47.712553
-667.01446
-2536.8943
-343.88142
37.048891
-3948.4421
-228.13234
1086.5937
-4118.5972
110.01011
921.95746
-5696.7673
464.17206
2143.1217
-5426.3601
3.7347438
2387.2491
-5600.1396
-448.02481
1372.2845
-5189.3792
748.47256
2130.6335
-4643.9367
177.23894
1456.6063
-4626.4753
723.68265
1333.4268
-3419.6169
1571.9887
802.27709
-2856.9819
1141.5879
-234.45603
-3182.9627
448.1614
34.824991
-2843.363
1019.7697
677.97462
-1378.0226
954.79551
-397.98658
544.2845
3279.5035
1226.3454
4288.4167
5511.6035
4703.2164
17544.274
17044.482
6280.4781
16707.663
11713.432
6074.6089
11748.207
10503.109
6605.2964
8080.6288
6065.3177
4744.283
3742.4005
5445.5858
3340.7848
1462.8628
1392.6508
1734.2804
-1840.4631
-960.75709
279.80243
-5934.9345
-4640.2126
-507.97365
-9063.9139
-6664.6576
-2391.8001
-12426.16
-9290.8401
-3970.5213
-14529.288
-12015.094
-6555.2633
-17396.546
-14599.643
-9166.3934
-18758.497
-16832.254
-10111.526
-21016.528
-18781.044
-12388.408
-22016.457
-21011.978
-14425.747
-23146.221
-21986.438
-16160.037
-22043.463
-23444.644
-17169.665
-23286.742
-23818.799
-18230.958
-22353.168
-22732.734
-17574.06
-19914.592
-19720.28
-17113.736
-18381.804
-17736.799
-15649.492
-9730.8277
-13646.376
-10902.674
-6433.1242
-9213.3685
-7190.662
)
;

boundaryField
{
    free
    {
        type            calculated;
    }
    bottom
    {
        type            calculated;
    }
    traction
    {
        type            calculated;
    }
}


// ************************************************************************* //
