/*--------------------------------*- C++ -*----------------------------------*\
  =========                 |
  \\      /  F ield         | OpenFOAM: The Open Source CFD Toolbox
   \\    /   O peration     | Website:  https://openfoam.org
    \\  /    A nd           | Version:  6
     \\/     M anipulation  |
\*---------------------------------------------------------------------------*/
FoamFile
{
    version     2.0;
    format      ascii;
    class       pointScalarField;
    location    "4.90010827251331804";
    object      p;
}
// * * * * * * * * * * * * * * * * * * * * * * * * * * * * * * * * * * * * * //

dimensions      [1 -1 -2 0 0 0 0];

internalField   nonuniform List<scalar> 
625
(
859278.43
-1094722.5
10082.512
13043.88
1394626.1
-2627462.8
9745.3599
-399.98507
682192.43
24917.287
16543.629
-13331.547
3860.9435
7344.2738
369775.23
381771.55
390434.39
369561.56
331078.72
324625.97
288347.34
266894.53
252295.92
224541.3
207191.66
181382.64
164569.18
146125.08
127989.38
113232.55
98987.555
83043.552
70909.249
58929.2
45466.167
33889.158
24314.192
-378519.03
-292082.03
-331596.17
-267236.59
-255550.95
-255131.08
-213143.17
-211797.35
-192464.49
-173475.65
-164209.87
-142014.38
-131910.75
-114690.33
-103130.67
-89064.313
-76117.132
-66089.811
-53319.328
-44535.851
-35670.849
-20577.74
-8864.4648
734938.44
-227587.15
-331108.07
-477082.6
-554049.25
-398377.6
-362806.11
-419344.99
-309153.6
-344477.52
-295715.39
-258023.08
-238081.01
-213767.73
-188945.13
-169887.06
-146883.4
-127681.24
-111889.53
-93002.722
-78695.085
-64687.017
-49016.758
-34729.335
-23551.787
-7232.3193
12306.489
501.09712
-3486.5744
24882.387
29551.682
46283.573
57281.937
74236.708
88905.577
104692.01
121894.28
135126.52
156364.9
175084.86
197385.94
206595.67
231725.52
245961.95
271252.72
290539.83
292919.32
363297.45
309815.75
414665.07
351323.01
381616.45
899320.72
844820.37
780027.13
-993883.96
-1471989.5
-1530804.7
17519.881
16592.695
18379.243
-3201.3057
3960.3763
-2336.9488
222023.33
263228.95
249205.7
223782.9
211230.98
197539.35
178678.72
167019.15
150991.81
133957.97
119684.26
110840.68
99288.872
86965.117
78115.95
67068.722
58744.124
50431.473
39223.459
31477.744
22971.979
14549.417
14498.668
-34368.952
-7469.9827
-23014.393
5144.0459
-13248.144
604.42572
-8096.8086
-6239.6335
-3978.9307
-4939.707
-5063.9846
-3805.6239
-5345.923
-3619.3185
-2723.0682
-2583.8508
1373.6128
20.224749
3616.4143
6810.0676
6420.2915
7665.9954
5944.2136
-252263.86
-147025.85
-192372.19
-135799.77
-175726.32
-135902.74
-147436.66
-124714.64
-114067.81
-108422.91
-96443.987
-89861.204
-80244.932
-70448.409
-62054.432
-52745.98
-44606.816
-37902.971
-26836.518
-22648.077
-13309.523
-9989.2502
727.43282
509058.64
505246.68
553064.58
21705.572
-26247.121
-133045.63
-202791.67
-96375.919
-107625.33
-638475.55
-670001.34
-662538.5
-441597.31
-473969.49
-522462.28
-377271.18
-393798.9
-436529.94
-313966.54
-322621.44
-352700.57
-301472.33
-319242.15
-354693.01
-270384.12
-274972.73
-291012.13
-259073.37
-265446.11
-268698.49
-235954.42
-232164.96
-253208.3
-216049.07
-216706.86
-230987.58
-196049.01
-193305.53
-207340.53
-175081.11
-175472.52
-188071.7
-163325.19
-156212.88
-164954.64
-142318.69
-140337.6
-148706.95
-130208.99
-122036.21
-132497.67
-111787.6
-106765.68
-114576.74
-98076.779
-92318.08
-99267.175
-83480.25
-78404.43
-83594.954
-67353.914
-65355.136
-69201.122
-55469.935
-53284.795
-56329.583
-42944.379
-41932.703
-43351.008
-29387.762
-28917.6
-29092.368
-18761.656
-19192.828
-20944.597
-10526.773
-7154.1751
-7452.8836
-13758.614
-16825.477
-17816.718
7976.5116
2772.5446
3433.3266
11481.192
13213.841
12542.555
448070.83
415677.95
443732.19
462080.42
361121.03
403156.26
431447.61
378722.17
396560.9
388748.35
334098.51
356015.79
369478.44
331102.46
332331.37
338648.91
296583.24
306903.73
316469.78
280879.15
284702.94
289323.92
253980.59
265120.03
267335.74
236576.77
243063.65
236531.25
216146.95
223937.13
215931.94
199970.1
204269.17
199116.69
180382.64
176324.54
175914.49
160009.58
163469.67
158628.44
143772.95
150027.82
139243.71
127698.58
131592.17
122818.28
111464.04
115292.65
102881.24
96218.35
100904.72
87801.36
83513.739
85297.024
72885.762
69071.867
70589.901
57723.301
54985.311
56836.489
43342.074
43398.951
43380.248
31745.601
33295.822
30207.666
26103.112
28711.115
27982.969
147048
222656.47
174252.37
204659.49
187507.21
175213.7
175209.27
154781.1
147834.39
132632.7
122322.74
113852.29
107740.29
91422.133
84352.348
74350.825
63598.766
55352.392
45978.223
38621.173
27435.379
21807.205
12371.106
-92817.614
-16599.04
-14454.964
-599.30675
20571.976
13539.726
15923.226
22580.321
18381.371
23153.609
20814.466
25653.365
19090.439
20827.618
21767.55
18567.388
18179.742
17422.836
15218.704
13095.168
11781.797
9757.4414
9619.5897
-238778.04
-176450.55
-265307.96
-209172.66
-206719.83
-211081.49
-174470.22
-166683.42
-149144.1
-133932.5
-118373.92
-108439.17
-94731.925
-82087.706
-71537.052
-61478.773
-52563.029
-43001.639
-35121.882
-28927.403
-20001.692
-9872.9014
-9572.0066
320676.32
332275.57
269151.19
248628.73
298219.42
244602.62
207580.23
216083.05
214736.65
191778.24
220248.37
180043.52
192553.79
180204.97
177763.02
175140.55
178092.26
169879.54
151096.59
160005.89
153979.21
152143.6
152429.04
145415.37
125340.19
139817.15
132349.27
124479.55
126889.62
126164.67
112698.53
121528.32
110915.67
99086.005
99051.485
104629.49
89285.513
95116.062
96483.281
79300.836
86184.968
85054.38
71005.639
74727.781
74388.399
61927.692
65508.993
68621.898
53328.967
58317.791
58490.046
49564.508
48286.737
50421.814
37942.988
40170.617
41421.036
33493.472
34239.356
33794.712
23937.3
24999.975
25460.947
19334.918
17463.068
16614.784
145.06579
6814.2761
7131.9838
-26879.316
-92236.498
-63398.955
20605.568
4645.8197
-29802.918
20311.319
-11054.292
-30454.208
10405.901
5662.5668
-32924.645
29427.786
10381.677
-10030.345
7105.5091
14095.725
-14473.274
26535.46
19810.573
-8942.2144
13973.773
17674.505
-7414.1015
19197.59
17510.96
-2464.7206
16186.059
23285.083
-2021.0475
18562.55
14911.831
-1883.099
15247.883
16522.215
3767.985
13513.063
19323.158
5108.9892
14382.527
17311.389
4400.3953
11694.331
16865.764
5430.3526
12317.552
16087.861
7379.7935
9764.4338
16285.861
6282.521
9833.6252
13638.566
5788.9948
8546.822
11504.72
8192.8664
7071.5152
11725.322
7790.7009
7518.9457
8927.5628
7411.61
8195.617
10471.59
6777.7219
9977.6415
9856.058
8774.2463
-217331.12
-308238.7
-280029.39
-185247.63
-169498.74
-221691.22
-162228.76
-260431.34
-233757.55
-210522.55
-184721.24
-239822.22
-160389.24
-207899.57
-204208.06
-152759.1
-179373.83
-200647.22
-143543.37
-170128.16
-186331.46
-126515.6
-164656.1
-164844.28
-123130.85
-139050.57
-152641.92
-110840.17
-134786.33
-139219.75
-98794.065
-118065.17
-122751.86
-89699.675
-106534.37
-108815.93
-76784.473
-97772.221
-96167.034
-70021.758
-84416.834
-85170.619
-60219.268
-74913.389
-73970.338
-53071.185
-63608.545
-63974.222
-43815.081
-54938.383
-54066.676
-36234.127
-45221.263
-45184.988
-29506.981
-36463.973
-34716.794
-22358.643
-27247.05
-26818.768
-18710.723
-20128.988
-21280.661
-5450.4878
-10176.298
-9337.389
-2683.2507
-6494.8905
-4628.9105
)
;

boundaryField
{
    free
    {
        type            calculated;
    }
    bottom
    {
        type            calculated;
    }
    traction
    {
        type            calculated;
    }
}


// ************************************************************************* //
