/*--------------------------------*- C++ -*----------------------------------*\
  =========                 |
  \\      /  F ield         | OpenFOAM: The Open Source CFD Toolbox
   \\    /   O peration     | Website:  https://openfoam.org
    \\  /    A nd           | Version:  6
     \\/     M anipulation  |
\*---------------------------------------------------------------------------*/
FoamFile
{
    version     2.0;
    format      ascii;
    class       pointVectorField;
    location    "4.90010827251331804";
    object      u;
}
// * * * * * * * * * * * * * * * * * * * * * * * * * * * * * * * * * * * * * //

dimensions      [0 1 0 0 0 0 0];

internalField   nonuniform List<vector> 
625
(
(0 0 0)
(0 0 0)
(1.9788955 -0.12525004 0.14283653)
(1.8690875 -0.57897949 0.10927811)
(0 0 0)
(0 0 0)
(1.8879858 -0.61624964 0.1074337)
(1.9975381 -0.16291381 0.14160304)
(0 0 0)
(0 0 0)
(0 0 0)
(1.9508449 -0.23934378 0.13352577)
(1.9232821 -0.35163948 0.12602196)
(1.896473 -0.46438222 0.11747057)
(0.0063088825 0.020621462 0.019714993)
(0.020665811 0.043675647 0.021577697)
(0.048008051 0.063877915 0.025938971)
(0.085596367 0.08294547 0.028955375)
(0.13243454 0.097882004 0.032960894)
(0.1891525 0.11109432 0.037541733)
(0.252786 0.11963483 0.042478503)
(0.32412862 0.12586601 0.047819843)
(0.40194977 0.12820092 0.053755187)
(0.48536407 0.12745153 0.059372039)
(0.57406107 0.12384896 0.065659027)
(0.66730382 0.11692702 0.071535245)
(0.7645919 0.10753644 0.077787397)
(0.86538212 0.095396352 0.083909507)
(0.96918251 0.080962849 0.090070145)
(1.0757284 0.064224921 0.096067386)
(1.1843018 0.045744034 0.10220466)
(1.2949107 0.025282311 0.10814409)
(1.4070316 0.003032957 0.11399303)
(1.5201167 -0.020292341 0.1199202)
(1.6342795 -0.045114234 0.1257142)
(1.7488561 -0.070536573 0.1315175)
(1.8634251 -0.097409496 0.13757638)
(-0.0047796105 -0.015386906 -0.022770376)
(0.012683842 -0.030680946 -0.017672128)
(0.03407987 -0.050511387 -0.019758676)
(0.069326219 -0.069458632 -0.013945335)
(0.10943658 -0.086918056 -0.011024355)
(0.16112045 -0.10866443 -0.0058218284)
(0.21697067 -0.12726472 -0.0011440932)
(0.28235257 -0.149505 0.0050745325)
(0.35242648 -0.17169668 0.010267636)
(0.42909074 -0.19425078 0.016784274)
(0.51093945 -0.21884093 0.022902391)
(0.59759912 -0.24336021 0.029502586)
(0.68869009 -0.26925027 0.036000188)
(0.78365603 -0.29566787 0.042621234)
(0.88223896 -0.32280708 0.049232992)
(0.98384856 -0.35046303 0.055857894)
(1.0884014 -0.37870665 0.062548126)
(1.1950108 -0.40717457 0.068961091)
(1.3041666 -0.43596253 0.075797928)
(1.4145982 -0.46472415 0.082288851)
(1.5268089 -0.49371152 0.089075394)
(1.6399895 -0.52232454 0.095620935)
(1.754073 -0.5507264 0.10219943)
(0 0 0)
(0 0 0)
(0 0 0)
(0.005146691 -0.011591748 0.016177523)
(0.019898234 -0.047911522 0.01981119)
(0.045299973 -0.058808978 0.01753715)
(0.078259097 -0.08364891 0.017551722)
(0.12318883 -0.10970138 0.020843686)
(0.17279997 -0.12732317 0.020751401)
(0.23090158 -0.15412449 0.025473127)
(0.29579841 -0.17572951 0.027726069)
(0.36681776 -0.2004028 0.03164888)
(0.44381834 -0.22502417 0.035746553)
(0.52610277 -0.25059431 0.039931199)
(0.61315046 -0.27643722 0.044796611)
(0.70459918 -0.30324953 0.049390301)
(0.80010289 -0.33046069 0.054313334)
(0.89892461 -0.35811328 0.05937989)
(1.0009792 -0.38645296 0.064501503)
(1.1057515 -0.41490953 0.069680934)
(1.2128881 -0.44376952 0.074937321)
(1.3220458 -0.47281634 0.080292797)
(1.4329762 -0.50182236 0.085618827)
(1.5452037 -0.53094171 0.091065415)
(1.6587455 -0.55960726 0.096549228)
(1.7727039 -0.58830237 0.1021481)
(1.9154956 -0.50186268 0.11598424)
(1.9418242 -0.38919165 0.12482971)
(1.9693341 -0.27739807 0.1337937)
(1.8822823 -0.13491066 0.13441055)
(1.7670821 -0.10806309 0.12768967)
(1.6525011 -0.082467103 0.12085788)
(1.5380279 -0.05720738 0.11374429)
(1.4245259 -0.03348997 0.10668454)
(1.3121144 -0.011046602 0.099418474)
(1.2011711 0.0098595989 0.092179498)
(1.0919929 0.029085651 0.084697025)
(0.98498644 0.046333705 0.077238585)
(0.88059 0.061702031 0.069588291)
(0.77909994 0.074563527 0.061898225)
(0.68103905 0.085436375 0.053802565)
(0.58714809 0.093256655 0.046459155)
(0.49760137 0.098612408 0.03850767)
(0.41310191 0.1011122 0.030783993)
(0.33438447 0.1006156 0.023228793)
(0.26200356 0.097491319 0.015591507)
(0.19649303 0.090543997 0.0092004138)
(0.13995895 0.08129981 0.0019136699)
(0.090146149 0.068025439 -0.0030335544)
(0.051571018 0.054316889 -0.0097891906)
(0.021558281 0.035608395 -0.012965273)
(0.010436523 0.017910127 -0.011845209)
(0 0 0)
(0 0 0)
(0 0 0)
(0 0 0)
(0 0 0)
(0 0 0)
(1.8736529 -0.58857683 0.10846377)
(1.8785168 -0.59811775 0.10851716)
(1.8829828 -0.60747826 0.10790336)
(1.984133 -0.13431019 0.14253098)
(1.9887068 -0.14384467 0.14213835)
(1.9935089 -0.15303895 0.14178991)
(-0.0032956315 0.012701234 0.014450812)
(0.012589523 0.025647763 0.012522592)
(0.038445291 0.036648061 0.016359789)
(0.075212228 0.046155874 0.018852528)
(0.12132916 0.053126296 0.022925491)
(0.17652969 0.057772185 0.02719491)
(0.23908932 0.05923052 0.032269041)
(0.30922062 0.058431108 0.037585436)
(0.38546345 0.054549239 0.043131158)
(0.46746516 0.048292208 0.049059675)
(0.55477945 0.039427843 0.055095991)
(0.64681363 0.027855941 0.06121629)
(0.74284398 0.014325919 0.067436331)
(0.84246947 -0.0015971727 0.073605866)
(0.94525296 -0.019311725 0.079866194)
(1.0508046 -0.038899262 0.085973408)
(1.1586152 -0.060058736 0.092230937)
(1.2685042 -0.08258181 0.098226409)
(1.3801226 -0.10658417 0.10430101)
(1.4927243 -0.13147941 0.11041531)
(1.6066532 -0.15737001 0.11629877)
(1.720949 -0.18383951 0.12228268)
(1.8357664 -0.21166724 0.12828706)
(-0.0084040043 0.003980601 0.0011148191)
(0.0090147489 0.0053913291 0.00097735389)
(0.033266094 0.0079902247 0.0047553229)
(0.068896249 0.0087618862 0.0074894116)
(0.11444838 0.0062004476 0.011777419)
(0.16788284 0.0033020405 0.016290627)
(0.2290186 -0.0024803333 0.021272026)
(0.29748795 -0.010234972 0.026653229)
(0.37190862 -0.019838598 0.032350503)
(0.45271942 -0.032074514 0.038539097)
(0.53815764 -0.045741937 0.044301322)
(0.62871801 -0.061869154 0.050823038)
(0.72317739 -0.079534836 0.057018719)
(0.82152992 -0.098869921 0.06339738)
(0.92304656 -0.11985847 0.06978492)
(1.0274871 -0.14205922 0.076007557)
(1.1343737 -0.16571639 0.082523318)
(1.2433748 -0.19011731 0.088557298)
(1.3540385 -0.21571206 0.095031111)
(1.4661357 -0.24193734 0.10125154)
(1.5796325 -0.26890335 0.10733024)
(1.6937429 -0.29635858 0.11367789)
(1.8088718 -0.32409142 0.11971215)
(-0.0099686458 -0.0059637232 -0.0084956023)
(0.0077092242 -0.011920987 -0.0062813298)
(0.030032637 -0.018375082 -0.0059328295)
(0.066368549 -0.027214693 -0.0022336428)
(0.10967671 -0.038523645 0.0014060051)
(0.16145235 -0.048527051 0.0056847143)
(0.22158818 -0.06295024 0.010879001)
(0.28766505 -0.076643563 0.016114085)
(0.36093611 -0.093112104 0.022063785)
(0.43937044 -0.11087127 0.027869355)
(0.52347894 -0.12961437 0.034045583)
(0.61230495 -0.1505712 0.040455468)
(0.70519073 -0.17213857 0.046694591)
(0.80209375 -0.19534115 0.053231311)
(0.90217585 -0.21946179 0.059628904)
(1.0054352 -0.24462187 0.066094159)
(1.1110602 -0.27059994 0.07255781)
(1.2191609 -0.297189 0.078909174)
(1.3290755 -0.32451865 0.085408385)
(1.4407381 -0.3521636 0.091653466)
(1.5535793 -0.38033574 0.098096454)
(1.6673261 -0.40833493 0.10449196)
(1.7818329 -0.43652939 0.11092151)
(0 0 0)
(0 0 0)
(0 0 0)
(0 0 0)
(0 0 0)
(0 0 0)
(0 0 0)
(0 0 0)
(0 0 0)
(0.0054854224 -0.0058364493 -0.010302018)
(0.0085971969 -0.0089710966 -0.0041969081)
(0.0090889074 -0.0077562962 0.0043504238)
(0.023219692 -0.038303088 -0.010176205)
(0.02521173 -0.041229097 -0.002302809)
(0.027142943 -0.042628302 0.0091997469)
(0.044683397 -0.053443236 -0.010479837)
(0.049589781 -0.054525208 -0.0016990464)
(0.051258212 -0.06015633 0.0093752741)
(0.077993504 -0.074244017 -0.005717762)
(0.08216415 -0.079210436 0.0014144595)
(0.082129211 -0.08073152 0.010018368)
(0.12007487 -0.095277227 -0.0033174109)
(0.12378163 -0.099114168 0.0028541547)
(0.12663011 -0.1068566 0.012718319)
(0.16858002 -0.11437104 0.00064993285)
(0.17389063 -0.12062786 0.0078969611)
(0.17528824 -0.12461917 0.014550191)
(0.226436 -0.13660104 0.0058587389)
(0.2307601 -0.14365598 0.010909918)
(0.23238376 -0.14825262 0.019164162)
(0.28999612 -0.15811275 0.01034914)
(0.2944805 -0.16349548 0.015695694)
(0.29713037 -0.17202838 0.022315133)
(0.36029399 -0.18038724 0.015904071)
(0.36509899 -0.18894778 0.020603098)
(0.36742312 -0.19512381 0.026687445)
(0.43665931 -0.20423163 0.021540034)
(0.44113226 -0.2113562 0.025680685)
(0.44393359 -0.21926931 0.031338608)
(0.5178901 -0.22811888 0.027149081)
(0.52279226 -0.23682628 0.031279828)
(0.52565799 -0.24456965 0.035939297)
(0.60457112 -0.25376399 0.033390401)
(0.60916571 -0.26162867 0.03647075)
(0.61235915 -0.26987716 0.041319546)
(0.69530845 -0.27903511 0.039381554)
(0.69999131 -0.28780196 0.042598611)
(0.70317329 -0.29647696 0.046300953)
(0.79013111 -0.30595008 0.045721042)
(0.79475149 -0.31473365 0.048242788)
(0.79830896 -0.32335711 0.051613807)
(0.88842095 -0.33290569 0.051830887)
(0.89315802 -0.34186186 0.054136782)
(0.89676074 -0.35066801 0.057095653)
(0.98992942 -0.36068391 0.058147778)
(0.99459762 -0.36972634 0.060085267)
(0.99841136 -0.37873083 0.062532007)
(1.0941235 -0.38874653 0.064398588)
(1.0988863 -0.39794174 0.06597026)
(1.1028218 -0.4070294 0.068083711)
(1.2008083 -0.4170586 0.070585728)
(1.2055513 -0.42649443 0.071941528)
(1.2096262 -0.43560324 0.073638389)
(1.309488 -0.44595406 0.077007642)
(1.3143054 -0.45521334 0.077982399)
(1.3184783 -0.46444021 0.079291482)
(1.4200255 -0.47451297 0.083172232)
(1.4248 -0.4840377 0.083950856)
(1.4290797 -0.49330868 0.084904459)
(1.5319287 -0.50348985 0.089544569)
(1.5366883 -0.5128813 0.090109636)
(1.5411099 -0.52209632 0.090624198)
(1.6450128 -0.53194577 0.095839959)
(1.6498076 -0.54145095 0.096076628)
(1.6542906 -0.55088762 0.096292683)
(1.7588653 -0.56052763 0.10216947)
(1.7635739 -0.56988231 0.10212247)
(1.7682726 -0.57920635 0.10216112)
(1.956127 -0.2486025 0.13393386)
(1.9607452 -0.25794702 0.13374407)
(1.9653972 -0.26740952 0.13364708)
(1.9278244 -0.36107537 0.12578136)
(1.9328629 -0.37053657 0.1253228)
(1.9371352 -0.37990641 0.12499784)
(1.9012752 -0.47413831 0.11705563)
(1.9061945 -0.48360896 0.11674309)
(1.9106501 -0.49274951 0.11650831)
(0.014649309 0.01728564 0.010257227)
(0.015022394 0.017185103 0.0028833138)
(0.016075797 0.017301604 -0.0034637264)
(0.029377935 0.038950541 0.011465399)
(0.02939719 0.038552294 0.0042736454)
(0.029379811 0.037072826 -0.0062273625)
(0.056810601 0.060175612 0.016682985)
(0.057763724 0.058576028 0.0074601865)
(0.05881314 0.057230124 -0.0012935118)
(0.093109926 0.07753906 0.019623753)
(0.096130252 0.07435921 0.01167025)
(0.096013797 0.071698466 0.0029939024)
(0.14133467 0.092738863 0.024291079)
(0.14345434 0.089034308 0.016929227)
(0.14408315 0.086509936 0.0090541108)
(0.1963514 0.10467384 0.02943854)
(0.19957877 0.09924642 0.022697552)
(0.20116614 0.095200927 0.015051219)
(0.26087011 0.11264003 0.034947098)
(0.26398526 0.10724531 0.028736137)
(0.26529511 0.10263761 0.021291786)
(0.33177578 0.11790787 0.040815108)
(0.33482828 0.11201112 0.035101683)
(0.33704497 0.10683184 0.028392389)
(0.40921274 0.11996755 0.047201437)
(0.41290103 0.11347678 0.041639715)
(0.41509878 0.10752449 0.035606314)
(0.49253668 0.11889627 0.053544114)
(0.49632371 0.11192326 0.048566)
(0.49879123 0.10557515 0.042956504)
(0.5808783 0.11501971 0.060361876)
(0.58507874 0.10737534 0.055258376)
(0.58782008 0.10026049 0.05056894)
(0.67426229 0.10784463 0.066639687)
(0.67820876 0.09979453 0.062955614)
(0.68112147 0.09280669 0.057466223)
(0.77120127 0.098093609 0.073338012)
(0.77535241 0.08995631 0.069337543)
(0.77860275 0.082706835 0.065247047)
(0.87188925 0.085975941 0.079841449)
(0.87614237 0.077614417 0.076560115)
(0.87964849 0.069682957 0.072672899)
(0.97553588 0.071400962 0.086506419)
(0.97993182 0.062763459 0.083400486)
(0.98352989 0.054655728 0.079947646)
(1.0819057 0.054722655 0.092852867)
(1.0862961 0.045874332 0.090202081)
(1.0901073 0.037570978 0.087144544)
(1.1903938 0.035944529 0.099430077)
(1.1948776 0.027173839 0.097036756)
(1.1988804 0.018535344 0.094331626)
(1.3006776 0.015637567 0.10569682)
(1.3053908 0.0065103248 0.10359373)
(1.3094225 -0.0022111207 0.10126177)
(1.4127073 -0.0064029643 0.11194737)
(1.4172717 -0.015608512 0.11022732)
(1.4214769 -0.02444894 0.10827075)
(1.5256362 -0.029825685 0.11817917)
(1.5303685 -0.038940476 0.11670035)
(1.5346434 -0.048065211 0.11504185)
(1.6397182 -0.054356595 0.12428627)
(1.6443637 -0.063917062 0.12305659)
(1.6486827 -0.072935812 0.12193339)
(1.7539552 -0.080261442 0.13039118)
(1.7587246 -0.089519973 0.12955273)
(1.7632143 -0.098695807 0.12859621)
(1.869048 -0.10650276 0.13675785)
(1.8735379 -0.11604946 0.13592912)
(1.8782559 -0.1254011 0.13536856)
(-3.0403666e-05 0.0050764229 -0.0066963759)
(0.015514094 0.02170166 -0.0062620776)
(0.042315138 0.023471372 -0.00052029154)
(0.081298136 0.031675023 0.002068725)
(0.12877249 0.034757637 0.0071286491)
(0.18508114 0.036071175 0.013090021)
(0.24882339 0.035701151 0.018571839)
(0.3195821 0.032032249 0.024964807)
(0.39699224 0.026428225 0.03151565)
(0.47979286 0.018264876 0.038286589)
(0.56810056 0.0080204824 0.045047047)
(0.66056007 -0.0045027476 0.052195686)
(0.75720258 -0.019359255 0.058948287)
(0.85752778 -0.036125291 0.066173687)
(0.96091556 -0.054467006 0.072968841)
(1.066916 -0.074618659 0.079906164)
(1.1752563 -0.096321276 0.086775569)
(1.2855315 -0.11927168 0.093499157)
(1.3973386 -0.14345572 0.10026335)
(1.5104421 -0.16876222 0.10685194)
(1.6245107 -0.19488282 0.11349014)
(1.7390583 -0.22167897 0.12009777)
(1.8542608 -0.24943044 0.12674524)
(-0.0063482835 0.0021630683 0.0013715097)
(0.012597207 0.0016004714 0.0028745775)
(0.039333242 -0.0041459984 0.0051996657)
(0.078084415 -0.005635524 0.0077917308)
(0.12327346 -0.011067709 0.011184637)
(0.17873872 -0.017875954 0.0159473)
(0.24019937 -0.025951338 0.02052037)
(0.30971403 -0.035861234 0.025896962)
(0.38501519 -0.047993825 0.031440074)
(0.466334 -0.061240451 0.0372367)
(0.55253613 -0.077114031 0.043410829)
(0.64365402 -0.09383319 0.049370195)
(0.7386126 -0.11291665 0.05582413)
(0.83758765 -0.13299269 0.062073248)
(0.93958383 -0.154544 0.06828234)
(1.0444269 -0.17758465 0.074694884)
(1.151719 -0.20148774 0.080962044)
(1.2610838 -0.22649024 0.087205645)
(1.3721267 -0.25239175 0.093519909)
(1.484591 -0.27895518 0.099661637)
(1.5983083 -0.30601429 0.10605654)
(1.7123917 -0.33361092 0.11212649)
(1.8279736 -0.36181427 0.11837066)
(-0.0076047653 -0.0078186758 0.0089435437)
(0.015096751 -0.013182694 0.0081775776)
(0.039978342 -0.033406637 0.013937205)
(0.07515193 -0.037106101 0.012736693)
(0.12100239 -0.055641965 0.0171201)
(0.17385807 -0.069775166 0.019806639)
(0.23375302 -0.084225264 0.023680778)
(0.30155474 -0.10234995 0.027929293)
(0.37493377 -0.12015504 0.032453263)
(0.45411233 -0.13973848 0.037501011)
(0.53880395 -0.16031532 0.042430345)
(0.62780385 -0.18233514 0.047907454)
(0.72137226 -0.20503637 0.053296762)
(0.8186621 -0.22923431 0.058790881)
(0.91910555 -0.25402043 0.06445973)
(1.0226995 -0.27982316 0.070106406)
(1.128804 -0.30632314 0.075806175)
(1.2370883 -0.33340006 0.081493178)
(1.3472862 -0.36107405 0.087246478)
(1.459051 -0.38902228 0.09302383)
(1.5719944 -0.41723692 0.098817332)
(1.686006 -0.44563885 0.1044614)
(1.8005521 -0.47377464 0.11052777)
(0.0033656785 0.0058655003 0.0067159577)
(0.0028544642 0.0061618701 0.0026120424)
(0.0044404953 0.0057255249 -0.0014088123)
(0.020349097 0.023594399 0.0068717537)
(0.02275757 0.022282744 0.0021379689)
(0.021796908 0.020435353 -0.003497237)
(0.046899589 0.032547472 0.010498525)
(0.048064883 0.028947763 0.0060725187)
(0.049117803 0.027545288 0.0020073292)
(0.083197423 0.041264802 0.013272745)
(0.087023069 0.039007461 0.0093086973)
(0.086428768 0.034551511 0.0053607068)
(0.12994896 0.047732672 0.017630147)
(0.13243962 0.042908865 0.01386845)
(0.13362689 0.03866865 0.01079773)
(0.18437792 0.050767318 0.022255618)
(0.18772842 0.046368064 0.01924831)
(0.18901663 0.04112181 0.014969705)
(0.24701245 0.051855694 0.027932096)
(0.25088121 0.04646611 0.02412136)
(0.25199961 0.040743096 0.021552209)
(0.31672525 0.05065695 0.033178239)
(0.3202575 0.044548755 0.030413091)
(0.32203851 0.038077651 0.027164495)
(0.39282397 0.046077809 0.03946825)
(0.39676509 0.039658204 0.036642013)
(0.39884857 0.032731575 0.033885564)
(0.47466366 0.039780153 0.045407732)
(0.47871348 0.032432686 0.042816579)
(0.48091123 0.024935059 0.040335243)
(0.5618929 0.030195708 0.051780098)
(0.566003 0.022512211 0.049679804)
(0.56858248 0.015139815 0.0473055)
(0.65349755 0.018582767 0.058271764)
(0.65786271 0.010667134 0.055974052)
(0.66059073 0.0026540955 0.053844464)
(0.74944374 0.0047928732 0.064719164)
(0.75371115 -0.0032976028 0.062716189)
(0.75679226 -0.011432906 0.060797967)
(0.84882424 -0.011170266 0.071238755)
(0.85330152 -0.019446446 0.069496846)
(0.85651455 -0.028149074 0.067615041)
(0.95148851 -0.028921432 0.077647375)
(0.9559481 -0.037672636 0.076026447)
(0.95939855 -0.046247213 0.074437071)
(1.0568225 -0.048607479 0.084146772)
(1.0614219 -0.057275396 0.082668411)
(1.0650433 -0.066159859 0.081202734)
(1.1646026 -0.069669105 0.090375784)
(1.1691157 -0.078657107 0.089218784)
(1.1729373 -0.087652519 0.087889446)
(1.274143 -0.092245188 0.09685921)
(1.2789054 -0.10142736 0.095642421)
(1.2828208 -0.1104488 0.09454091)
(1.3855633 -0.11613981 0.10309442)
(1.3902451 -0.12523713 0.10211914)
(1.394316 -0.13441514 0.10113588)
(1.4980837 -0.14091113 0.10928173)
(1.5028154 -0.15027703 0.10851528)
(1.5070211 -0.15954832 0.10760858)
(1.6118205 -0.16677968 0.11541961)
(1.6165602 -0.17625791 0.11483717)
(1.6209003 -0.18552667 0.11414335)
(1.7260367 -0.19343848 0.12159115)
(1.7307487 -0.20276808 0.12134305)
(1.7351446 -0.212072 0.12058075)
(1.8407895 -0.22086167 0.12786923)
(1.8454423 -0.23028267 0.1275244)
(1.8500965 -0.23975872 0.12723249)
(-0.0022925756 0.0013470293 -0.00053868022)
(-0.0013843348 0.0026800324 -0.00096915978)
(-4.7255393e-05 0.0015780802 0.00052014057)
(0.015676877 0.0045661298 -0.00090973533)
(0.018129163 0.0033338351 -0.00011766401)
(0.017901909 0.0012469036 0.00068385884)
(0.041909069 0.0037736547 0.0029076156)
(0.044944349 0.0011883687 0.0049236573)
(0.045051763 -0.00050959317 0.0041588093)
(0.077166099 0.0035582359 0.0057135541)
(0.081517469 -1.8427167e-05 0.0063876876)
(0.080929473 -0.0046034125 0.0061956249)
(0.12286819 0.00099710504 0.010097843)
(0.12641579 -0.0041555702 0.011552209)
(0.12664579 -0.0070964378 0.010078689)
(0.17541737 -0.0032725427 0.014801753)
(0.18019742 -0.0087466865 0.015496525)
(0.18068705 -0.013925893 0.014983765)
(0.23692266 -0.0093196682 0.019507709)
(0.2411344 -0.016256481 0.020398546)
(0.24197938 -0.021400922 0.019701403)
(0.30492793 -0.018013117 0.025333017)
(0.30937475 -0.024728126 0.026419361)
(0.31049258 -0.030575961 0.025295811)
(0.37917444 -0.027999775 0.031033381)
(0.38362031 -0.035819845 0.03142731)
(0.38550578 -0.042469274 0.030779939)
(0.45960299 -0.040567737 0.037097432)
(0.46440834 -0.048530061 0.037962196)
(0.46604599 -0.055095757 0.036878157)
(0.54517548 -0.0549465 0.043412641)
(0.54941857 -0.06298175 0.043715223)
(0.55195777 -0.070522625 0.042904768)
(0.6352786 -0.070936707 0.049719809)
(0.64011327 -0.07959297 0.049982396)
(0.64251632 -0.087034193 0.049269616)
(0.72978079 -0.088894946 0.056049956)
(0.73436659 -0.097514577 0.056475652)
(0.73706453 -0.10553158 0.055591221)
(0.82780435 -0.10833135 0.062474487)
(0.83249811 -0.11739691 0.062643452)
(0.8355256 -0.12561597 0.062020674)
(0.92927 -0.12937196 0.068919854)
(0.93394177 -0.13843895 0.069183106)
(0.9372377 -0.14685193 0.068294)
(1.0334705 -0.15171928 0.075294051)
(1.0382497 -0.16094503 0.075327629)
(1.0416511 -0.1695074 0.074707421)
(1.1402166 -0.17525211 0.081709056)
(1.1449334 -0.18454307 0.081814147)
(1.1486124 -0.19337586 0.081087514)
(1.2490239 -0.19989462 0.088063074)
(1.2538327 -0.20922061 0.087996749)
(1.2576815 -0.21809899 0.087345845)
(1.3596591 -0.22549019 0.094465136)
(1.3644743 -0.23477441 0.094255768)
(1.3684076 -0.24377942 0.093718699)
(1.4717403 -0.25168987 0.10081716)
(1.4764348 -0.26095591 0.10043971)
(1.4807285 -0.27023523 0.09993398)
(1.5849515 -0.27858894 0.10693661)
(1.5899317 -0.28797477 0.10668814)
(1.5940553 -0.29717677 0.10630436)
(1.6988726 -0.30590486 0.11326525)
(1.7035804 -0.31516998 0.11293914)
(1.7079226 -0.32460443 0.11237362)
(1.8138008 -0.3335923 0.11933857)
(1.8187157 -0.34302753 0.1190874)
(1.8232407 -0.35229093 0.11868471)
(-0.0033530153 -0.003958569 -0.0048055858)
(-0.0032389241 -0.0046507834 0.0011380984)
(-0.0013058834 -0.0049790798 0.0040542726)
(0.017559416 -0.013302877 -0.0031622427)
(0.02078206 -0.010944483 0.00087596125)
(0.020384048 -0.014156881 0.0051105458)
(0.039971705 -0.021575161 -0.0020579837)
(0.043357631 -0.027400996 0.0030087103)
(0.044511209 -0.029691243 0.0075280329)
(0.076270149 -0.033273513 0.00040983472)
(0.078732061 -0.034031209 0.0045246667)
(0.080505914 -0.038529184 0.0088627391)
(0.11905232 -0.043413659 0.0047577566)
(0.12290852 -0.049215987 0.0089251094)
(0.12487111 -0.052575329 0.012556177)
(0.17095013 -0.056285856 0.008122161)
(0.17414 -0.060820606 0.011526034)
(0.17681633 -0.066528917 0.015228842)
(0.23036825 -0.070522627 0.013439212)
(0.23433996 -0.076165555 0.017263152)
(0.23650719 -0.081583417 0.019967356)
(0.29622952 -0.084995597 0.018448104)
(0.29982914 -0.091663037 0.021261008)
(0.30287178 -0.097851257 0.024099708)
(0.36912587 -0.10223958 0.024036227)
(0.37322563 -0.10880921 0.026822376)
(0.37615218 -0.11548572 0.02923794)
(0.44736816 -0.11994979 0.029784761)
(0.4512859 -0.12726274 0.03220005)
(0.45448053 -0.13460609 0.034507139)
(0.53100664 -0.13926703 0.03570174)
(0.53529746 -0.14724916 0.037951184)
(0.5386905 -0.15454901 0.0398223)
(0.61959201 -0.16029453 0.04196074)
(0.62379394 -0.16820673 0.043838057)
(0.62722113 -0.17620058 0.045508799)
(0.71218374 -0.18203964 0.047998219)
(0.7164286 -0.19052969 0.049638038)
(0.72014936 -0.1986098 0.051270383)
(0.80881347 -0.20538253 0.054348837)
(0.81316932 -0.21384186 0.055855525)
(0.81701797 -0.22227986 0.057029323)
(0.90872397 -0.22952669 0.060592782)
(0.913104 -0.23831532 0.061798725)
(0.91713834 -0.24691381 0.062879492)
(1.0116785 -0.25467261 0.066907824)
(1.0161506 -0.26362129 0.067906236)
(1.020233 -0.27226878 0.068804018)
(1.1172281 -0.28069766 0.073150578)
(1.1216903 -0.2896161 0.074037504)
(1.1260161 -0.29858852 0.074705148)
(1.224988 -0.30719125 0.079382176)
(1.229631 -0.31654499 0.080051282)
(1.2339563 -0.32538687 0.08059014)
(1.3347854 -0.33456972 0.085697079)
(1.3393324 -0.34367706 0.086173489)
(1.3437915 -0.35274219 0.086555602)
(1.4459217 -0.36203559 0.091904805)
(1.4508041 -0.37144508 0.092189312)
(1.4552502 -0.38059885 0.092507459)
(1.558586 -0.38991058 0.098104391)
(1.5633796 -0.39941926 0.0983429)
(1.5678056 -0.40854376 0.098482588)
(1.6722366 -0.41810275 0.10450733)
(1.6770153 -0.42757961 0.10447516)
(1.6816913 -0.43668978 0.10447515)
(1.7865415 -0.44614854 0.11074981)
(1.7913433 -0.45545512 0.11061921)
(1.7959266 -0.464897 0.11032103)
)
;

boundaryField
{
    free
    {
        type            calculated;
    }
    bottom
    {
        type            calculated;
    }
    traction
    {
        type            calculated;
    }
}


// ************************************************************************* //
