/*--------------------------------*- C++ -*----------------------------------*\
  =========                 |
  \\      /  F ield         | OpenFOAM: The Open Source CFD Toolbox
   \\    /   O peration     | Website:  https://openfoam.org
    \\  /    A nd           | Version:  6
     \\/     M anipulation  |
\*---------------------------------------------------------------------------*/
FoamFile
{
    version     2.0;
    format      ascii;
    class       pointVectorField;
    location    "4.29998543704838276";
    object      u;
}
// * * * * * * * * * * * * * * * * * * * * * * * * * * * * * * * * * * * * * //

dimensions      [0 1 0 0 0 0 0];

internalField   nonuniform List<vector> 
625
(
(0 0 0)
(0 0 0)
(2.5597892 -0.33944882 -0.027792484)
(2.3733945 -0.91962856 -0.055072279)
(0 0 0)
(0 0 0)
(2.3994001 -0.93060641 -0.05664356)
(2.5854435 -0.35083693 -0.02858177)
(0 0 0)
(0 0 0)
(0 0 0)
(2.5124831 -0.48508437 -0.03549146)
(2.4659156 -0.62890505 -0.041504515)
(2.4200967 -0.77338905 -0.048504261)
(0.0051779346 0.023436657 0.022779584)
(0.023324396 0.049139001 0.023607981)
(0.057856591 0.073113934 0.024266862)
(0.10645707 0.09411606 0.022617728)
(0.16687529 0.1106875 0.020748242)
(0.24056451 0.12386844 0.018476684)
(0.32343131 0.13140306 0.015825349)
(0.41650384 0.1348938 0.013207334)
(0.51818929 0.13305104 0.010584026)
(0.62739529 0.1264174 0.0075115723)
(0.74349395 0.11534979 0.0047924691)
(0.86556572 0.099307053 0.0015663073)
(0.9928961 0.07930333 -0.0011893108)
(1.1245992 0.054969238 -0.0041064127)
(1.2601381 0.027040959 -0.0068446221)
(1.3988569 -0.0045804698 -0.0096324464)
(1.5399434 -0.038932514 -0.012108892)
(1.6832579 -0.076395788 -0.014645055)
(1.8280334 -0.11638217 -0.017112764)
(1.9736404 -0.15810289 -0.019320118)
(2.1201179 -0.20176648 -0.021575203)
(2.2667375 -0.24626896 -0.02367037)
(2.4130086 -0.29239777 -0.025361421)
(-0.0047117839 -0.022747271 -0.030946328)
(0.015267519 -0.044913966 -0.027290302)
(0.041883072 -0.073524197 -0.033239884)
(0.083930743 -0.1007072 -0.031892046)
(0.13372701 -0.12734114 -0.033942721)
(0.19717786 -0.158433 -0.034761984)
(0.26700705 -0.18753957 -0.036613406)
(0.34845146 -0.22039669 -0.037444794)
(0.43670584 -0.25463342 -0.039518684)
(0.53340344 -0.28980935 -0.040706217)
(0.63701529 -0.32791307 -0.042347659)
(0.74724767 -0.36704908 -0.043526288)
(0.86331555 -0.40831706 -0.044951692)
(0.98462713 -0.45088572 -0.04615119)
(1.1107694 -0.49498188 -0.047334274)
(1.2409835 -0.54017841 -0.048395961)
(1.3750084 -0.58650455 -0.049325701)
(1.5117591 -0.63358857 -0.050441877)
(1.6516739 -0.68112386 -0.05106315)
(1.7932104 -0.72896892 -0.052014243)
(1.936755 -0.77702073 -0.052655887)
(2.0814231 -0.8247819 -0.053591122)
(2.2270278 -0.87228036 -0.054561578)
(0 0 0)
(0 0 0)
(0 0 0)
(0.0039068368 -0.012854638 0.019927481)
(0.020997019 -0.052910302 0.021847218)
(0.052834648 -0.067287026 0.015812533)
(0.094953957 -0.096550588 0.010520515)
(0.15049835 -0.12852673 0.0086255193)
(0.21354173 -0.15304907 0.0015645152)
(0.28669912 -0.18807434 -0.00050745647)
(0.36880173 -0.21954637 -0.0056626098)
(0.45874087 -0.25467639 -0.0097403986)
(0.55648809 -0.29164434 -0.013829023)
(0.66099575 -0.33035462 -0.018041453)
(0.77179294 -0.37080071 -0.021622884)
(0.88834771 -0.41312208 -0.025607049)
(1.010124 -0.45681037 -0.029224009)
(1.1364092 -0.50181571 -0.032672583)
(1.2668014 -0.54808112 -0.035941026)
(1.4007841 -0.5950786 -0.039085337)
(1.5378106 -0.64285269 -0.042008199)
(1.6774094 -0.69101375 -0.044746501)
(1.8192115 -0.73933946 -0.047380115)
(1.9625659 -0.78775835 -0.049825176)
(2.1074754 -0.83569837 -0.052108237)
(2.252772 -0.88348391 -0.054232113)
(2.4461863 -0.78462042 -0.049672872)
(2.4915149 -0.64011366 -0.042267494)
(2.537956 -0.49678474 -0.034817302)
(2.4388837 -0.3037058 -0.028122621)
(2.2919821 -0.25749519 -0.027213222)
(2.1453702 -0.21265688 -0.026473181)
(1.9986691 -0.16835404 -0.026014713)
(1.8527364 -0.12597687 -0.025427869)
(1.7078033 -0.085493112 -0.02497593)
(1.5643765 -0.047331256 -0.024366783)
(1.4229119 -0.011835983 -0.023867668)
(1.2839134 0.020526311 -0.023213286)
(1.1480786 0.049605204 -0.022594681)
(1.0158611 0.074735069 -0.02191129)
(0.88791088 0.096130551 -0.021586452)
(0.76536344 0.11279746 -0.020394681)
(0.64838377 0.12495838 -0.019912954)
(0.53812351 0.1325098 -0.019399208)
(0.4353766 0.13493227 -0.018873276)
(0.34108016 0.13291604 -0.018890107)
(0.25579442 0.12515251 -0.018163037)
(0.18238264 0.11310278 -0.018922508)
(0.1181831 0.0952935 -0.018092379)
(0.068248843 0.075946416 -0.020443149)
(0.030292918 0.050076239 -0.019809073)
(0.015969691 0.024585699 -0.015114226)
(0 0 0)
(0 0 0)
(0 0 0)
(0 0 0)
(0 0 0)
(0 0 0)
(2.3796547 -0.92269425 -0.055847159)
(2.3862674 -0.92566214 -0.05572341)
(2.3925146 -0.92836965 -0.056234912)
(2.5668239 -0.34202418 -0.027980687)
(2.5731721 -0.3449655 -0.028304143)
(2.5797448 -0.34761483 -0.028525221)
(-0.0056919514 0.013640846 0.015533396)
(0.013560567 0.026791284 0.011424198)
(0.045881982 0.038533202 0.011413374)
(0.092744617 0.047395212 0.0095568878)
(0.15151863 0.053392385 0.0077502513)
(0.22245071 0.055781441 0.0055773332)
(0.30307197 0.053796078 0.003366488)
(0.39364512 0.048288067 0.00097797295)
(0.49239856 0.038206007 -0.0016558862)
(0.59882144 0.024396639 -0.0041819639)
(0.7122013 0.0064895629 -0.006799734)
(0.8319267 -0.015624297 -0.0094014875)
(0.95676465 -0.04108623 -0.011951221)
(1.0863007 -0.070238315 -0.014503991)
(1.2198401 -0.10242559 -0.016857095)
(1.3567773 -0.13762124 -0.019305503)
(1.4964179 -0.17531761 -0.021382383)
(1.6384989 -0.21525703 -0.023703541)
(1.782362 -0.25737061 -0.025717921)
(1.9272258 -0.30081645 -0.027584934)
(2.0732984 -0.34564894 -0.029584327)
(2.2195511 -0.39123869 -0.031367334)
(2.3660222 -0.43828232 -0.033069319)
(-0.011085774 0.0021582331 -0.0013942426)
(0.0093594475 0.0011001822 -0.0038520256)
(0.039931046 0.0017484443 -0.0036886464)
(0.084431259 -0.00057890819 -0.0051777308)
(0.14169593 -0.0066312256 -0.0065313897)
(0.20962538 -0.014228906 -0.0081638494)
(0.28745322 -0.025516474 -0.010129018)
(0.37503395 -0.040028075 -0.012193016)
(0.47055311 -0.057674993 -0.014338933)
(0.57444062 -0.079079747 -0.01621377)
(0.68465802 -0.10338366 -0.018854361)
(0.80151669 -0.13133873 -0.020671047)
(0.92361618 -0.16207964 -0.022901345)
(1.0507913 -0.19569125 -0.024924355)
(1.1820505 -0.23196571 -0.026864327)
(1.3170337 -0.2705229 -0.028885016)
(1.4550443 -0.31129019 -0.030453302)
(1.5956048 -0.35355515 -0.032497864)
(1.7380573 -0.39750856 -0.03386019)
(1.8820472 -0.44253559 -0.035472656)
(2.0274505 -0.48860879 -0.037142052)
(2.1733457 -0.53527536 -0.038497652)
(2.3201158 -0.58233466 -0.040124393)
(-0.012656795 -0.010980179 -0.012863643)
(0.0080586521 -0.020805991 -0.013413479)
(0.035854625 -0.032262391 -0.016265209)
(0.080444943 -0.046834972 -0.017257779)
(0.13447797 -0.064212847 -0.019114077)
(0.19962939 -0.0814111 -0.020770348)
(0.2751123 -0.10343868 -0.022543241)
(0.35905532 -0.12620529 -0.024376776)
(0.45200501 -0.15240527 -0.026177452)
(0.55210485 -0.18119294 -0.028147744)
(0.65967281 -0.21210996 -0.030096223)
(0.77346209 -0.24617656 -0.031781149)
(0.89278426 -0.2821234 -0.033702872)
(1.0173295 -0.3205472 -0.035326811)
(1.1461395 -0.36086603 -0.036975033)
(1.2790349 -0.40308033 -0.038498837)
(1.4149605 -0.4466741 -0.039905639)
(1.5539912 -0.49160477 -0.041350579)
(1.695159 -0.53759195 -0.04253816)
(1.8383376 -0.5843438 -0.04395045)
(1.982764 -0.63172692 -0.045094166)
(2.1280953 -0.67899081 -0.046268741)
(2.27409 -0.72644519 -0.047447065)
(0 0 0)
(0 0 0)
(0 0 0)
(0 0 0)
(0 0 0)
(0 0 0)
(0 0 0)
(0 0 0)
(0 0 0)
(0.0077058231 -0.0082103323 -0.012918347)
(0.01058026 -0.011362975 -0.0045559792)
(0.010253358 -0.0092191124 0.0064337327)
(0.028490791 -0.0507334 -0.016510005)
(0.030364932 -0.051859729 -0.0055157024)
(0.03154768 -0.050580131 0.009429644)
(0.054820883 -0.072644179 -0.020021421)
(0.060074008 -0.07047191 -0.0081570146)
(0.061313338 -0.073120366 0.0059662899)
(0.095352553 -0.101469 -0.019982368)
(0.10075828 -0.1026428 -0.010046297)
(0.10026249 -0.0996776 0.0014342375)
(0.14731253 -0.13081281 -0.023054721)
(0.15203814 -0.12990482 -0.014073257)
(0.15482595 -0.13203454 -0.0013505847)
(0.2077301 -0.15926817 -0.025213971)
(0.21459807 -0.15971485 -0.015169966)
(0.21675317 -0.15835171 -0.0061161956)
(0.2795921 -0.19075493 -0.02676481)
(0.28577038 -0.19194744 -0.01945498)
(0.28819608 -0.18985655 -0.0085351513)
(0.35950774 -0.22337698 -0.029535274)
(0.3660273 -0.22252242 -0.021735204)
(0.3696892 -0.22409899 -0.012727071)
(0.447882 -0.25701847 -0.031508113)
(0.45485904 -0.25871832 -0.024688561)
(0.45861519 -0.25802712 -0.016368073)
(0.54428926 -0.29342857 -0.033753175)
(0.55113863 -0.29410113 -0.027552755)
(0.55546036 -0.29450045 -0.019835499)
(0.64732735 -0.33094154 -0.036074284)
(0.65461305 -0.3325574 -0.030124536)
(0.65925473 -0.33297131 -0.023550192)
(0.7573387 -0.37111733 -0.037912898)
(0.7644336 -0.37202554 -0.033210186)
(0.76946182 -0.37268738 -0.026546043)
(0.87298758 -0.41170456 -0.039985147)
(0.88011788 -0.4134952 -0.035291882)
(0.88521041 -0.41477185 -0.030010535)
(0.99395936 -0.45480845 -0.041712586)
(1.0010348 -0.45666402 -0.037885326)
(1.006543 -0.45790564 -0.033112661)
(1.1196476 -0.49875224 -0.043559458)
(1.1267505 -0.50082182 -0.040156867)
(1.1323429 -0.50234169 -0.036008061)
(1.2495542 -0.54410443 -0.045142814)
(1.2565301 -0.54631754 -0.042291893)
(1.2623349 -0.54812223 -0.038797043)
(1.3830043 -0.59029213 -0.046709825)
(1.3900228 -0.59268605 -0.044361062)
(1.395895 -0.59470328 -0.041430096)
(1.519727 -0.63705386 -0.048176988)
(1.5265882 -0.63983881 -0.046275452)
(1.5326031 -0.64197711 -0.043888628)
(1.6589634 -0.68479959 -0.049425376)
(1.6658451 -0.68740527 -0.048004779)
(1.6718919 -0.68974467 -0.04618202)
(1.8005224 -0.73235535 -0.050800848)
(1.8072236 -0.73524024 -0.049717163)
(1.8133688 -0.73773258 -0.048408142)
(1.9436733 -0.78038327 -0.051993844)
(1.9503163 -0.78318157 -0.051227085)
(1.9566021 -0.78569997 -0.050454494)
(2.0882058 -0.82797093 -0.05325011)
(2.0948043 -0.83086878 -0.052866701)
(2.1010732 -0.83363295 -0.052497511)
(2.2334795 -0.87557156 -0.054495479)
(2.2399919 -0.87832876 -0.054446405)
(2.2465205 -0.88104561 -0.054290558)
(2.5195437 -0.48784998 -0.035005497)
(2.5259559 -0.49061784 -0.035108238)
(2.5323386 -0.49348901 -0.035086977)
(2.4722145 -0.63177678 -0.041640537)
(2.4790171 -0.63469736 -0.042007318)
(2.4850544 -0.63742828 -0.042239014)
(2.4265641 -0.77663271 -0.048823815)
(2.4332728 -0.77956347 -0.049082632)
(2.4395244 -0.78207519 -0.049210816)
(0.016201866 0.020067056 0.012407821)
(0.018439614 0.021459315 0.0039010614)
(0.020903334 0.022620487 -0.0039225987)
(0.035418094 0.04634521 0.011893932)
(0.037219183 0.048223701 0.0027253026)
(0.038598852 0.048125024 -0.010395631)
(0.070207336 0.071747671 0.013481681)
(0.073155232 0.073317421 0.0022753683)
(0.075859296 0.074827847 -0.0090642929)
(0.11732028 0.092174052 0.011669983)
(0.12264216 0.092821526 0.0017013536)
(0.12409563 0.093748736 -0.0095471379)
(0.17947921 0.10949897 0.010370124)
(0.18396499 0.11053212 0.0010728059)
(0.18628198 0.11256116 -0.0093439026)
(0.25128106 0.1223498 0.008734759)
(0.2568858 0.12186316 1.4212479e-05)
(0.26020284 0.12303706 -0.0099919858)
(0.33508437 0.12948519 0.0066532735)
(0.3406311 0.1300298 -0.0012293641)
(0.34386719 0.13080226 -0.01105204)
(0.42772724 0.13237528 0.0045607966)
(0.43324385 0.1325799 -0.0029562415)
(0.43734297 0.13348613 -0.011776324)
(0.52895391 0.13054287 0.0024384848)
(0.53507229 0.13054255 -0.0046867179)
(0.53929734 0.13101727 -0.012776273)
(0.63793994 0.12383906 0.0001462915)
(0.64418596 0.12351132 -0.0064592993)
(0.64864141 0.1238313 -0.013895526)
(0.75353572 0.11278291 -0.0019038027)
(0.76024334 0.1117609 -0.0085310266)
(0.76497286 0.11158857 -0.01479894)
(0.87572317 0.096475764 -0.0047158821)
(0.88190175 0.095387863 -0.0095384032)
(0.8868454 0.095389135 -0.016726594)
(1.0024512 0.076182175 -0.0068868128)
(1.0089088 0.07494137 -0.012044354)
(1.0142032 0.074827642 -0.017489213)
(1.1339805 0.05192852 -0.0092858392)
(1.1404125 0.050472627 -0.013562937)
(1.1458875 0.049655899 -0.018642693)
(1.269127 0.023863886 -0.011395924)
(1.2756402 0.022111061 -0.015347116)
(1.2811753 0.021096066 -0.019776632)
(1.4075363 -0.0076503629 -0.013658078)
(1.4139543 -0.0096549988 -0.01698803)
(1.4196818 -0.010922992 -0.020861667)
(1.5483614 -0.042343061 -0.015531086)
(1.5548375 -0.044338588 -0.018497802)
(1.5607005 -0.046020787 -0.021809725)
(1.6911697 -0.079580365 -0.017600087)
(1.6978034 -0.082035243 -0.020073268)
(1.7036635 -0.083821318 -0.022861323)
(1.8357528 -0.11934518 -0.019496263)
(1.8421644 -0.12188596 -0.02146804)
(1.8481817 -0.12390508 -0.02370431)
(1.9810948 -0.16116182 -0.02126556)
(1.9876698 -0.16368541 -0.022876305)
(1.9937154 -0.16604013 -0.024674285)
(2.1274133 -0.20451247 -0.023063338)
(2.1338138 -0.20750844 -0.024322359)
(2.1399105 -0.20979798 -0.0254398)
(2.2735773 -0.24950849 -0.024730223)
(2.2801353 -0.2521934 -0.025523677)
(2.2864282 -0.25473278 -0.026418149)
(2.420396 -0.29505743 -0.026099831)
(2.426657 -0.29803201 -0.026822678)
(2.4331171 -0.30078855 -0.027294619)
(0.0011341842 0.0078691484 -0.0103876)
(0.02164127 0.032776813 -0.012518607)
(0.055118292 0.038085012 -0.0097939508)
(0.1052174 0.049800114 -0.011974781)
(0.16599867 0.054954259 -0.012411406)
(0.2384271 0.056577065 -0.012698878)
(0.32073835 0.054755829 -0.014250979)
(0.41235762 0.048038091 -0.015330606)
(0.51251386 0.037417281 -0.01671428)
(0.61989559 0.022484521 -0.01803472)
(0.73442039 0.0036471298 -0.019707786)
(0.85438492 -0.019127162 -0.020874027)
(0.97972439 -0.045929378 -0.022596669)
(1.1097791 -0.076081676 -0.02373219)
(1.2436594 -0.10918124 -0.02524249)
(1.3808236 -0.14529427 -0.026456294)
(1.5207719 -0.18391243 -0.027673668)
(1.6629498 -0.22466025 -0.028874347)
(1.8068509 -0.26724493 -0.029956658)
(1.9520626 -0.31144721 -0.03111109)
(2.0981957 -0.35669029 -0.032165519)
(2.2446425 -0.40276838 -0.03322956)
(2.3915472 -0.44978197 -0.034210293)
(-0.0076395919 0.0054075178 0.00024757155)
(0.015280094 0.0077860731 -0.001092405)
(0.049062282 0.0034078314 -0.0019334013)
(0.098360949 0.0026647879 -0.0040488452)
(0.15584542 -0.0030515257 -0.0061824481)
(0.22689554 -0.01211139 -0.0078060551)
(0.305823 -0.023631946 -0.010046848)
(0.39509268 -0.038977041 -0.012241913)
(0.49200986 -0.057778103 -0.01459898)
(0.59676029 -0.079874499 -0.01684796)
(0.70796701 -0.1056957 -0.01915533)
(0.82543544 -0.13428124 -0.0215005)
(0.94804021 -0.16645972 -0.023576056)
(1.0756928 -0.20100592 -0.025751779)
(1.207227 -0.2383075 -0.027869523)
(1.3424156 -0.27795581 -0.029730187)
(1.4805318 -0.31942339 -0.031613402)
(1.6211906 -0.36266616 -0.0333813)
(1.7637945 -0.40727331 -0.034992672)
(1.9079479 -0.45295336 -0.036660233)
(2.0534436 -0.49927572 -0.038024386)
(2.1991586 -0.54621506 -0.039621983)
(2.3462973 -0.59380437 -0.041089837)
(-0.010314813 -0.0077120472 0.0089821931)
(0.016623956 -0.011309276 0.0056266033)
(0.048068212 -0.032970588 0.0092429134)
(0.093007965 -0.038417042 0.0026385077)
(0.15060986 -0.059619385 0.0019688351)
(0.21806354 -0.078585893 -0.0017978727)
(0.29432943 -0.09911201 -0.0048128731)
(0.38065858 -0.12425564 -0.0081079495)
(0.47441752 -0.15129346 -0.011275743)
(0.57580342 -0.18110367 -0.01446561)
(0.68411394 -0.21356513 -0.017810992)
(0.79823777 -0.24873241 -0.020732153)
(0.918258 -0.2858517 -0.023880892)
(1.0430409 -0.32562782 -0.026794376)
(1.1720419 -0.36699615 -0.029566329)
(1.3049749 -0.41019835 -0.032230646)
(1.4411104 -0.45482409 -0.034769909)
(1.5799944 -0.50057586 -0.037177477)
(1.7211614 -0.54727618 -0.039454908)
(1.8641955 -0.59452677 -0.041575528)
(2.0085378 -0.64213178 -0.043621712)
(2.1539809 -0.68996744 -0.045751178)
(2.2999449 -0.73738165 -0.04739967)
(0.0029149043 0.006681589 0.0073282847)
(0.0033498738 0.0078886494 0.0029216211)
(0.0060419553 0.007817081 -0.0023819289)
(0.02441938 0.026862153 0.0050697791)
(0.028401073 0.027704596 -0.00084450977)
(0.028449736 0.027609704 -0.0080569003)
(0.057621943 0.037074371 0.0047480963)
(0.060525541 0.036293784 -0.00055804131)
(0.062746448 0.038040918 -0.0057683123)
(0.10405222 0.046151587 0.0031340329)
(0.1100273 0.047935834 -0.0019788677)
(0.11053819 0.0473991 -0.0071864636)
(0.16374939 0.0523456 0.0015217943)
(0.16838054 0.052130774 -0.0031411614)
(0.17096362 0.05264601 -0.0073332468)
(0.23383297 0.053617788 -0.00029117341)
(0.23949471 0.05446029 -0.0042782059)
(0.24226474 0.054788059 -0.0095981364)
(0.31453726 0.051875638 -0.0018828779)
(0.32081732 0.05225123 -0.0065712127)
(0.3234995 0.052349973 -0.010267116)
(0.40469 0.046170047 -0.0043183421)
(0.41070894 0.046115426 -0.0079356979)
(0.41416609 0.046241661 -0.012091566)
(0.50325303 0.035802473 -0.0062584785)
(0.50966447 0.035833506 -0.0098867678)
(0.51355342 0.035635746 -0.013567813)
(0.60946505 0.022084607 -0.0086776768)
(0.61603609 0.02132913 -0.011946963)
(0.62004922 0.020906024 -0.01523987)
(0.72267246 0.0035962747 -0.010987676)
(0.72924891 0.0026566086 -0.013743197)
(0.73376651 0.002521841 -0.016799786)
(0.84177678 -0.018454114 -0.013103961)
(0.84862687 -0.01947511 -0.015971597)
(0.85317513 -0.02022209 -0.018778798)
(0.96637557 -0.044109479 -0.015374119)
(0.97302908 -0.045340414 -0.017895805)
(0.97803736 -0.046189859 -0.020341237)
(1.0955224 -0.07326768 -0.017507709)
(1.1023236 -0.07469478 -0.01966877)
(1.1074247 -0.07608491 -0.02202196)
(1.228743 -0.10551768 -0.019639139)
(1.2354352 -0.10740895 -0.021585668)
(1.240769 -0.10875401 -0.023552974)
(1.3652949 -0.14078034 -0.021561509)
(1.3720511 -0.14267661 -0.023308587)
(1.3775121 -0.1444234 -0.025058364)
(1.5047761 -0.17844405 -0.023655394)
(1.511342 -0.18069129 -0.024967907)
(1.5169909 -0.18262682 -0.026491393)
(1.6462729 -0.21841251 -0.025279419)
(1.6530282 -0.22094976 -0.026616135)
(1.6587485 -0.22298563 -0.027832905)
(1.789847 -0.26041367 -0.027066446)
(1.7964483 -0.26286026 -0.028102234)
(1.8022842 -0.26519174 -0.029135268)
(1.9345283 -0.30376374 -0.028803751)
(1.9411006 -0.30655899 -0.029536644)
(1.9470804 -0.30903141 -0.030426958)
(2.0803233 -0.34856917 -0.030462919)
(2.0868627 -0.35147058 -0.030971822)
(2.0929629 -0.35403 -0.031618162)
(2.2264067 -0.39434565 -0.032012923)
(2.2329066 -0.39711746 -0.032174015)
(2.2390747 -0.39978398 -0.032853908)
(2.372838 -0.44096321 -0.033402921)
(2.3792803 -0.44381975 -0.033637565)
(2.3856802 -0.44669658 -0.033824846)
(-0.0036388584 0.00088319219 -0.0015880973)
(-0.0019545357 0.0032916296 -0.0013674514)
(7.2965523e-05 0.0024819528 0.00077101504)
(0.018605049 0.002654812 -0.0048452455)
(0.022289918 0.0034620957 -0.0034476558)
(0.022323218 0.0030871468 -0.0027870998)
(0.050991831 0.00077113954 -0.0048211093)
(0.055470681 0.001201828 -0.0020018732)
(0.056110791 0.0027424042 -0.0025918121)
(0.095792486 -0.0019672664 -0.0064343289)
(0.1019464 -0.0014676094 -0.0050400515)
(0.10200162 -0.0020371256 -0.0051162441)
(0.1531971 -0.0073048703 -0.0077296304)
(0.15872673 -0.0076357239 -0.0055550633)
(0.15989915 -0.0058217985 -0.0070415618)
(0.22037946 -0.015710332 -0.0093486135)
(0.22736559 -0.015906567 -0.0080936074)
(0.2287726 -0.015326672 -0.0085771269)
(0.2987285 -0.026886477 -0.011571175)
(0.30515772 -0.027810499 -0.010070401)
(0.30738865 -0.026810491 -0.010708739)
(0.38581805 -0.041940715 -0.013359499)
(0.39271276 -0.042562138 -0.011867758)
(0.39520976 -0.041805891 -0.012881823)
(0.48129332 -0.059758911 -0.015474568)
(0.48816366 -0.060909783 -0.014539788)
(0.49162126 -0.060582072 -0.015192318)
(0.58466292 -0.081259112 -0.017648896)
(0.59195544 -0.082674668 -0.016414538)
(0.5953036 -0.082077375 -0.017398725)
(0.69501592 -0.10618991 -0.019632809)
(0.70174936 -0.10737693 -0.01892837)
(0.70603416 -0.10760781 -0.019737695)
(0.81128956 -0.13400871 -0.021763898)
(0.81852675 -0.13576927 -0.021171098)
(0.82281366 -0.13579825 -0.02182)
(0.93328968 -0.16496555 -0.023894247)
(0.94032819 -0.16668349 -0.023190811)
(0.94486587 -0.16735582 -0.02397556)
(1.0599989 -0.19869159 -0.025876587)
(1.0670288 -0.20087439 -0.02539927)
(1.0719329 -0.20169598 -0.026015726)
(1.191021 -0.23506345 -0.027773545)
(1.1979618 -0.23726604 -0.027286422)
(1.2031271 -0.23842927 -0.028086043)
(1.3256088 -0.27372967 -0.02960879)
(1.3325597 -0.27617317 -0.029355043)
(1.3378275 -0.27757006 -0.02991763)
(1.4632744 -0.31440055 -0.031332931)
(1.4700801 -0.31697915 -0.031016387)
(1.4756189 -0.31871346 -0.031688187)
(1.6034566 -0.35691427 -0.032936412)
(1.6102894 -0.35956355 -0.032843585)
(1.6159593 -0.36147635 -0.03343109)
(1.7457315 -0.40091945 -0.034427582)
(1.7525021 -0.40355077 -0.034507308)
(1.75825 -0.40569245 -0.034961374)
(1.8895928 -0.44591684 -0.035858863)
(1.8961995 -0.44858852 -0.036118395)
(1.9022676 -0.45109284 -0.036534833)
(2.0346088 -0.49188349 -0.037476968)
(2.0414398 -0.49468011 -0.037620759)
(2.0473405 -0.49719222 -0.037914715)
(2.1802624 -0.53837647 -0.038832674)
(2.1867866 -0.54106182 -0.039045451)
(2.1928972 -0.5438416 -0.039496607)
(2.3267959 -0.58532979 -0.040404835)
(2.3334981 -0.58821117 -0.040558853)
(2.339793 -0.59086486 -0.040871187)
(-0.0044602906 -0.0057762587 -0.0066247004)
(-0.0044651562 -0.0061025399 0.0012153992)
(-0.0022130959 -0.0056947069 0.0047088769)
(0.020511487 -0.019401764 -0.007942525)
(0.024656734 -0.014896329 -0.0020840693)
(0.023654045 -0.015660416 0.0029465942)
(0.048554617 -0.032028192 -0.010472288)
(0.05267005 -0.034850201 -0.0037783999)
(0.053970582 -0.033685731 0.002165426)
(0.093352835 -0.048722944 -0.012444748)
(0.09732449 -0.045701204 -0.0066647893)
(0.099407265 -0.045507007 -0.001139761)
(0.14706281 -0.064344977 -0.013907436)
(0.15240793 -0.065384606 -0.0082077909)
(0.15482643 -0.063641944 -0.0036115087)
(0.21243721 -0.083838628 -0.016541122)
(0.21745855 -0.083315088 -0.011738394)
(0.22107186 -0.082565418 -0.0068276801)
(0.28735613 -0.10545412 -0.018414251)
(0.29321074 -0.10515886 -0.013182391)
(0.2966664 -0.1042652 -0.009449484)
(0.37114133 -0.12861017 -0.020597586)
(0.37694551 -0.12910279 -0.016526458)
(0.38135089 -0.12826068 -0.012618588)
(0.4637061 -0.15540694 -0.022911474)
(0.46996341 -0.15556944 -0.018873601)
(0.47456418 -0.15495491 -0.015439438)
(0.56362876 -0.18412559 -0.025094001)
(0.56991802 -0.18469218 -0.021565405)
(0.57489612 -0.18464147 -0.018313391)
(0.67060097 -0.21541958 -0.027415046)
(0.67714832 -0.21664127 -0.024098596)
(0.68256203 -0.21638639 -0.021311649)
(0.78403448 -0.24962745 -0.029382407)
(0.79062007 -0.25063431 -0.02657063)
(0.7960643 -0.2511032 -0.024066843)
(0.90292952 -0.28569227 -0.03164295)
(0.90949588 -0.28726593 -0.029131336)
(0.91530171 -0.28785419 -0.026732839)
(1.0270094 -0.32429889 -0.033549006)
(1.0336519 -0.32588239 -0.031265942)
(1.0395926 -0.32687473 -0.029408981)
(1.1554643 -0.36469053 -0.035468767)
(1.1620618 -0.36657332 -0.033593682)
(1.1682103 -0.36787818 -0.031894452)
(1.2878326 -0.406846 -0.037225486)
(1.2944597 -0.40898844 -0.03562909)
(1.3006271 -0.41045134 -0.034222715)
(1.4234952 -0.45058718 -0.038963945)
(1.4300723 -0.45274082 -0.03758389)
(1.4364258 -0.4546117 -0.036483748)
(1.5619747 -0.4953367 -0.040581211)
(1.568618 -0.49799118 -0.039499628)
(1.5749637 -0.49987761 -0.038592196)
(1.7028548 -0.54141007 -0.042021499)
(1.709377 -0.54386561 -0.041223046)
(1.7157806 -0.54606746 -0.04056502)
(1.8453686 -0.58783512 -0.043504214)
(1.8521531 -0.5906533 -0.042973024)
(1.8585019 -0.59301797 -0.042425122)
(1.9895395 -0.63486422 -0.04491504)
(1.9961746 -0.63779274 -0.044509619)
(2.0024887 -0.64021854 -0.044189564)
(2.1347318 -0.68227794 -0.046119248)
(2.1413147 -0.68520665 -0.046035092)
(2.1478228 -0.6876729 -0.045899853)
(2.2805153 -0.72956268 -0.04750735)
(2.2870917 -0.73228598 -0.047521022)
(2.2934806 -0.73511723 -0.047718506)
)
;

boundaryField
{
    free
    {
        type            calculated;
    }
    bottom
    {
        type            calculated;
    }
    traction
    {
        type            calculated;
    }
}


// ************************************************************************* //
