/*--------------------------------*- C++ -*----------------------------------*\
  =========                 |
  \\      /  F ield         | OpenFOAM: The Open Source CFD Toolbox
   \\    /   O peration     | Website:  https://openfoam.org
    \\  /    A nd           | Version:  6
     \\/     M anipulation  |
\*---------------------------------------------------------------------------*/
FoamFile
{
    version     2.0;
    format      ascii;
    class       pointScalarField;
    location    "1.3001973";
    object      p;
}
// * * * * * * * * * * * * * * * * * * * * * * * * * * * * * * * * * * * * * //

dimensions      [1 -1 -2 0 0 0 0];

internalField   nonuniform List<scalar> 
625
(
685555.78
-1057693.3
10062.595
13705.052
1328442.3
-2098016.1
10323.837
-729.09247
540304.05
-60026.37
-66124.424
-14290.282
3599.9536
7172.2064
303611.31
315818.11
333198.68
320013.5
294574.38
294366.03
267937.58
254694.81
246675.78
227355.98
213724.95
192416.81
179080.99
162246.46
145463.57
130453.94
115282.49
96571.378
82263.826
67672.426
51238.894
36409.468
24979.552
-361307.51
-288821.29
-323833.43
-267634
-256063.3
-251471.57
-215526.02
-211136.15
-194140.2
-176506.51
-166615.47
-146345.92
-136791.84
-120077.26
-109165.38
-95183.654
-81864.286
-70961.421
-57978.17
-48593.947
-38587.783
-21563.261
-9772.7062
712198.26
-133590.83
-215430.31
-387893.52
-463862.19
-345790.9
-318862.72
-376652.98
-280660.37
-324331.75
-286855.35
-259161.04
-245592.64
-226723.45
-207334.62
-190729.91
-169354.99
-150749.83
-134130.03
-112625.48
-96554.048
-78938.846
-59024.881
-41122.262
-27266.613
-7165.8344
12786.559
-118.57616
-3931.2557
24920.805
30569.756
47992.129
60095.787
78230.228
93487.171
109786.21
126566.18
139622.28
160213.51
177883.6
200033.01
206318.41
229106.97
241951.33
263629.48
281655.38
283785.01
345759.14
299074.15
392281.91
335448.31
363231.41
739576.64
734215.56
688103.23
-934010.5
-1289038.2
-1324674.4
18671.318
18093.727
19586.123
-3972.7348
4008.0745
-2472.8329
169853.53
211501.42
204638.08
189788.9
182654.68
176561.91
164812.21
158102.68
148048.46
134819.33
124263.45
118904.67
109212
97901.681
89882.449
77814.528
69312.943
59247.73
46017.216
36310.733
25467.308
15710.158
14920.175
-58697.049
-35010.921
-46128.843
-13953.811
-27409.414
-11371.776
-15789.585
-11607.06
-6485.9143
-5448.4884
-3923.6435
-1710.8615
-2490.9649
-281.39569
1077.7309
726.47513
6043.0402
2666.6151
6279.5138
9247.0669
7670.3854
8367.4902
5765.6892
-257303.73
-169895.86
-199363.75
-149324.17
-180915.7
-143878.53
-150897.74
-129300.55
-117406.79
-110849.56
-98726.708
-92385.433
-82046.033
-72494.654
-63610.222
-54188.543
-45236.165
-40112.605
-27357.58
-24012.499
-14457.453
-11175.107
394.49117
421905.1
444641.9
508147.84
-16142.956
-21955.578
-100434.44
-214066.05
-103890.48
-75143.845
-577060.56
-579912.34
-569167.98
-415583.86
-424463.36
-456352.21
-355930.55
-354037.08
-383445.26
-304260.1
-299773.72
-317500.33
-291223.71
-297500.81
-319402.04
-266629.03
-262225.8
-274354.49
-256090.44
-256508.82
-256360.32
-235898.47
-230649.27
-248119.03
-219439.18
-218986.31
-231743.3
-200663.82
-199941.41
-213622.25
-181971.17
-185297.22
-198846.67
-171552.57
-168075.69
-178973
-152221.36
-154953.66
-165087.63
-140593.86
-136908.69
-149999.7
-122317.87
-121735.44
-132272.77
-108028.12
-106780.68
-116329.69
-92645.485
-91481.408
-98932.799
-75331.395
-76527.498
-82075.449
-62130.166
-62202.906
-67206.759
-47929.071
-48413.745
-51124.976
-31971.039
-32504.177
-33690.023
-20390.779
-21044.7
-23726.945
-10647.53
-7297.5775
-7929.8232
-14958.894
-18207.65
-18105.465
7506.8756
2774.4229
3612.3429
11900.227
13974.249
13672.685
382748.06
369705.39
403988.31
400491.22
321131.23
369386.44
380064.14
340968.35
367561.45
347778.98
305209.46
333560.91
336908.01
306215.56
313280.03
313767.89
277190.95
292835.64
300050.72
266759.45
275027.97
279479.06
245428.26
258005.92
264340.94
232640.23
240145.82
238508.48
216857.36
222707.33
222562.55
203195.99
206416.19
210251.97
186679.47
180037.76
189358.71
168800.36
169479.01
173953.97
154003.96
157143.35
155251.18
138709.64
139626.01
138313.94
122793.2
122990
116479.52
106645.79
108248.01
100459.97
93140.204
91805.151
82794.289
77237.614
75667.332
64945.615
60759.978
60518.895
47535.705
47279.372
45728.334
33941.908
35308.339
31321.972
26436.551
29460.945
28176.345
166344.58
221071.48
176475.54
198778.27
184801.82
172116.72
170925.83
152152.78
145095.43
130555.79
121552.41
112347.68
107764.06
91835.234
85050.853
75800.69
64894.484
56724.887
47246.432
39824.461
28429.359
22839.27
13551.44
-53250.396
7153.3037
4657.876
12515.957
28716.873
17365.729
17621.774
20148.235
14800.817
17418.244
14145.598
17692.865
11758.661
12880.54
15518.922
12421.83
13182.967
13907.523
12440.364
11308.656
10812.312
9528.4857
9841.3563
-175386.38
-129711.15
-215416.66
-174172.19
-180746.56
-189545.07
-164209.92
-160992.68
-150075.05
-140258.27
-128689.56
-121943.51
-110310.88
-98943.011
-88244.795
-78088.29
-67679.352
-55886.461
-45847.64
-37468.536
-25564.284
-12988.215
-11187.907
263577.02
291589.16
256022.09
207634.64
267466.86
230775.3
176897.56
194606.37
204262.81
166411.42
201000.45
173245.83
170947.21
166840.1
169469.79
159721.97
167497.25
163497.79
140668.03
152484.28
147899.76
146126.87
147647.35
141543.6
124182.73
137334.09
128113.32
126414.7
126134.48
124176.13
117030.62
123377.71
108516.69
105982.36
102347.62
104406.54
96900.738
99630.978
96349.216
88681.074
91415.905
85654.444
79945.583
80272.207
75055.962
70928.507
70890.877
69822.846
61449.93
63272.675
59861.056
56863.833
52492.787
51829.929
43584.786
42902.857
42496.322
37796.567
36509.891
34888.347
26179.395
26307.238
25760.487
20799.196
18112.041
16588.459
-40.348665
6725.6483
6761.1627
-52253.07
-79884.397
-39214.896
-1218.8705
734.85115
-16860.433
4058.5933
-11613.541
-16689.24
-2944.9864
1798.0581
-22871.015
17249.098
6823.8629
-3944.4534
-219.62121
8093.3099
-10677.436
18884.889
14421.229
-6477.872
9904.4554
11659.854
-8256.8714
15708.705
11883.467
-4161.3799
14782.632
18352.907
-5446.1011
19296.455
9974.6518
-5975.0884
16434.035
12420.015
-811.93217
15830.171
16074.497
-490.6859
17567.447
14705.617
-484.24346
14684.256
15327.952
-13.155258
16364.363
15016.893
3451.4349
12207.623
16421.642
2320.6846
12982.837
14071.127
2265.6678
10695.018
12214.275
6447.4549
8773.3476
12882.28
6436.4163
9021.7449
9964.6488
7425.4589
9564.1397
11500.063
6445.9254
10507.478
9987.3611
8531.636
-212145.74
-271855.72
-229971.95
-181941.9
-153870.89
-184589.91
-163979.63
-234528.41
-203136.18
-202478.19
-172038.57
-210574.87
-160737.89
-194519.02
-185210.32
-151873.78
-171372.47
-185779.55
-143886.02
-164531.98
-177855.95
-128666.72
-161635.59
-161500.25
-124556.37
-138781.02
-154092.34
-113751.88
-137980.3
-143803.84
-103246.71
-122034.4
-131285.55
-93310.068
-113320.67
-119581.15
-81068.491
-105389.78
-107965.21
-74397.681
-93269.335
-98417.445
-64447.826
-84066.736
-87237.839
-57585.68
-72672.57
-76472.121
-48110.424
-63344.266
-66231.527
-39195.301
-52736.906
-55472.787
-32045.759
-42846.364
-42739.122
-24380.348
-32080.364
-33353.052
-20370.108
-24195.505
-26287.908
-5480.0916
-12050.931
-11174.936
-3700.9232
-8418.1823
-6220.6852
)
;

boundaryField
{
    free
    {
        type            calculated;
    }
    bottom
    {
        type            calculated;
    }
    traction
    {
        type            calculated;
    }
}


// ************************************************************************* //
