/*--------------------------------*- C++ -*----------------------------------*\
  =========                 |
  \\      /  F ield         | OpenFOAM: The Open Source CFD Toolbox
   \\    /   O peration     | Website:  https://openfoam.org
    \\  /    A nd           | Version:  6
     \\/     M anipulation  |
\*---------------------------------------------------------------------------*/
FoamFile
{
    version     2.0;
    format      ascii;
    class       pointVectorField;
    location    "1.3001973";
    object      u;
}
// * * * * * * * * * * * * * * * * * * * * * * * * * * * * * * * * * * * * * //

dimensions      [0 1 0 0 0 0 0];

internalField   nonuniform List<vector> 
625
(
(0 0 0)
(0 0 0)
(1.8752524 -0.10253744 0.075301934)
(1.7707016 -0.54592745 0.042572282)
(0 0 0)
(0 0 0)
(1.7930289 -0.57512087 0.04081515)
(1.8973139 -0.13221355 0.074280628)
(0 0 0)
(0 0 0)
(0 0 0)
(1.848502 -0.21408366 0.066153488)
(1.8222185 -0.32374748 0.05888856)
(1.7967382 -0.43385809 0.050510909)
(0.0037567099 0.016583192 0.016921239)
(0.015631989 0.035879613 0.017340289)
(0.039136386 0.053059307 0.019601743)
(0.071918956 0.069870073 0.019807568)
(0.11324495 0.083370767 0.020758059)
(0.16377761 0.096039078 0.021693064)
(0.22104221 0.104858 0.022941996)
(0.28584936 0.11204789 0.024399265)
(0.3571143 0.11601246 0.026502715)
(0.43426672 0.11737707 0.028332326)
(0.51687115 0.1163192 0.030948022)
(0.60446535 0.11222543 0.033374757)
(0.6965394 0.10581962 0.036333415)
(0.79251956 0.096736474 0.03938961)
(0.89202436 0.085296411 0.042708197)
(0.99468842 0.071470437 0.046020865)
(1.099744 0.055746467 0.049712634)
(1.2072124 0.037678534 0.053296048)
(1.3164383 0.017690945 0.056910482)
(1.4267981 -0.0036487684 0.060701776)
(1.5383844 -0.026759941 0.064390457)
(1.6503799 -0.050553656 0.068104409)
(1.7623883 -0.076068338 0.072125656)
(-0.0036094412 -0.015195663 -0.021120493)
(0.011158759 -0.030190622 -0.018094405)
(0.029325241 -0.048763317 -0.022135172)
(0.060032958 -0.067005328 -0.01970794)
(0.095316932 -0.083368001 -0.020131025)
(0.14120955 -0.10358119 -0.018826515)
(0.19144621 -0.12081669 -0.018106018)
(0.2505893 -0.14122972 -0.016063858)
(0.31462332 -0.16154227 -0.014940567)
(0.38518305 -0.18222699 -0.012519564)
(0.46111526 -0.20482323 -0.010289973)
(0.54211838 -0.22741662 -0.0074181398)
(0.62784282 -0.25148415 -0.0044510366)
(0.7178083 -0.27609509 -0.0010954301)
(0.81179279 -0.3015989 0.0024767818)
(0.90919202 -0.327731 0.0063293829)
(1.0099391 -0.35456349 0.01043663)
(1.1130471 -0.38176506 0.014500078)
(1.2191124 -0.40921435 0.019124232)
(1.326609 -0.43683206 0.023518651)
(1.4361473 -0.46456233 0.028320185)
(1.5467217 -0.49197142 0.032892594)
(1.6582816 -0.51905843 0.037471531)
(0 0 0)
(0 0 0)
(0 0 0)
(0.0034650013 -0.0092559533 0.013785282)
(0.016430522 -0.039073184 0.015400097)
(0.038977525 -0.048721882 0.011934535)
(0.068682231 -0.069897485 0.0094507365)
(0.10922155 -0.09247537 0.0098452451)
(0.15409582 -0.10820512 0.0066329343)
(0.2071318 -0.13236998 0.0079023636)
(0.26663331 -0.15204405 0.0065066804)
(0.33200812 -0.17489854 0.0068629418)
(0.40335884 -0.19784742 0.007259223)
(0.48001627 -0.22200411 0.0078708418)
(0.56156559 -0.24661598 0.0092535473)
(0.64777025 -0.27233858 0.010474873)
(0.73828604 -0.29863887 0.012221294)
(0.83245899 -0.32544569 0.014271653)
(0.93023235 -0.35307697 0.016542383)
(1.0310904 -0.38079726 0.019023238)
(1.1346669 -0.40897141 0.021733467)
(1.2405881 -0.43726207 0.024678342)
(1.3485489 -0.46540783 0.02767658)
(1.4580217 -0.49359341 0.030883181)
(1.5689449 -0.52113776 0.034207811)
(1.680337 -0.5485859 0.037676455)
(1.8191885 -0.46331739 0.049197569)
(1.8441305 -0.35326323 0.057902936)
(1.8703868 -0.24418741 0.066710747)
(1.7846344 -0.10557705 0.069104639)
(1.6718584 -0.080009412 0.064306258)
(1.5597581 -0.055832339 0.059402562)
(1.4477217 -0.031957772 0.054176079)
(1.3368103 -0.009769224 0.049079908)
(1.2272006 0.010999468 0.043877319)
(1.1193554 0.030098889 0.038874283)
(1.0136196 0.047340969 0.033813472)
(0.91050993 0.062463271 0.029027967)
(0.81042796 0.075616417 0.02428919)
(0.71376531 0.086108795 0.019826764)
(0.62096385 0.094688206 0.015164183)
(0.53280035 0.10014467 0.011628342)
(0.44931828 0.10328108 0.0076549685)
(0.37115743 0.10377024 0.0040472608)
(0.29895884 0.10141572 0.00081971641)
(0.23308006 0.096784997 -0.0025371302)
(0.17401386 0.088716302 -0.0047553549)
(0.12344771 0.078775735 -0.0078881606)
(0.079302671 0.065279558 -0.0092761169)
(0.04546361 0.051530618 -0.012574986)
(0.019358118 0.033746342 -0.013288051)
(0.010211312 0.016674939 -0.010625226)
(0 0 0)
(0 0 0)
(0 0 0)
(0 0 0)
(0 0 0)
(0 0 0)
(1.7760967 -0.55355828 0.041723939)
(1.7818233 -0.561071 0.041860157)
(1.7871178 -0.56837752 0.041258663)
(1.8813436 -0.10960021 0.075031283)
(1.88682 -0.11710609 0.07465324)
(1.89248 -0.12428718 0.074398489)
(-0.0042432907 0.010119558 0.011569969)
(0.0088628713 0.020108092 0.0090068282)
(0.031098571 0.028996441 0.010428213)
(0.063039122 0.037050223 0.010378468)
(0.10374523 0.043177607 0.011193753)
(0.15282826 0.04780305 0.01198034)
(0.20912542 0.049874304 0.013287657)
(0.27270582 0.050241224 0.014764723)
(0.34249571 0.048090543 0.016443708)
(0.41817406 0.043916722 0.018532005)
(0.49942239 0.037494235 0.020886368)
(0.58578685 0.028515651 0.023483302)
(0.67650553 0.017703893 0.026365679)
(0.77126233 0.0044956498 0.029415175)
(0.86966124 -0.010565959 0.032768739)
(0.97121654 -0.027601459 0.036135382)
(1.0754609 -0.046446395 0.039898948)
(1.1821108 -0.066815731 0.043523952)
(1.2907945 -0.088859669 0.0473358)
(1.400658 -0.11200647 0.051316526)
(1.5120016 -0.13633317 0.05509678)
(1.6237185 -0.16129467 0.059034936)
(1.7360347 -0.18779131 0.063017979)
(-0.0082151624 0.0020665005 -0.00030029843)
(0.0065931671 0.0018961523 -0.0017553362)
(0.027163596 0.0031560314 -0.00033526792)
(0.058176428 0.0030986855 -0.00035856883)
(0.098203691 0.00044884061 0.00074158681)
(0.14568596 -0.0020243064 0.0016135151)
(0.20058073 -0.0069019742 0.0028297967)
(0.26260323 -0.013212126 0.0043088896)
(0.3306156 -0.021074478 0.006074315)
(0.405139 -0.031206617 0.008424923)
(0.48451666 -0.0426333 0.010442485)
(0.56937618 -0.056309502 0.013393882)
(0.65846624 -0.071533348 0.016231726)
(0.7519342 -0.088408909 0.019435281)
(0.84895655 -0.10706338 0.02290261)
(0.94937348 -0.1270054 0.026364429)
(1.0526178 -0.14864618 0.030414142)
(1.1583243 -0.17109723 0.03400765)
(1.2660187 -0.1949742 0.038268026)
(1.3753293 -0.21961256 0.042354323)
(1.4862327 -0.24514067 0.046356025)
(1.597796 -0.27116698 0.050642379)
(1.7104502 -0.29758885 0.054631323)
(-0.0089858317 -0.0069734644 -0.0087716727)
(0.0060179928 -0.013804453 -0.0082444986)
(0.024871168 -0.020720754 -0.0097884989)
(0.056488899 -0.029578787 -0.0091326005)
(0.094502807 -0.040190768 -0.0087743419)
(0.14046043 -0.049420438 -0.0082044054)
(0.19447915 -0.062415044 -0.0068452528)
(0.25425797 -0.074529582 -0.0056344903)
(0.32121904 -0.089134388 -0.0036413934)
(0.39343889 -0.10476581 -0.001809614)
(0.47155555 -0.12132362 0.00056163902)
(0.55467803 -0.14002971 0.0033454589)
(0.64222214 -0.15934196 0.0061314147)
(0.73419428 -0.18038163 0.0094547065)
(0.82974671 -0.20242037 0.012869527)
(0.92893556 -0.22564663 0.016562616)
(1.0308377 -0.24984444 0.020483563)
(1.1356201 -0.27479938 0.024398451)
(1.2424865 -0.30061823 0.028719314)
(1.351384 -0.32687887 0.032804748)
(1.461595 -0.35372161 0.037191523)
(1.5727822 -0.38044548 0.041575912)
(1.6847432 -0.40738259 0.045987677)
(0 0 0)
(0 0 0)
(0 0 0)
(0 0 0)
(0 0 0)
(0 0 0)
(0 0 0)
(0 0 0)
(0 0 0)
(0.0051112919 -0.0054272719 -0.0091679123)
(0.007440711 -0.0078557551 -0.003632147)
(0.0074780203 -0.0066129256 0.0040236769)
(0.020429893 -0.034867365 -0.011044115)
(0.021942201 -0.036404759 -0.0037501924)
(0.023230837 -0.036407085 0.0064666148)
(0.038805666 -0.048815175 -0.013284003)
(0.043056305 -0.048203229 -0.0049892383)
(0.044401669 -0.051679911 0.0048314087)
(0.068268686 -0.068356369 -0.011703364)
(0.0721246 -0.070746696 -0.0051426175)
(0.072198148 -0.070118448 0.0028280774)
(0.10551813 -0.087485977 -0.012665715)
(0.10929602 -0.088485496 -0.006599496)
(0.11201778 -0.092898351 0.002518276)
(0.14899641 -0.10524792 -0.0124187)
(0.15429418 -0.10811213 -0.0054926164)
(0.15611607 -0.10913332 0.00092493842)
(0.20121307 -0.12567645 -0.011200298)
(0.2059497 -0.12915863 -0.0060889722)
(0.2079623 -0.13045794 0.0018327715)
(0.25896942 -0.14542094 -0.010712287)
(0.26397602 -0.14732146 -0.0053643223)
(0.26719259 -0.1521846 0.0011916977)
(0.32340825 -0.16600795 -0.0092282009)
(0.32886818 -0.17088067 -0.0043779351)
(0.33187195 -0.17353659 0.0017868058)
(0.39380042 -0.18801606 -0.007588206)
(0.39909362 -0.19160188 -0.0032408844)
(0.40266666 -0.19598844 0.0026185347)
(0.4692897 -0.2102302 -0.005824816)
(0.47508283 -0.21548914 -0.0014335424)
(0.47877679 -0.21972163 0.0035465776)
(0.55035132 -0.23421328 -0.0032868661)
(0.55590001 -0.23872863 0.00011047056)
(0.55996962 -0.24367681 0.0053355825)
(0.63575508 -0.25785915 -0.00077958622)
(0.64146799 -0.26344683 0.0027637829)
(0.6455435 -0.26898963 0.0069168602)
(0.72560354 -0.28329207 0.0023036462)
(0.73123185 -0.28910997 0.0051658119)
(0.73570921 -0.29474868 0.0090198358)
(0.81924122 -0.30887751 0.0053981743)
(0.82501136 -0.31500879 0.0080348432)
(0.82952965 -0.32102252 0.011489778)
(0.91650326 -0.33535527 0.0089175786)
(0.92218146 -0.34178077 0.011172207)
(0.92691052 -0.34816073 0.014096477)
(1.0168074 -0.3622366 0.012587184)
(1.0225821 -0.36894131 0.014455534)
(1.0274085 -0.3755549 0.017002934)
(1.1199513 -0.38936885 0.016372148)
(1.1256896 -0.39648418 0.017969101)
(1.1306398 -0.40325428 0.020066821)
(1.2254346 -0.41716284 0.020529402)
(1.2312088 -0.42419514 0.021752275)
(1.2362554 -0.43119759 0.02337724)
(1.3330158 -0.44459828 0.024586598)
(1.3387268 -0.4519736 0.025556795)
(1.3438555 -0.45910153 0.026737158)
(1.442157 -0.47240497 0.028900971)
(1.4478316 -0.47970109 0.029613317)
(1.4531183 -0.48684591 0.030277646)
(1.5526096 -0.49966862 0.033188074)
(1.5583084 -0.50710091 0.033523294)
(1.5636327 -0.51448473 0.033838343)
(1.6639043 -0.5269122 0.037504041)
(1.6694955 -0.53423092 0.037528979)
(1.6750743 -0.54152132 0.037636866)
(1.8546499 -0.22135347 0.066624253)
(1.8601503 -0.22868641 0.066479295)
(1.865635 -0.23615123 0.066472578)
(1.8275979 -0.33120991 0.058691908)
(1.8335063 -0.33863333 0.058261191)
(1.8385916 -0.34599985 0.057990176)
(1.8023876 -0.44166162 0.050136073)
(1.808203 -0.4491136 0.049842299)
(1.8134755 -0.45622757 0.049696355)
(0.011459182 0.014221039 0.0090642797)
(0.012803769 0.014855633 0.0028414372)
(0.014257019 0.01542139 -0.0028264604)
(0.024126658 0.033075455 0.0088371197)
(0.024908328 0.033948964 0.0025095373)
(0.025575285 0.033390044 -0.0069801019)
(0.047835869 0.051615014 0.011597153)
(0.049513969 0.051909217 0.0034394008)
(0.051240672 0.05220171 -0.0046293925)
(0.079598065 0.067276232 0.01167838)
(0.08320994 0.066618132 0.0045588943)
(0.083890765 0.066016744 -0.0035444647)
(0.12234018 0.08144266 0.012944038)
(0.12510509 0.080674511 0.0062660805)
(0.12645583 0.080720161 -0.0011696818)
(0.17141773 0.093160866 0.014332371)
(0.175282 0.091040611 0.0081211586)
(0.17757797 0.089910931 0.00085218975)
(0.22967631 0.10159919 0.015885333)
(0.23339102 0.099664617 0.010105135)
(0.23546183 0.098277112 0.0029398484)
(0.29410778 0.10793472 0.017743081)
(0.2978287 0.10563288 0.012325762)
(0.30074224 0.10384114 0.0057891756)
(0.3651531 0.11156593 0.020103666)
(0.36949968 0.10876834 0.014737675)
(0.37242353 0.10634529 0.0087478705)
(0.44220887 0.11259635 0.022510937)
(0.44669291 0.1093236 0.017612593)
(0.44983213 0.10653546 0.011982035)
(0.52454512 0.11114824 0.025559878)
(0.52946943 0.10707058 0.020367148)
(0.53290968 0.10346965 0.015686239)
(0.6123849 0.10659834 0.028215253)
(0.61696392 0.10197713 0.024509871)
(0.62056606 0.098531519 0.018801525)
(0.70404761 0.099638518 0.031580065)
(0.70890064 0.094813537 0.027441584)
(0.71283853 0.090994385 0.023160595)
(0.79999776 0.090361524 0.034957077)
(0.8049304 0.085163978 0.031497938)
(0.80912347 0.0804956 0.027399818)
(0.89930789 0.078588077 0.038744203)
(0.90440636 0.072909888 0.03543757)
(0.90869719 0.067914425 0.031774467)
(1.0017836 0.06460685 0.042415775)
(1.0068886 0.058500432 0.039566357)
(1.0113908 0.053175593 0.036300693)
(1.106755 0.048285501 0.046564242)
(1.1119783 0.04219059 0.043973965)
(1.1166865 0.036316649 0.04107221)
(1.2138629 0.030337291 0.050545865)
(1.2193373 0.023651043 0.04822177)
(1.2240906 0.017565372 0.045752937)
(1.3229833 0.0104225 0.054608249)
(1.3283296 0.003519293 0.052744058)
(1.3332799 -0.0028461576 0.05068603)
(1.433181 -0.011140766 0.058768784)
(1.4387255 -0.018021098 0.05717659)
(1.4437669 -0.024818881 0.055473878)
(1.544674 -0.033942463 0.062848733)
(1.5501484 -0.041423031 0.061569148)
(1.5552578 -0.048212033 0.060461731)
(1.6563303 -0.058355104 0.066945284)
(1.6619418 -0.065512049 0.066093622)
(1.6672698 -0.072570326 0.06516907)
(1.7688756 -0.083174042 0.071335308)
(1.7742343 -0.090691382 0.070549159)
(1.7797882 -0.097992306 0.070023674)
(0.00028280545 0.0051673142 -0.0067856115)
(0.013698985 0.021833813 -0.0079739777)
(0.037013873 0.02439813 -0.0047382087)
(0.0713609 0.03317883 -0.0049140994)
(0.11346043 0.037196247 -0.0033373082)
(0.16399943 0.039751544 -0.0011531578)
(0.22146985 0.040729988 0.00045754256)
(0.2859344 0.038794172 0.002748305)
(0.35694008 0.034977871 0.0052895728)
(0.43348117 0.028759734 0.0080692139)
(0.51575701 0.02051438 0.010998411)
(0.60248639 0.010053922 0.014527198)
(0.69380613 -0.0028259252 0.017824977)
(0.78921747 -0.017642779 0.021881335)
(0.88818601 -0.034170586 0.02573992)
(0.99016976 -0.052564191 0.02994356)
(1.0949442 -0.072676481 0.034321893)
(1.2020215 -0.094126288 0.038706459)
(1.3109304 -0.11690236 0.043296255)
(1.4213906 -0.1408925 0.047794679)
(1.5329756 -0.16570078 0.05241005)
(1.6450594 -0.19119035 0.057003218)
(1.7578978 -0.21763607 0.06166438)
(-0.0056264276 0.0031235538 0.0003338854)
(0.010432705 0.0038904292 2.2382814e-05)
(0.034127788 -0.00039655818 0.00047189467)
(0.068219801 -0.00033155685 0.00017058985)
(0.10859951 -0.0043330528 0.00047658076)
(0.15845266 -0.0094115161 0.0017377385)
(0.21402844 -0.015728313 0.0024791568)
(0.2774907 -0.02389978 0.004055694)
(0.34660214 -0.034141202 0.0056482608)
(0.42185555 -0.045538806 0.0075964259)
(0.50213778 -0.059560032 0.010050125)
(0.58761735 -0.074457359 0.012399938)
(0.67727905 -0.091790056 0.015426774)
(0.77134077 -0.11024824 0.018543924)
(0.86886109 -0.13019963 0.021720806)
(0.96962635 -0.15181586 0.025395143)
(1.0732678 -0.17435179 0.029086248)
(1.1793294 -0.19807383 0.032909761)
(1.2874008 -0.22275703 0.036967073)
(1.39709 -0.24814417 0.040936437)
(1.5082903 -0.27396894 0.0452549)
(1.6197934 -0.30033166 0.049276631)
(1.7329943 -0.32730119 0.053475856)
(-0.0069319896 -0.005956263 0.006750487)
(0.012415927 -0.0093815091 0.0047780139)
(0.034471514 -0.025912614 0.0081647494)
(0.065649429 -0.028543113 0.0047084684)
(0.10677732 -0.04424374 0.0061194857)
(0.15437253 -0.056109798 0.0053681854)
(0.2087821 -0.06873086 0.0057901683)
(0.27070762 -0.08465941 0.0063097037)
(0.33819848 -0.10055911 0.0070892193)
(0.41147264 -0.1183426 0.0084504416)
(0.49038028 -0.13715859 0.0097349218)
(0.57383931 -0.15757997 0.011692205)
(0.66212948 -0.17883382 0.013758615)
(0.75451016 -0.20166737 0.016069597)
(0.85039693 -0.22522686 0.018751929)
(0.94985721 -0.24992209 0.021615612)
(1.0522029 -0.27537741 0.024669608)
(1.157091 -0.30146792 0.027874278)
(1.2641989 -0.32820013 0.031272294)
(1.3731395 -0.35514844 0.034810651)
(1.4834212 -0.38235015 0.038411743)
(1.5948546 -0.40965392 0.041900274)
(1.7068954 -0.43659222 0.045888895)
(0.0021244167 0.0048793368 0.0055742989)
(0.0021211535 0.0054261024 0.0022139602)
(0.0039152558 0.0053914326 -0.0014248329)
(0.016353237 0.019604284 0.0043274317)
(0.019000319 0.019800769 5.701905e-05)
(0.018751225 0.018958551 -0.0051365342)
(0.039344492 0.027334474 0.0055752964)
(0.04105874 0.025720564 0.0016047747)
(0.042627871 0.026125305 -0.0021064977)
(0.07108073 0.034996799 0.0055976176)
(0.075247554 0.03532167 0.001922383)
(0.075408793 0.033192637 -0.0017472538)
(0.11247585 0.041150297 0.0066005862)
(0.11545852 0.039321689 0.0031216249)
(0.1172933 0.037940264 0.00025653144)
(0.16105643 0.044493375 0.0075716963)
(0.16495427 0.043375378 0.0047429642)
(0.16694983 0.041242894 0.0007104244)
(0.21752108 0.046332848 0.0093344027)
(0.22195291 0.044466792 0.0057565108)
(0.22379404 0.042096382 0.0032868741)
(0.2808398 0.04640313 0.010654579)
(0.2850216 0.043933725 0.0080003644)
(0.28753827 0.04100593 0.0048632166)
(0.35060849 0.043553152 0.012921754)
(0.35523686 0.040801857 0.010195415)
(0.35805481 0.037479604 0.0075062598)
(0.42618448 0.039259991 0.014951765)
(0.43098266 0.03557745 0.012423602)
(0.43390032 0.031658357 0.0099885035)
(0.5074528 0.031935858 0.01754065)
(0.51233067 0.027796171 0.015460407)
(0.51563148 0.023989828 0.013138835)
(0.59338329 0.022708128 0.020434153)
(0.59853809 0.018265358 0.018165147)
(0.60193884 0.013660638 0.01602926)
(0.68405021 0.011447151 0.023503568)
(0.68911546 0.006693773 0.021484842)
(0.69290618 0.0018418751 0.019556374)
(0.7785764 -0.002031406 0.026868013)
(0.78385555 -0.0071549294 0.025100487)
(0.78775868 -0.012771946 0.023200434)
(0.87682264 -0.017342448 0.030324284)
(0.88210001 -0.023167703 0.028696505)
(0.88622032 -0.028793167 0.027091301)
(0.97815579 -0.03473648 0.034135875)
(0.98357467 -0.040626241 0.032632231)
(0.98788193 -0.046752186 0.031153519)
(1.0823474 -0.053656963 0.03782525)
(1.0876888 -0.060022257 0.036690124)
(1.0921789 -0.066441224 0.035337327)
(1.1886263 -0.074230133 0.042008734)
(1.1942274 -0.080976189 0.040761313)
(1.1988288 -0.087555673 0.039673931)
(1.2970886 -0.096285037 0.046008341)
(1.3026004 -0.1030721 0.045047116)
(1.3073913 -0.10996552 0.044098677)
(1.4068449 -0.11940459 0.050087659)
(1.412433 -0.1265737 0.049371975)
(1.4173647 -0.13367246 0.048493447)
(1.5179924 -0.14373958 0.054189363)
(1.5235887 -0.15109728 0.053660928)
(1.5287026 -0.15830088 0.052999289)
(1.6296479 -0.16896223 0.058336905)
(1.6352111 -0.17623609 0.058168831)
(1.6404062 -0.18349166 0.05743447)
(1.7418972 -0.19500853 0.062641812)
(1.7474026 -0.20241661 0.062342475)
(1.752929 -0.20988092 0.062117872)
(-0.0027696688 0.0007568681 -0.00093725188)
(-0.0016197713 0.0023422497 -0.00099770324)
(-0.00021040027 0.0014657058 0.00035365629)
(0.012719698 0.0025863156 -0.0029886704)
(0.015129479 0.0026001272 -0.0020834835)
(0.015274277 0.0015779031 -0.0016182998)
(0.035272451 0.0015161997 -0.0014522116)
(0.038600436 0.00090377785 0.00044052471)
(0.038945905 0.00092003599 -0.0001548218)
(0.066190124 0.00098386541 -0.0016620886)
(0.070568841 5.6160591e-05 -0.00079367091)
(0.070569095 -0.0022454674 -0.0010142629)
(0.10652762 -0.0012813228 -0.00051089561)
(0.11053954 -0.0033248835 0.00094483509)
(0.11125633 -0.0036157971 -0.00040396387)
(0.1534535 -0.0048460384 0.00045556738)
(0.15864247 -0.0069183751 0.0012542062)
(0.15970805 -0.0090932384 0.00083831978)
(0.20885532 -0.0097945878 0.0013485969)
(0.21367647 -0.013097363 0.0023177168)
(0.21509341 -0.014932716 0.0017213576)
(0.27062206 -0.01698142 0.0031614016)
(0.27574893 -0.020006129 0.0043378036)
(0.2774974 -0.022452525 0.0033464108)
(0.33860907 -0.025239108 0.0048868356)
(0.34382787 -0.029363179 0.0054030379)
(0.34635513 -0.03246015 0.0048737848)
(0.41286998 -0.035855401 0.0070360212)
(0.41849846 -0.040135749 0.0080186574)
(0.42079433 -0.043158979 0.0070307289)
(0.49249936 -0.048072229 0.0095533515)
(0.49759298 -0.052546944 0.0099910453)
(0.500828 -0.056612943 0.0092971947)
(0.5769147 -0.061835411 0.012260728)
(0.58266446 -0.067112546 0.012654139)
(0.58572531 -0.071146386 0.012042549)
(0.66611177 -0.077550345 0.015194735)
(0.67162431 -0.082928929 0.015764296)
(0.6749962 -0.087692491 0.014931063)
(0.75923846 -0.09477772 0.018432979)
(0.76487278 -0.10084521 0.018727052)
(0.76856108 -0.10597468 0.018188042)
(0.85622673 -0.11370971 0.021928536)
(0.8618238 -0.11993308 0.022351627)
(0.86579801 -0.12540321 0.021492189)
(0.95635928 -0.134052 0.025586577)
(0.96207069 -0.14061317 0.025726882)
(0.96614901 -0.14642492 0.025152698)
(1.0594417 -0.15572563 0.029475769)
(1.0650766 -0.16249968 0.029716172)
(1.0694359 -0.16875904 0.028999716)
(1.1649381 -0.17865621 0.033478511)
(1.1706432 -0.18557845 0.033506885)
(1.1752032 -0.19203345 0.032868736)
(1.2725646 -0.2026014 0.037670347)
(1.2782733 -0.20962963 0.037524466)
(1.2829341 -0.21635291 0.037026259)
(1.3818621 -0.22736666 0.041910626)
(1.3874097 -0.23443551 0.041601153)
(1.3924768 -0.24155081 0.041096205)
(1.4924326 -0.25281629 0.045982858)
(1.4983142 -0.26010645 0.045759243)
(1.5032187 -0.26719732 0.045421645)
(1.6037802 -0.27875178 0.050252185)
(1.6093709 -0.28593892 0.049983391)
(1.6145081 -0.29334088 0.049459617)
(1.7162362 -0.30512352 0.054308313)
(1.7220288 -0.31251503 0.054106657)
(1.7274026 -0.31976071 0.053741594)
(-0.0032390505 -0.0039176474 -0.0046773458)
(-0.003111752 -0.0043727093 0.00072634941)
(-0.0013853501 -0.0042222482 0.0032697125)
(0.014830127 -0.013198828 -0.0047365137)
(0.017794898 -0.010355421 -0.0010963192)
(0.017231397 -0.011815277 0.0024677039)
(0.033956755 -0.021137374 -0.0058449117)
(0.037202732 -0.02473531 -0.0011294504)
(0.038342424 -0.024794691 0.0029435376)
(0.065861022 -0.031922681 -0.0061794143)
(0.068424671 -0.030648688 -0.0023772285)
(0.070302962 -0.032277785 0.0014834363)
(0.10365868 -0.041280236 -0.0052674432)
(0.10777302 -0.044191232 -0.0012975048)
(0.10987515 -0.044453884 0.0020924616)
(0.15008004 -0.052859332 -0.0055312232)
(0.15360284 -0.054292216 -0.0022168635)
(0.15663235 -0.056423507 0.0012852241)
(0.20364042 -0.065632142 -0.0041233982)
(0.2080913 -0.067962474 -0.00039050595)
(0.21075315 -0.069672308 0.0022871029)
(0.2634705 -0.078514439 -0.003132955)
(0.26765574 -0.081643294 -0.00024091965)
(0.27129059 -0.084041243 0.0026146556)
(0.33025657 -0.093905879 -0.0015128017)
(0.33502705 -0.096941521 0.0013302993)
(0.33866882 -0.099745706 0.0038371727)
(0.40244612 -0.10967876 0.00022971207)
(0.40713343 -0.11343285 0.0028385097)
(0.41111186 -0.1170162 0.0053047282)
(0.48021468 -0.12703427 0.0023535609)
(0.48531134 -0.13152631 0.0048099522)
(0.48956141 -0.13514811 0.0068815117)
(0.56317512 -0.1460207 0.0049779012)
(0.56824405 -0.15058826 0.0070806732)
(0.57255556 -0.15504921 0.0089698893)
(0.65047185 -0.16581971 0.007541695)
(0.65558688 -0.17109803 0.009454302)
(0.66024449 -0.17583585 0.011341143)
(0.74217235 -0.18726188 0.010685673)
(0.7474286 -0.19266589 0.012458809)
(0.75221395 -0.19797067 0.013903707)
(0.83754934 -0.20961295 0.013924504)
(0.84281906 -0.21551064 0.015420336)
(0.84781165 -0.22116676 0.016750587)
(0.93637658 -0.23306462 0.017482236)
(0.94174216 -0.23929421 0.018730873)
(0.94675895 -0.24522199 0.019884582)
(1.0381632 -0.25755813 0.021138686)
(1.0435282 -0.26388434 0.022301801)
(1.0487802 -0.27031581 0.023179945)
(1.1425287 -0.28256044 0.024984609)
(1.1480702 -0.28949504 0.025865927)
(1.1533073 -0.29595215 0.026604662)
(1.2492164 -0.30861497 0.02906936)
(1.2546722 -0.31538481 0.02972476)
(1.2600096 -0.32221082 0.030275314)
(1.3574807 -0.33476707 0.033130276)
(1.3632916 -0.34195527 0.033551378)
(1.3685929 -0.34896341 0.034026616)
(1.4674557 -0.36133978 0.037268185)
(1.4731692 -0.36872432 0.037616623)
(1.478447 -0.37577082 0.03790034)
(1.5785461 -0.38827524 0.041647044)
(1.58421 -0.39568576 0.041700384)
(1.5897309 -0.40275561 0.04178778)
(1.6902913 -0.41506316 0.045882237)
(1.6959782 -0.42231375 0.045817716)
(1.7013963 -0.42975865 0.045575634)
)
;

boundaryField
{
    free
    {
        type            calculated;
    }
    bottom
    {
        type            calculated;
    }
    traction
    {
        type            calculated;
    }
}


// ************************************************************************* //
