/*--------------------------------*- C++ -*----------------------------------*\
  =========                 |
  \\      /  F ield         | OpenFOAM: The Open Source CFD Toolbox
   \\    /   O peration     | Website:  https://openfoam.org
    \\  /    A nd           | Version:  6
     \\/     M anipulation  |
\*---------------------------------------------------------------------------*/
FoamFile
{
    version     2.0;
    format      ascii;
    class       pointScalarField;
    location    "1.1998326";
    object      p;
}
// * * * * * * * * * * * * * * * * * * * * * * * * * * * * * * * * * * * * * //

dimensions      [1 -1 -2 0 0 0 0];

internalField   nonuniform List<scalar> 
625
(
844045.6
-1233514.8
10518.492
15401.228
1591644.4
-2636203
11603.317
-75.464369
689117.93
-65773.022
-64195.47
-12954.113
4156.8126
8364.4294
383348.95
398321.29
423573.91
409985.22
378214.01
381103.94
348645.97
332419.46
322563.19
296378.94
278720.46
249808.76
230685.43
207033.29
183402.01
161353.06
140042.05
114934.07
96252.951
76458.05
56050.558
38244.415
26349.511
-435996.82
-352547.19
-398444.72
-335456.51
-323899.82
-325261.56
-280567.67
-279600.89
-259133.61
-235939.24
-223901.25
-195881.07
-182568.9
-158317.35
-141607.63
-121084.69
-101172.37
-86477.841
-66824.126
-55367.08
-40260.661
-21398.392
-8090.4755
853188.37
-196948.07
-278219.82
-486415.03
-579877.12
-441892.72
-404417.22
-484662.15
-362429.39
-421980.59
-374456.34
-338170.35
-320545.9
-295071.01
-269265.07
-245731.63
-216539.2
-190873.54
-166460.57
-138583.33
-115316.26
-91904.097
-67252.722
-44266.874
-29110.313
-5794.6532
14542.733
-448.89935
-3033.2744
24961.265
30832.074
51469.918
66409.089
89480.149
110787.81
133513.06
158188.92
178302.26
207581.86
233319.62
264016.75
274391
305411.09
321550.44
349443.3
369242.9
369940.95
444663.89
377843.44
491707.81
412549.2
440867.64
906918.21
894717.04
843953.04
-1090515.4
-1545284.9
-1618904.9
20372.527
19778.521
21702.609
-3280.9007
4461.7829
-1522.8732
220022.45
270577.33
260386.79
242280.21
233631.08
225722.44
211161
202878.87
189384.14
172145.7
158574.37
150583.09
137046.93
121849.35
110324.28
93932.783
82450
69301.616
52485.855
40577.26
28253.948
17764.294
16039.658
-66829.334
-41245.767
-55445.022
-17596.536
-36593.476
-17420.841
-24623.767
-20058.129
-14322.02
-12951.289
-10259.839
-6290.571
-6956.928
-3268.1149
-846.65896
-774.29217
6319.1929
2636.4023
7226.6871
10099.271
9115.803
9215.5649
7061.1186
-315305.87
-206284.33
-250025.72
-187914.18
-231944.04
-187485.95
-198772.67
-172652.66
-157436.68
-150077.98
-134405.18
-123428.75
-109286.15
-94975.063
-82227.347
-68690.549
-55594.834
-47957.73
-31801.78
-27175.609
-16121.281
-10858.212
1247.8118
526852.89
551198.73
624190.46
-20760.233
-36416.116
-131691.75
-244573.47
-115249.57
-83754.296
-711887.31
-722952.3
-719105.66
-508620.11
-523003.86
-567126.9
-448600.3
-448108.82
-486748.19
-386411.34
-380085.89
-407163.2
-373612.74
-382045.17
-410919.61
-345610.72
-340118.93
-356116.58
-336243.48
-336190.58
-334125.28
-312360.15
-303159.51
-325056.36
-291583.3
-289527.73
-305069.63
-268464
-265095.34
-281459.26
-243667.58
-244821.21
-261311.25
-229829.57
-221903.66
-233596.46
-200654.19
-201931.98
-213548.04
-183158.5
-177057.01
-191179.06
-157233.1
-155175.95
-166481.5
-136010.05
-133368.43
-143380.7
-113944.9
-111797.75
-119390.35
-89274.652
-91140.013
-96426.422
-71931.589
-71638.48
-76092.102
-52393.731
-53345.273
-55531.05
-33161.837
-33768.981
-34431.827
-19152.57
-19708.401
-21933.982
-8404.1486
-5201.1095
-5979.4004
-13215.302
-16224.571
-15541.293
8388.4347
3274.8008
4407.3653
13055.191
15106.158
15182.905
477624.64
455481.36
499773.55
498032.73
399396.92
456751.66
478695.58
430947.26
461838.81
440905.07
388534.09
423072.79
430502.25
392487.04
402760.97
402612.37
360540.3
379379.04
388416.83
348336.91
359752.82
363328.36
322082.52
341118.14
344307.14
306118.87
318209.72
311048.18
285171.43
297300.03
289280.28
268187.2
275214.27
273286.11
243928.42
239454.11
243461.96
218928.01
223304.4
221616.94
197756.55
204343.06
194960.72
175319.06
178879.88
170732.81
152389
155034.81
141465.74
129754.12
133182.1
119433.45
110502.62
110025.14
95387.359
88873.556
87990.436
72918.849
67988.241
67947.07
51106.793
50268.943
48594.373
35457.1
35873.15
32429.536
26178.653
29196.918
27124.436
194712.96
274556.45
220336.87
254157.81
235387.23
224021.79
223609.13
200337.35
191931.42
172545.4
159530.22
147305.98
139170
117346.67
106940.45
92848.648
78120.575
66551.973
53840.442
44710.498
30850.807
24499.006
14654.78
-72574.364
3084.4897
1827.6007
12925.003
33599.557
24179.365
22075.416
28789.288
21891.261
24667.815
21721.397
25776.967
17091.317
18581.566
20110.117
16252.098
16132.639
16049.254
13719.446
11976.603
11249.683
9787.0108
10694.674
-226056.92
-168171.27
-270181.46
-222625.06
-228305.58
-241505.32
-209607.08
-204835.65
-191843.97
-178835.81
-163724.69
-155597.34
-139964.85
-125242.31
-110863.72
-97287.393
-83309.587
-68451.714
-54976.114
-44336.458
-29489.902
-14045.649
-11470.22
324725.3
359080.29
308738.22
260873.67
334978.49
283854.4
223777.11
241792.91
252331.7
209957.42
253335.89
217054.93
216446.37
211964.65
215532.86
204282.95
213456.87
209674.13
178630.88
195474.09
192609.53
185436.87
190299.18
183970.93
157223.87
177103.4
169198.88
159028.43
163035.3
163311.47
147926.84
159961.87
141853.76
130775.87
128813.78
136883.29
119654.38
126168.85
124949.48
107727.22
113725.96
109362.92
95709.388
98505.599
94557.767
83863.691
85379.708
85896.241
71536.359
74649.568
71707.392
64586.108
59938.022
60446.38
48364.214
48330.232
48272.965
40488.666
39716.338
37626.291
28021.427
27921.144
28328.424
21400.461
19945.829
17274.627
371.85371
7021.2202
7327.6175
-61653.964
-102123.3
-55415.546
-2396.9113
-4501.2025
-29382.961
1937.4393
-19940.554
-29117.87
-8505.8462
-2784.2157
-34148.544
17877.865
3275.9322
-10678.447
-6974.1622
4991.7951
-18094.079
17622.696
13972.288
-11421.767
5861.3726
11768.851
-13004.269
13836.891
11475.187
-6948.0048
12721.976
21173.917
-7720.0229
17857.597
9486.6638
-8285.1271
14902.328
14145.948
-570.67978
14796.516
19991.13
743.87236
17319.886
17101.657
-384.14763
14417.119
18791.664
1646.9526
17088.021
17935.141
4753.3985
12718.332
18998.306
3961.251
13930.948
16586.568
4170.5162
12109.656
13861.062
8299.0129
10351.041
15064.453
8458.5433
10478.356
11437.961
8611.7001
10459.026
12129.307
6821.7634
11660.894
10983.227
9383.1096
-260635.03
-340628.01
-292629.3
-224998.96
-194019.91
-236278.11
-205210.28
-294973.03
-256341.4
-258448.23
-220610.42
-273292.89
-209248.04
-251703.12
-238354.02
-199667.17
-222187.25
-240469.61
-191843.66
-215157.08
-231334.71
-173046.48
-212671.3
-212141.45
-169057.13
-184835.07
-201011.13
-155690.18
-181700.26
-189396.29
-140020.26
-162716.31
-171801.01
-128341.97
-147978.15
-156457.4
-111114.66
-138594.62
-142289.34
-101316.99
-120719.22
-127646.61
-86784.379
-107119.75
-112763.82
-76004.235
-91911.841
-97748.252
-62893.322
-77632.384
-83201.041
-49406.268
-64059.542
-68592.3
-39684.179
-50101.396
-52210.658
-28987.267
-37152.123
-39583.974
-22742.821
-26385.343
-30264.594
-6439.186
-12312.636
-12608.253
-3462.4214
-7790.4942
-5802.2965
)
;

boundaryField
{
    free
    {
        type            calculated;
    }
    bottom
    {
        type            calculated;
    }
    traction
    {
        type            calculated;
    }
}


// ************************************************************************* //
