/*--------------------------------*- C++ -*----------------------------------*\
  =========                 |
  \\      /  F ield         | OpenFOAM: The Open Source CFD Toolbox
   \\    /   O peration     | Website:  https://openfoam.org
    \\  /    A nd           | Version:  6
     \\/     M anipulation  |
\*---------------------------------------------------------------------------*/
FoamFile
{
    version     2.0;
    format      ascii;
    class       pointVectorField;
    location    "2.20017504784911";
    object      u;
}
// * * * * * * * * * * * * * * * * * * * * * * * * * * * * * * * * * * * * * //

dimensions      [0 1 0 0 0 0 0];

internalField   nonuniform List<vector> 
625
(
(0 0 0)
(0 0 0)
(1.2342372 0.005837946 -0.035240867)
(1.1837825 -0.3073372 -0.041632872)
(0 0 0)
(0 0 0)
(1.1930509 -0.30045828 -0.042577524)
(1.2432946 0.012293791 -0.035532318)
(0 0 0)
(0 0 0)
(0 0 0)
(1.2210988 -0.073284388 -0.037777748)
(1.2081709 -0.1503559 -0.038513638)
(1.1961374 -0.22779777 -0.040296785)
(0.0014699209 0.0092748224 0.0092056838)
(0.0075444709 0.019415304 0.0099246841)
(0.020105212 0.029758437 0.010248075)
(0.038281564 0.039659056 0.0098079176)
(0.061586664 0.04862901 0.0091134987)
(0.090609064 0.057287588 0.0082023283)
(0.12423227 0.064546509 0.0069699977)
(0.16284249 0.071186658 0.0056966992)
(0.20618785 0.076476789 0.0041599795)
(0.25389633 0.080630717 0.0023734358)
(0.30584411 0.083655602 0.00047441583)
(0.36178674 0.085212365 -0.0018838443)
(0.42142888 0.085650714 -0.0040961671)
(0.48449987 0.084562338 -0.0066444804)
(0.55069916 0.082272367 -0.0092410486)
(0.61977758 0.078419274 -0.01199797)
(0.69129166 0.073590913 -0.014842327)
(0.76501137 0.067204592 -0.017645096)
(0.84071177 0.059565857 -0.020659089)
(0.9176577 0.05088485 -0.023512355)
(0.99594573 0.041065808 -0.026454586)
(1.0748544 0.030582628 -0.029343407)
(1.1539816 0.018685139 -0.031885264)
(-0.0015811459 -0.0085329849 -0.011375686)
(0.0063676601 -0.017870816 -0.010305857)
(0.017325361 -0.029006906 -0.012322268)
(0.034577229 -0.039828243 -0.012251439)
(0.055886629 -0.050500129 -0.01312747)
(0.083082894 -0.062158977 -0.013833319)
(0.11389786 -0.073358258 -0.014895861)
(0.15016693 -0.085278167 -0.015788408)
(0.1903799 -0.097634729 -0.017163133)
(0.23505519 -0.1099897 -0.01838019)
(0.28372971 -0.12308778 -0.019909118)
(0.3364262 -0.13635765 -0.02125467)
(0.3928082 -0.15012473 -0.02289428)
(0.45258274 -0.16411428 -0.024531268)
(0.5156989 -0.17843815 -0.026229901)
(0.58173442 -0.19291723 -0.027971984)
(0.65058382 -0.20762267 -0.029696961)
(0.72174913 -0.22250245 -0.031585229)
(0.79527564 -0.23716216 -0.033213367)
(0.87037157 -0.25182973 -0.035033687)
(0.94720178 -0.26632609 -0.036676519)
(1.0251278 -0.28035877 -0.038493576)
(1.1039509 -0.29400783 -0.040318056)
(0 0 0)
(0 0 0)
(0 0 0)
(0.0013426406 -0.0047618716 0.0075718866)
(0.0080663974 -0.020574947 0.0089087178)
(0.020041233 -0.026136395 0.0070326452)
(0.037437953 -0.037745091 0.0056629099)
(0.060404007 -0.048921833 0.0051704232)
(0.087055981 -0.05813571 0.0027415581)
(0.11924613 -0.070289111 0.0019549197)
(0.15562374 -0.08118197 -3.7802091e-05)
(0.19638188 -0.092924084 -0.0018715321)
(0.24153609 -0.10505894 -0.0039069227)
(0.29067792 -0.1176546 -0.0061818339)
(0.34364563 -0.13054147 -0.0083162779)
(0.40037275 -0.14404113 -0.010900681)
(0.46048703 -0.15773267 -0.013467833)
(0.52382584 -0.17185467 -0.016177052)
(0.59010585 -0.1862425 -0.018934434)
(0.65908613 -0.20081454 -0.021801764)
(0.73048066 -0.21553023 -0.024688132)
(0.80396395 -0.23026307 -0.027599772)
(0.8793428 -0.2449214 -0.03056364)
(0.95612703 -0.25946376 -0.033489633)
(1.0343151 -0.27346059 -0.036448625)
(1.1129741 -0.28740705 -0.039313372)
(1.2055585 -0.22107106 -0.040876194)
(1.2171546 -0.14383187 -0.038745761)
(1.2300575 -0.067166362 -0.036490001)
(1.163307 0.025254812 -0.034311797)
(1.0836567 0.036923728 -0.032441203)
(1.0048817 0.047469735 -0.030619701)
(0.92642139 0.057518709 -0.028998883)
(0.84933269 0.066174586 -0.027189259)
(0.77367512 0.073710543 -0.025488149)
(0.69986275 0.079948776 -0.023654686)
(0.6282111 0.084881365 -0.021941111)
(0.5590137 0.088398974 -0.020179141)
(0.49265835 0.090566932 -0.018491556)
(0.42938713 0.091268485 -0.016896476)
(0.36938564 0.090681006 -0.015554771)
(0.31329631 0.088637705 -0.013903191)
(0.26096247 0.085223016 -0.012738842)
(0.21283381 0.080649066 -0.011646236)
(0.16909153 0.074811208 -0.010695463)
(0.12997954 0.068023638 -0.010036777)
(0.095472315 0.060008863 -0.0092657562)
(0.066689894 0.051120162 -0.0090547821)
(0.042159653 0.041124776 -0.0084085292)
(0.023413557 0.031393142 -0.0090796757)
(0.0099361192 0.019975919 -0.0084613905)
(0.0055370787 0.0096399039 -0.006292747)
(0 0 0)
(0 0 0)
(0 0 0)
(0 0 0)
(0 0 0)
(0 0 0)
(1.185991 -0.30597479 -0.042226351)
(1.1884778 -0.30444603 -0.04193798)
(1.190572 -0.30283489 -0.04230244)
(1.2370675 0.0079528317 -0.035283477)
(1.23924 0.0093835736 -0.035440888)
(1.2416066 0.011248508 -0.035598639)
(-0.0027519915 0.0055808522 0.0062957308)
(0.0038582941 0.010638838 0.005038034)
(0.015755848 0.015822611 0.0051322411)
(0.033665323 0.020412833 0.0045028083)
(0.056677131 0.024606255 0.0037701601)
(0.085095115 0.028188298 0.0028598196)
(0.11835091 0.030778522 0.0017632349)
(0.15646869 0.032773428 0.00047603142)
(0.19913944 0.033573121 -0.0010311339)
(0.24617766 0.033635176 -0.0026978931)
(0.29739432 0.032555883 -0.004560969)
(0.3528183 0.030371866 -0.0065689558)
(0.41175367 0.027150265 -0.0087305088)
(0.47421897 0.022772938 -0.011070154)
(0.53980796 0.017344058 -0.01342407)
(0.60834162 0.01080779 -0.016023702)
(0.67930725 0.0032849525 -0.018479765)
(0.75272061 -0.0051694801 -0.02123428)
(0.82807456 -0.014726557 -0.02386625)
(0.90475501 -0.025018244 -0.026453455)
(0.98293002 -0.036034781 -0.029226972)
(1.06175 -0.047649555 -0.031878791)
(1.141285 -0.060554179 -0.034444385)
(-0.00468812 0.00090384496 -0.00016473454)
(0.0026690402 0.00035989969 -0.00098452244)
(0.014453999 0.00082085152 -0.00096863454)
(0.031752501 0.00043769897 -0.0015605253)
(0.054685819 -0.00066360687 -0.0021678985)
(0.082504165 -0.0018579209 -0.0029970346)
(0.1151129 -0.0038975446 -0.004066814)
(0.15262356 -0.0065168478 -0.0052648958)
(0.19448928 -0.0098903781 -0.006673389)
(0.24098531 -0.014053531 -0.0080679624)
(0.29139769 -0.018973457 -0.0099574402)
(0.34596991 -0.024928017 -0.011630173)
(0.40411973 -0.031577798 -0.013649176)
(0.46582848 -0.039106702 -0.015672903)
(0.53068584 -0.047471887 -0.017817606)
(0.5984976 -0.056639206 -0.02009225)
(0.66896061 -0.06657012 -0.022246472)
(0.74169389 -0.077058089 -0.024749526)
(0.81633099 -0.08831618 -0.026877604)
(0.89262625 -0.10004603 -0.029224537)
(0.97053273 -0.11224977 -0.031682137)
(1.0492722 -0.12493013 -0.03383464)
(1.1290862 -0.13767476 -0.036290192)
(-0.0049273284 -0.0042878549 -0.0047037855)
(0.0028413868 -0.0085319437 -0.0049491158)
(0.013814439 -0.013310494 -0.0058910672)
(0.03143339 -0.018798676 -0.0063575657)
(0.053646786 -0.024918789 -0.0072403797)
(0.080816776 -0.030760128 -0.008079924)
(0.11307996 -0.037744808 -0.0091304099)
(0.14970917 -0.044760777 -0.01026277)
(0.19105863 -0.052532142 -0.011562742)
(0.2365537 -0.0609634 -0.012997225)
(0.28634896 -0.069762664 -0.014629087)
(0.34008381 -0.07942627 -0.016245457)
(0.39744203 -0.089558423 -0.018074282)
(0.45836208 -0.10033619 -0.019929614)
(0.5224157 -0.11166939 -0.021885725)
(0.58955752 -0.12355807 -0.023879932)
(0.65915462 -0.13581102 -0.025937117)
(0.73137934 -0.14848609 -0.028001321)
(0.80553203 -0.16152376 -0.030065246)
(0.88164555 -0.17473708 -0.032258495)
(0.95907112 -0.18827426 -0.034291816)
(1.0374955 -0.20150914 -0.036363217)
(1.1167594 -0.21483942 -0.038369685)
(0 0 0)
(0 0 0)
(0 0 0)
(0 0 0)
(0 0 0)
(0 0 0)
(0 0 0)
(0 0 0)
(0 0 0)
(0.0028400221 -0.0031541298 -0.0046393546)
(0.00389085 -0.0043069238 -0.0014277972)
(0.0036190661 -0.0034106815 0.0025507629)
(0.011359079 -0.019597614 -0.0058494249)
(0.011982161 -0.01982162 -0.0015233229)
(0.012220549 -0.019111632 0.0040495017)
(0.021989414 -0.028201512 -0.0069314949)
(0.0236553 -0.027225648 -0.0023467871)
(0.023824285 -0.027747305 0.0031036621)
(0.039073 -0.039634638 -0.0071371056)
(0.040880018 -0.039611532 -0.002883937)
(0.04027372 -0.038232845 0.0018167727)
(0.061116291 -0.050759564 -0.0082642625)
(0.062561945 -0.049867586 -0.0042930696)
(0.063072467 -0.049951205 0.00095374433)
(0.087358565 -0.061685976 -0.0092806236)
(0.08953933 -0.060958157 -0.0047532715)
(0.089815858 -0.060022429 -0.00067157243)
(0.11895607 -0.073215938 -0.010173528)
(0.12100917 -0.072741341 -0.0065921873)
(0.12110881 -0.071088871 -0.0016733285)
(0.1548087 -0.085078399 -0.011614926)
(0.15681581 -0.083677167 -0.0077136158)
(0.1576126 -0.083158451 -0.0034278212)
(0.19507107 -0.096993958 -0.012903001)
(0.19740232 -0.096229842 -0.0093220614)
(0.19807326 -0.09483388 -0.005157494)
(0.23970951 -0.10956911 -0.014441177)
(0.24197887 -0.10840302 -0.010995795)
(0.24287488 -0.10708949 -0.0070100652)
(0.28823233 -0.12240639 -0.016151331)
(0.29079259 -0.12126202 -0.012695227)
(0.29180688 -0.11982984 -0.0091479317)
(0.34101659 -0.13594733 -0.017754691)
(0.34332731 -0.13430109 -0.014851506)
(0.34447567 -0.13271122 -0.011066314)
(0.39712171 -0.1492699 -0.019629847)
(0.39961133 -0.14792157 -0.016677944)
(0.40088481 -0.14645841 -0.013495068)
(0.45688053 -0.16340331 -0.021482403)
(0.4593679 -0.16187942 -0.018878522)
(0.46078154 -0.16019523 -0.015864354)
(0.51978609 -0.17756283 -0.023481223)
(0.5223019 -0.17601344 -0.021078758)
(0.52380651 -0.17429573 -0.018342585)
(0.58570815 -0.19208075 -0.025484733)
(0.58820896 -0.19043871 -0.023335398)
(0.58984088 -0.18870886 -0.020887921)
(0.65427102 -0.2066665 -0.027552562)
(0.65681119 -0.20501407 -0.025686481)
(0.65852225 -0.20328275 -0.023516472)
(0.72530194 -0.22119823 -0.029638232)
(0.727854 -0.21973201 -0.02802951)
(0.72965893 -0.21793842 -0.02615476)
(0.79847967 -0.23607319 -0.031654854)
(0.8010245 -0.23437515 -0.030371279)
(0.80286727 -0.23261532 -0.028810695)
(0.87352313 -0.25048466 -0.033808269)
(0.87600665 -0.24895424 -0.032748432)
(0.87795179 -0.24721569 -0.031527463)
(0.95008018 -0.26497966 -0.035876175)
(0.9525069 -0.26337641 -0.035030042)
(0.95453245 -0.26155769 -0.034181388)
(1.0278436 -0.27892305 -0.037981123)
(1.0302723 -0.27735079 -0.037440365)
(1.0323919 -0.27575399 -0.036937644)
(1.1064211 -0.292786 -0.040063857)
(1.1087306 -0.29108354 -0.039859116)
(1.1110071 -0.28934089 -0.039561506)
(1.2239921 -0.071347766 -0.037077895)
(1.2261895 -0.069680698 -0.037038035)
(1.2284579 -0.068092853 -0.036901929)
(1.21033 -0.14877266 -0.038499324)
(1.2130171 -0.14718252 -0.038718384)
(1.2148864 -0.14557419 -0.038827785)
(1.1986117 -0.22652961 -0.040462977)
(1.201145 -0.22491886 -0.040535823)
(1.2031651 -0.22305759 -0.040564088)
(0.0058535792 0.0077051189 0.0049346481)
(0.006727951 0.0084236193 0.0015175387)
(0.0075644854 0.0087962092 -0.0017036222)
(0.012530749 0.018477468 0.0051227754)
(0.013193029 0.01921353 0.0012081872)
(0.013604193 0.019271437 -0.0044284848)
(0.025126181 0.029562713 0.0057498565)
(0.02616762 0.030296715 0.00091075973)
(0.026952785 0.03112795 -0.0041351906)
(0.042866415 0.039377698 0.0051436269)
(0.044855209 0.039964946 0.00068667788)
(0.045169672 0.04060374 -0.0043964304)
(0.066807969 0.048873006 0.0045696237)
(0.068428696 0.049755099 0.00030023735)
(0.06891177 0.050913506 -0.0046054296)
(0.095186295 0.057569284 0.0038334416)
(0.097331812 0.057996249 -0.00035203244)
(0.098234956 0.059001259 -0.0052227287)
(0.12926438 0.064892443 0.002738293)
(0.13126474 0.065948197 -0.0011534587)
(0.13216515 0.066864546 -0.0060091505)
(0.16783206 0.071421817 0.0015592583)
(0.16985246 0.072492299 -0.0022921589)
(0.17101565 0.073674172 -0.006877868)
(0.21105296 0.076920445 0.00018123448)
(0.21329988 0.078114066 -0.0035830516)
(0.21452479 0.079315231 -0.0079349136)
(0.25872749 0.081164722 -0.001405272)
(0.26104017 0.082460926 -0.0050354979)
(0.26233008 0.083771463 -0.0092165504)
(0.31044845 0.084452314 -0.0030651854)
(0.31307951 0.08563001 -0.0068334266)
(0.3144964 0.086887753 -0.010487852)
(0.36655449 0.08607109 -0.005305844)
(0.3688348 0.087393328 -0.0082089521)
(0.37029057 0.088918315 -0.012471502)
(0.42599974 0.086492658 -0.0073436213)
(0.42842554 0.08791468 -0.010481664)
(0.43001489 0.089623926 -0.013932523)
(0.4889775 0.085607948 -0.0096857608)
(0.49140091 0.087088947 -0.012433389)
(0.49310769 0.088673495 -0.015764243)
(0.55503179 0.083353685 -0.012039375)
(0.55747165 0.084896475 -0.014645518)
(0.55920527 0.086510293 -0.017682006)
(0.62394467 0.07975937 -0.014589796)
(0.62635368 0.0812462 -0.016894901)
(0.62815775 0.082971876 -0.01967554)
(0.6953137 0.074758592 -0.017085511)
(0.69765326 0.07645862 -0.019196212)
(0.69958111 0.078061061 -0.021649862)
(0.76870847 0.06860192 -0.01976487)
(0.77127533 0.070114592 -0.021549112)
(0.77313031 0.071838967 -0.023753923)
(0.84422675 0.061146515 -0.022396629)
(0.8465641 0.062704072 -0.023896742)
(0.84850768 0.064429615 -0.025732815)
(0.92095976 0.052477131 -0.024985562)
(0.9233889 0.054165336 -0.026273815)
(0.92537267 0.055768941 -0.027826535)
(0.99907349 0.042903936 -0.027660028)
(1.0014556 0.044273068 -0.02870933)
(1.0033736 0.046076732 -0.029708347)
(1.0776861 0.0319653 -0.03024981)
(1.080092 0.033650206 -0.030885688)
(1.0821829 0.035370294 -0.031692868)
(1.1572402 0.020810527 -0.032529604)
(1.1593575 0.022188588 -0.033165422)
(1.1616938 0.02383464 -0.033525608)
(-0.00026519384 0.0032640381 -0.0043423329)
(0.0064029675 0.0133864 -0.0052986504)
(0.018604771 0.016421397 -0.0044071053)
(0.03759178 0.022463242 -0.0052587947)
(0.061249788 0.027042506 -0.0057999342)
(0.090171804 0.030944865 -0.0061144038)
(0.12392006 0.034233739 -0.0071409514)
(0.16247809 0.036561272 -0.0080724755)
(0.20566193 0.037960625 -0.0092624456)
(0.25308505 0.038348869 -0.010524559)
(0.30487099 0.037775682 -0.012121475)
(0.3602912 0.036025885 -0.013600855)
(0.41954168 0.032951618 -0.015439635)
(0.48226246 0.028885322 -0.017152743)
(0.54802502 0.023719576 -0.019159763)
(0.61666141 0.017315238 -0.021069713)
(0.68783883 0.0098675028 -0.02310647)
(0.7612383 0.001371427 -0.025143398)
(0.83652902 -0.0080633317 -0.027181027)
(0.91343214 -0.018498207 -0.029262221)
(0.9915732 -0.029648259 -0.031262941)
(1.070496 -0.041474687 -0.033220726)
(1.1502569 -0.054180522 -0.035065567)
(-0.0038049715 0.0020771817 -6.1347228e-05)
(0.0044079147 0.003076819 -0.00049273443)
(0.016988436 0.0018842214 -0.00072177832)
(0.035960835 0.0026646488 -0.0016200413)
(0.058707506 0.0022622159 -0.00240659)
(0.087527666 0.0011588126 -0.0031940991)
(0.1204916 -0.0001748073 -0.0042901348)
(0.15856883 -0.0023523621 -0.0055224261)
(0.20096604 -0.0052681912 -0.0069545382)
(0.24778868 -0.0089232844 -0.008469048)
(0.29870048 -0.013624786 -0.010228454)
(0.35350597 -0.018936569 -0.012052278)
(0.41199594 -0.02550028 -0.013977234)
(0.47399639 -0.032610615 -0.016112577)
(0.53906048 -0.040856858 -0.01827016)
(0.6070973 -0.049868514 -0.020497444)
(0.67763798 -0.05965799 -0.022794878)
(0.75053225 -0.070231267 -0.025125864)
(0.82536289 -0.081451616 -0.027432548)
(0.90186488 -0.093295896 -0.029817882)
(0.97980833 -0.10541934 -0.03202226)
(1.0584415 -0.11819793 -0.034419627)
(1.1386639 -0.13121423 -0.036717877)
(-0.0042653211 -0.0032750399 0.0035241594)
(0.005455364 -0.0053498521 0.0025515931)
(0.017323526 -0.013036727 0.0039844333)
(0.034897775 -0.014976247 0.001792912)
(0.05796116 -0.021765211 0.0017021747)
(0.08606223 -0.027318448 0.00022189201)
(0.11836561 -0.033287068 -0.0009610009)
(0.15582291 -0.040065791 -0.0025112862)
(0.19753779 -0.047437142 -0.0040831313)
(0.24354741 -0.055325086 -0.0058904659)
(0.29373434 -0.06388844 -0.0078998478)
(0.34764664 -0.073233598 -0.0098768755)
(0.40542783 -0.082964084 -0.012193628)
(0.46658603 -0.093638478 -0.014497751)
(0.53087082 -0.10477039 -0.016929486)
(0.59813344 -0.11649542 -0.019448958)
(0.66801843 -0.12875885 -0.022020586)
(0.74024931 -0.14144898 -0.024641904)
(0.81452395 -0.15449046 -0.027285892)
(0.89058136 -0.16777893 -0.029929034)
(0.96795983 -0.18118549 -0.032569517)
(1.0466394 -0.19473045 -0.035364977)
(1.1258167 -0.20788212 -0.03780713)
(0.00064974041 0.0026568728 0.0029605901)
(0.00082442796 0.0031303572 0.0011598395)
(0.0017411445 0.0031772356 -0.00102882)
(0.0081002072 0.010812876 0.0024975627)
(0.0096411616 0.011186841 -0.00012443948)
(0.0094761602 0.011301563 -0.003247336)
(0.020472643 0.015596373 0.002361715)
(0.02153206 0.015531187 -0.00011915852)
(0.022109937 0.016437491 -0.0025167095)
(0.038278344 0.020458544 0.0017431557)
(0.040380548 0.02153459 -0.00066181687)
(0.040362815 0.02154133 -0.0030502513)
(0.061687862 0.024963392 0.0010741009)
(0.063354384 0.025411942 -0.0011857535)
(0.063990425 0.025973911 -0.0033399214)
(0.089961557 0.028255534 0.00019993623)
(0.091945758 0.029307097 -0.0018855441)
(0.09266454 0.029980008 -0.0044032508)
(0.1232464 0.031191055 -0.00068044587)
(0.12548689 0.032209475 -0.0030597351)
(0.12610955 0.032872418 -0.0050629781)
(0.1613045 0.03320701 -0.0020271803)
(0.16347059 0.034258656 -0.0040089924)
(0.16438526 0.035140211 -0.0062020107)
(0.20398538 0.03415496 -0.0033333305)
(0.20627078 0.035415558 -0.0053814196)
(0.20733928 0.036388482 -0.0074280907)
(0.25097255 0.03439084 -0.0049842277)
(0.25339188 0.035560206 -0.0068595227)
(0.25449734 0.036564269 -0.0087950433)
(0.30224832 0.033292191 -0.0067667782)
(0.30468191 0.034554653 -0.0084825671)
(0.30592944 0.035956325 -0.010304573)
(0.35742066 0.031270848 -0.0085940366)
(0.35996736 0.032725617 -0.010379105)
(0.36122309 0.033975174 -0.012158077)
(0.41629664 0.028118032 -0.010663264)
(0.41873764 0.029591609 -0.012298716)
(0.42023047 0.031054763 -0.013899337)
(0.47859337 0.023877412 -0.01283909)
(0.48112101 0.025462244 -0.014319661)
(0.48266598 0.026839548 -0.015875534)
(0.54405339 0.01855357 -0.015118267)
(0.54655702 0.020080468 -0.016486635)
(0.54818562 0.021665491 -0.017893289)
(0.61238673 0.012110245 -0.017447458)
(0.61489613 0.013759879 -0.018740259)
(0.61659198 0.015296827 -0.019980049)
(0.68330755 0.0047105194 -0.019996458)
(0.68569706 0.0062868201 -0.020989911)
(0.68751363 0.0078844468 -0.022146349)
(0.75625833 -0.003730605 -0.022302213)
(0.75886652 -0.0022346002 -0.023351774)
(0.76067054 -0.00054704673 -0.024289023)
(0.83141083 -0.013188694 -0.024839614)
(0.83384461 -0.011491726 -0.025643425)
(0.83570412 -0.0098732579 -0.026499427)
(0.90790728 -0.023329322 -0.02734839)
(0.91036959 -0.021819573 -0.027972461)
(0.91233181 -0.020180295 -0.028703395)
(0.98585063 -0.034331238 -0.029899987)
(0.9882955 -0.032883811 -0.03030649)
(0.99027897 -0.031178124 -0.030810948)
(1.0645526 -0.046132009 -0.03233707)
(1.0668976 -0.04443548 -0.032416292)
(1.0689395 -0.042828879 -0.032965919)
(1.1439197 -0.058616027 -0.03464748)
(1.1462049 -0.057033552 -0.034738284)
(1.1484586 -0.055472016 -0.034812999)
(-0.001871834 0.00031026204 -0.00041714458)
(-0.0012857451 0.0012987808 -0.0003637971)
(-0.00065769787 0.0010250991 0.00019177295)
(0.006335676 0.0010172655 -0.0013311921)
(0.0076636481 0.0014912359 -0.00095483912)
(0.0074994338 0.0016057669 -0.00099395932)
(0.018734356 0.00078514271 -0.0014714128)
(0.020282388 0.001203937 -0.000586457)
(0.02019868 0.0019280763 -0.00093793163)
(0.036284038 0.00046605245 -0.0020049778)
(0.038504505 0.0010780247 -0.001534903)
(0.038194776 0.0011765104 -0.0017541724)
(0.059267272 -0.00022607012 -0.0026187824)
(0.061259936 0.0002357725 -0.0018780882)
(0.061277915 0.0012718249 -0.0025937125)
(0.086884865 -0.0015503965 -0.0034680487)
(0.089408729 -0.00084046398 -0.0029895603)
(0.08940603 -0.00011400888 -0.0033395189)
(0.11975173 -0.0033352639 -0.004570045)
(0.12211329 -0.0027358271 -0.0039702672)
(0.12240593 -0.0016682191 -0.0043307665)
(0.15714673 -0.0059912361 -0.0057183247)
(0.15967298 -0.0051043905 -0.0051296446)
(0.16001646 -0.0039876781 -0.0056259485)
(0.19908004 -0.0092053123 -0.0070692008)
(0.2016408 -0.0083160263 -0.0066140581)
(0.20231597 -0.0071316564 -0.0069938921)
(0.24539911 -0.013258898 -0.0086250193)
(0.24814747 -0.012317287 -0.0080764147)
(0.24874667 -0.01085394 -0.0085410337)
(0.29599898 -0.018216592 -0.010225635)
(0.29848482 -0.017054945 -0.009843036)
(0.2994892 -0.015692757 -0.010299126)
(0.35033353 -0.023975203 -0.012048387)
(0.35307519 -0.022778318 -0.011715518)
(0.35404225 -0.021145527 -0.012050866)
(0.40848711 -0.030543812 -0.014046237)
(0.41115331 -0.029233283 -0.013635892)
(0.41225564 -0.027701246 -0.014025402)
(0.47003445 -0.038005104 -0.01606343)
(0.47274891 -0.036702688 -0.015733132)
(0.47397941 -0.034995962 -0.016091708)
(0.53480193 -0.04628573 -0.018200469)
(0.53744659 -0.044882344 -0.017869626)
(0.53884287 -0.043176451 -0.018288421)
(0.60244425 -0.055374457 -0.020411985)
(0.60514278 -0.05396059 -0.020180183)
(0.60655156 -0.052208197 -0.020492199)
(0.67268673 -0.065194301 -0.02266298)
(0.675284 -0.063770027 -0.022384706)
(0.6768982 -0.062008765 -0.022767841)
(0.74525203 -0.075760918 -0.024928572)
(0.74788322 -0.074275084 -0.024771154)
(0.74952981 -0.072493541 -0.025111641)
(0.81982845 -0.087043667 -0.027156967)
(0.82237503 -0.085426538 -0.027130923)
(0.82408851 -0.083648804 -0.027391105)
(0.89605604 -0.09864723 -0.029387151)
(0.89847591 -0.097051912 -0.029501543)
(0.90046589 -0.09540613 -0.029728455)
(0.97365688 -0.11085817 -0.031821905)
(0.97624748 -0.10918077 -0.031840326)
(0.978049 -0.10751776 -0.031969807)
(1.0521126 -0.12339796 -0.034009168)
(1.0544364 -0.12171717 -0.034082059)
(1.0564607 -0.12017581 -0.034384156)
(1.1316699 -0.13609417 -0.036426887)
(1.1342177 -0.13449755 -0.036450357)
(1.1362941 -0.13275988 -0.036623099)
(-0.0018540879 -0.0024265943 -0.0022992362)
(-0.0018313493 -0.002461285 0.00060420504)
(-0.0011260939 -0.0023262252 0.0017933543)
(0.0076569272 -0.007846646 -0.0026511611)
(0.008998708 -0.0061411257 -0.00048051468)
(0.0084158415 -0.006405546 0.0014857663)
(0.018648906 -0.012860048 -0.0035246633)
(0.02004137 -0.013395722 -0.00097023433)
(0.020182319 -0.013002989 0.0012834426)
(0.036531434 -0.018764956 -0.0041315859)
(0.037838599 -0.017364252 -0.0018568711)
(0.038194187 -0.017078256 0.00033367316)
(0.058637797 -0.024206423 -0.004899964)
(0.060395599 -0.023907564 -0.0025726174)
(0.060676977 -0.023062002 -0.00066029826)
(0.086034725 -0.03057291 -0.0059540144)
(0.087681423 -0.029630832 -0.0038646351)
(0.088409769 -0.028814739 -0.0017568475)
(0.11815241 -0.037282583 -0.0070172509)
(0.12005942 -0.036197032 -0.0047098004)
(0.12069335 -0.035293095 -0.0030121769)
(0.15481002 -0.044253868 -0.0082228638)
(0.15674451 -0.043275112 -0.0062725181)
(0.1576605 -0.042133038 -0.0044296385)
(0.19612037 -0.052066003 -0.009656169)
(0.19819799 -0.050816883 -0.0076733976)
(0.19917007 -0.049512001 -0.0059757571)
(0.24161885 -0.060298802 -0.011162701)
(0.24372097 -0.0589937 -0.009344954)
(0.24486444 -0.057717238 -0.007672435)
(0.29124337 -0.069089098 -0.012896071)
(0.29351807 -0.067891128 -0.011090647)
(0.29481352 -0.066259936 -0.0095906454)
(0.34489025 -0.078689914 -0.014612181)
(0.34714228 -0.07721741 -0.013006601)
(0.34849288 -0.075707776 -0.011565932)
(0.40211298 -0.088721346 -0.016586975)
(0.40442653 -0.087321671 -0.015066366)
(0.40592393 -0.085619454 -0.013658984)
(0.46287781 -0.09948306 -0.018558738)
(0.46519312 -0.097939475 -0.017119547)
(0.46681825 -0.096209697 -0.015938399)
(0.52680257 -0.11074955 -0.020654051)
(0.52913283 -0.10917976 -0.019393479)
(0.53089203 -0.10743342 -0.018262566)
(0.59368046 -0.12252197 -0.022774514)
(0.59604434 -0.12098185 -0.021637205)
(0.59784469 -0.11911217 -0.020642248)
(0.66321421 -0.13481798 -0.02500274)
(0.66552517 -0.13314488 -0.0239759)
(0.66749138 -0.131338 -0.02312365)
(0.73505782 -0.14738033 -0.027257747)
(0.73749111 -0.14589888 -0.026357317)
(0.73946785 -0.14396043 -0.025601291)
(0.80908866 -0.1604374 -0.029445668)
(0.81136594 -0.15876241 -0.028698527)
(0.81345465 -0.15690817 -0.028108115)
(0.88463105 -0.17354024 -0.031727244)
(0.88718303 -0.17196041 -0.03115231)
(0.8892693 -0.17012703 -0.030612201)
(0.96177165 -0.18681159 -0.033978423)
(0.96425158 -0.18531711 -0.033466139)
(0.96629482 -0.18347368 -0.033117935)
(1.0401063 -0.20023901 -0.036050888)
(1.0425508 -0.19868631 -0.035833049)
(1.0447799 -0.19676482 -0.035587649)
(1.1191238 -0.21343709 -0.03828947)
(1.1214876 -0.21168145 -0.038172612)
(1.1237192 -0.21009709 -0.038226658)
)
;

boundaryField
{
    free
    {
        type            calculated;
    }
    bottom
    {
        type            calculated;
    }
    traction
    {
        type            calculated;
    }
}


// ************************************************************************* //
